5 0.5962500000000001 0.09285714218749999 0.13 0.09285714218749999 0.13 0.648571428125 0.5962500000000001 0.648571428125 0.5962500000000001 0.09285714218749999
2 0.9875 0.0042857140624999995 0.005 0.0042857140624999995 0.005 0.9842857140625 0.9875 0.9842857140625 0.9875 0.0042857140624999995
4 0.93125 0.061428571875000004 0.7925 0.061428571875000004 0.7925 0.288571428125 0.93125 0.288571428125 0.93125 0.061428571875000004
4 0.735 0.5728571421875001 0.66125 0.5728571421875001 0.66125 0.6971428578125 0.735 0.6971428578125 0.735 0.5728571421875001
4 0.7887500000000001 0.42571428593749994 0.72375 0.42571428593749994 0.72375 0.5671428578125 0.7887500000000001 0.5671428578125 0.7887500000000001 0.42571428593749994
4 0.25 0.8357142859375 0.14750000000000002 0.8357142859375 0.14750000000000002 0.9342857140625 0.25 0.9342857140625 0.25 0.8357142859375
4 0.185 0.42714285781249994 0.005 0.42714285781249994 0.005 0.5928571421875 0.185 0.5928571421875 0.185 0.42714285781249994
4 0.15875 0.5957142859375 0.07875 0.5957142859375 0.07875 0.6557142859375 0.15875 0.6557142859375 0.15875 0.5957142859375
4 0.175 0.251428571875 0.013750000000000002 0.251428571875 0.013750000000000002 0.31 0.175 0.31 0.175 0.251428571875
4 0.4625 0.5685714281250001 0.34500000000000003 0.5685714281250001 0.34500000000000003 0.6157142859375 0.4625 0.6157142859375 0.4625 0.5685714281250001
4 0.485 0.5228571421875 0.43125 0.5228571421875 0.43125 0.5685714281250001 0.485 0.5685714281250001 0.485 0.5228571421875
4 0.58375 0.1757142859375 0.54125 0.1757142859375 0.54125 0.32142857187499996 0.58375 0.32142857187499996 0.58375 0.1757142859375
4 0.58375 0.3142857140625 0.51375 0.3142857140625 0.51375 0.45 0.58375 0.45 0.58375 0.3142857140625
4 0.54625 0.44142857187500006 0.48250000000000004 0.44142857187500006 0.48250000000000004 0.5128571421875 0.54625 0.5128571421875 0.54625 0.44142857187500006
4 0.2575 0.5057142859375 0.19 0.5057142859375 0.19 0.6028571421875 0.2575 0.6028571421875 0.2575 0.5057142859375
4 0.36875 0.8614285718750001 0.29 0.8614285718750001 0.29 0.921428571875 0.36875 0.921428571875 0.36875 0.8614285718750001
8 0.19125 0.751428571875 0.06375 0.751428571875 0.06375 0.8271428578125001 0.19125 0.8271428578125001 0.19125 0.751428571875
8 0.43125 0.8185714281250001 0.3275 0.8185714281250001 0.3275 0.8642857140625001 0.43125 0.8642857140625001 0.43125 0.8185714281250001
7 0.10500000000000001 0.051428571874999995 0.005 0.051428571874999995 0.005 0.22714285781250002 0.10500000000000001 0.22714285781250002 0.10500000000000001 0.051428571874999995
7 0.28375 0.921428571875 0.08249999999999999 0.921428571875 0.08249999999999999 0.9985714281250001 0.28375 0.9985714281250001 0.28375 0.921428571875
8 0.16875 0.93 0.095 0.93 0.095 0.988571428125 0.16875 0.988571428125 0.16875 0.93