8 0.15 0.9757142859375 0.11499999999999999 0.9757142859375 0.11499999999999999 0.9942857140625 0.15 0.9942857140625 0.15 0.9757142859375
6 0.17625 0.5742857140625001 0.00375 0.5742857140625001 0.00375 0.86 0.17625 0.86 0.17625 0.5742857140625001
4 0.8787499999999999 0.068571428125 0.8262499999999999 0.068571428125 0.8262499999999999 0.1528571421875 0.8787499999999999 0.1528571421875 0.8787499999999999 0.068571428125
5 0.4225 0.3471428578125 0.31875 0.3471428578125 0.31875 0.5028571421875 0.4225 0.5028571421875 0.4225 0.3471428578125
4 0.10375000000000001 0.798571428125 0.041249999999999995 0.798571428125 0.041249999999999995 0.8485714281250001 0.10375000000000001 0.8485714281250001 0.10375000000000001 0.798571428125
8 0.11625 0.8128571421874999 0.09625 0.8128571421874999 0.09625 0.8357142859375 0.11625 0.8357142859375 0.11625 0.8128571421874999
8 0.013750000000000002 0.6 0.00375 0.6 0.00375 0.6342857140625 0.013750000000000002 0.6342857140625 0.013750000000000002 0.6
1 0.34249999999999997 0.4557142859375 0.16625 0.4557142859375 0.16625 0.688571428125 0.34249999999999997 0.688571428125 0.34249999999999997 0.4557142859375
1 0.43375 0.4771428578125 0.34750000000000003 0.4771428578125 0.34750000000000003 0.5871428578125 0.43375 0.5871428578125 0.43375 0.4771428578125
4 0.95 0.0557142859375 0.8949999999999999 0.0557142859375 0.8949999999999999 0.1257142859375 0.95 0.1257142859375 0.95 0.0557142859375
4 0.16499999999999998 0.9485714281250001 0.10874999999999999 0.9485714281250001 0.10874999999999999 0.991428571875 0.16499999999999998 0.991428571875 0.16499999999999998 0.9485714281250001