5 0.41500000000000004 0.428571428125 0.28500000000000003 0.428571428125 0.28500000000000003 0.578571428125 0.41500000000000004 0.578571428125 0.41500000000000004 0.428571428125
8 0 0.6442857140625 0.01875 0.6442857140625 0.01875 0.5971428578125 0 0.5971428578125 0 0.6442857140625
8 0.22374999999999998 0.6142857140625 0.19624999999999998 0.6142857140625 0.19624999999999998 0.6371428578125 0.22374999999999998 0.6371428578125 0.22374999999999998 0.6142857140625
8 0.7787499999999999 0.1 0.7224999999999999 0.1 0.7224999999999999 0.191428571875 0.7787499999999999 0.191428571875 0.7787499999999999 0.1
5 0.41500000000000004 0.428571428125 0.28500000000000003 0.428571428125 0.28500000000000003 0.578571428125 0.41500000000000004 0.578571428125 0.41500000000000004 0.428571428125
8 0 0.6442857140625 0.01875 0.6442857140625 0.01875 0.5971428578125 0 0.5971428578125 0 0.6442857140625
6 0 0.8571428578125 0.27749999999999997 0.8571428578125 0.27749999999999997 0.5271428578124999 0 0.5271428578124999 0 0.8571428578125
8 0.18875 0.5599999999999999 0.1625 0.5599999999999999 0.1625 0.5957142859375 0.18875 0.5957142859375 0.18875 0.5599999999999999
4 0.45499999999999996 0.8357142859375 0.34625 0.8357142859375 0.34625 0.8642857140625001 0.45499999999999996 0.8642857140625001 0.45499999999999996 0.8357142859375
4 0.505 0.8042857140624999 0.42750000000000005 0.8042857140624999 0.42750000000000005 0.8428571421875001 0.505 0.8428571421875001 0.505 0.8042857140624999
4 0.60375 0.5542857140625 0.5662499999999999 0.5542857140625 0.5662499999999999 0.6128571421875 0.60375 0.6128571421875 0.60375 0.5542857140625
8 0.2225 0.6157142859375 0.1975 0.6157142859375 0.1975 0.65 0.2225 0.65 0.2225 0.6157142859375
1 0.47625 0.47428571406250003 0.13625 0.47428571406250003 0.13625 0.9971428578125 0.47625 0.9971428578125 0.47625 0.47428571406250003
4 0.85625 0.0528571421875 0.7575000000000001 0.0528571421875 0.7575000000000001 0.1757142859375 0.85625 0.1757142859375 0.85625 0.0528571421875
4 0.795 0.0871428578125 0.7162499999999999 0.0871428578125 0.7162499999999999 0.2728571421875 0.795 0.2728571421875 0.795 0.0871428578125
4 0.058750000000000004 0.8357142859375 0.0375 0.8357142859375 0.0375 0.86 0.058750000000000004 0.86 0.058750000000000004 0.8357142859375
4 0.01875 0.5357142859375 0.0025 0.5357142859375 0.0025 0.5728571421875001 0.01875 0.5728571421875001 0.01875 0.5357142859375