5 0.56375 0.0871428578125 0.15875 0.0871428578125 0.15875 0.5928571421875 0.56375 0.5928571421875 0.56375 0.0871428578125
7 0 0.24714285781249998 0.15875 0.24714285781249998 0.15875 0.008571428124999999 0 0.008571428124999999 0 0.24714285781249998
7 0.325 0.8957142859375 0.08625000000000001 0.8957142859375 0.08625000000000001 0.991428571875 0.325 0.991428571875 0.325 0.8957142859375
4 0.875 0.1328571421875 0.77625 0.1328571421875 0.77625 0.22714285781250002 0.875 0.22714285781250002 0.875 0.1328571421875
4 0.745 0.508571428125 0.6825 0.508571428125 0.6825 0.6614285718749999 0.745 0.6614285718749999 0.745 0.508571428125
4 0.51625 0.701428571875 0.38375 0.701428571875 0.38375 0.8257142859375 0.51625 0.8257142859375 0.51625 0.701428571875
4 0.39249999999999996 0.78 0.34875 0.78 0.34875 0.831428571875 0.39249999999999996 0.831428571875 0.39249999999999996 0.78
8 0.17625 0.7271428578125 0.0675 0.7271428578125 0.0675 0.788571428125 0.17625 0.788571428125 0.17625 0.7271428578125
8 0 0.7471428578125 0.0675 0.7471428578125 0.0675 0.6842857140625 0 0.6842857140625 0 0.7471428578125
2 0.99125 0.008571428124999999 0.69375 0.008571428124999999 0.69375 0.9857142859374999 0.99125 0.9857142859374999 0.99125 0.008571428124999999
2 0.99 0.6599999999999999 0.01875 0.6599999999999999 0.01875 0.9857142859374999 0.99 0.9857142859374999 0.99 0.6599999999999999