8 0.225 0.7428571421875 0.19875 0.7428571421875 0.19875 0.7828571421875 0.225 0.7828571421875 0.225 0.7428571421875
8 0.15625 0.771428571875 0.12875 0.771428571875 0.12875 0.8057142859375 0.15625 0.8057142859375 0.15625 0.771428571875
8 0 0.6457142859375 0.01875 0.6457142859375 0.01875 0.598571428125 0 0.598571428125 0 0.6457142859375
6 0.17875000000000002 0.5771428578125 0.00375 0.5771428578125 0.00375 0.868571428125 0.17875000000000002 0.868571428125 0.17875000000000002 0.5771428578125
4 0.8975 0.111428571875 0.85 0.111428571875 0.85 0.151428571875 0.8975 0.151428571875 0.8975 0.111428571875
8 0.0225 0.601428571875 0.0025 0.601428571875 0.0025 0.6442857140625 0.0225 0.6442857140625 0.0225 0.601428571875
1 0.5625 0.4957142859375 0.145 0.4957142859375 0.145 0.918571428125 0.5625 0.918571428125 0.5625 0.4957142859375
4 0.24 0.578571428125 0.1975 0.578571428125 0.1975 0.6357142859375 0.24 0.6357142859375 0.24 0.578571428125
4 0.32125 0.5928571421875 0.28625 0.5928571421875 0.28625 0.6371428578125 0.32125 0.6371428578125 0.32125 0.5928571421875
4 0.1875 0.641428571875 0.1525 0.641428571875 0.1525 0.701428571875 0.1875 0.701428571875 0.1875 0.641428571875
4 0.13874999999999998 0.781428571875 0.042499999999999996 0.781428571875 0.042499999999999996 0.871428571875 0.13874999999999998 0.871428571875 0.13874999999999998 0.781428571875
4 0.5875 0.20428571406249998 0.45625 0.20428571406249998 0.45625 0.3942857140625 0.5875 0.3942857140625 0.5875 0.20428571406249998
4 0.5525 0.7857142859375 0.042499999999999996 0.7857142859375 0.042499999999999996 0.9842857140625 0.5525 0.9842857140625 0.5525 0.7857142859375
4 0.9574999999999999 0.1442857140625 0.84375 0.1442857140625 0.84375 0.2257142859375 0.9574999999999999 0.2257142859375 0.9574999999999999 0.1442857140625
2 0.30874999999999997 0.5428571421874999 0.00625 0.5428571421874999 0.00625 0.8857142859374999 0.30874999999999997 0.8857142859374999 0.30874999999999997 0.5428571421874999