6 0.175 0.5771428578125 0.005 0.5771428578125 0.005 0.8585714281250001 0.175 0.8585714281250001 0.175 0.5771428578125
8 0.02 0.6 0.0025 0.6 0.0025 0.64 0.02 0.64 0.02 0.6
4 0.3975 0.8585714281250001 0.34500000000000003 0.8585714281250001 0.34500000000000003 0.9171428578124999 0.3975 0.9171428578124999 0.3975 0.8585714281250001
4 0.87375 0.5271428578124999 0.8474999999999999 0.5271428578124999 0.8474999999999999 0.6028571421875 0.87375 0.6028571421875 0.87375 0.5271428578124999
4 0.9625 0.6157142859375 0.9262499999999999 0.6157142859375 0.9262499999999999 0.6928571421874999 0.9625 0.6928571421874999 0.9625 0.6157142859375
5 0.42750000000000005 0.33142857187499997 0.325 0.33142857187499997 0.325 0.4842857140625 0.42750000000000005 0.4842857140625 0.42750000000000005 0.33142857187499997
8 0.017499999999999998 0.6 0.0025 0.6 0.0025 0.641428571875 0.017499999999999998 0.641428571875 0.017499999999999998 0.6
8 0.17250000000000001 0.9471428578125 0.10500000000000001 0.9471428578125 0.10500000000000001 0.9928571421875001 0.17250000000000001 0.9928571421875001 0.17250000000000001 0.9471428578125
4 0.12375 0.7942857140624999 0.07875 0.7942857140624999 0.07875 0.8328571421875001 0.12375 0.8328571421875001 0.12375 0.7942857140624999
1 0.34875 0.481428571875 0.1675 0.481428571875 0.1675 0.6757142859374999 0.34875 0.6757142859374999 0.34875 0.481428571875
4 0.85125 0.2142857140625 0.795 0.2142857140625 0.795 0.4728571421875 0.85125 0.4728571421875 0.85125 0.2142857140625
4 0.92875 0.0471428578125 0.845 0.0471428578125 0.845 0.1242857140625 0.92875 0.1242857140625 0.92875 0.0471428578125