5 0.5275000000000001 0.071428571875 0.22999999999999998 0.071428571875 0.22999999999999998 0.40142857187500003 0.5275000000000001 0.40142857187500003 0.5275000000000001 0.071428571875
2 0.9887499999999999 0.0028571421875 0.00125 0.0028571421875 0.00125 0.9842857140625 0.9887499999999999 0.9842857140625 0.9887499999999999 0.0028571421875
4 0.86 0.0557142859375 0.735 0.0557142859375 0.735 0.1757142859375 0.86 0.1757142859375 0.86 0.0557142859375
4 0.79875 0.191428571875 0.72 0.191428571875 0.72 0.3728571421875 0.79875 0.3728571421875 0.79875 0.191428571875
4 0.705 0.49000000000000005 0.5525 0.49000000000000005 0.5525 0.6 0.705 0.6 0.705 0.49000000000000005
4 0.10874999999999999 0.44428571406249995 0.005 0.44428571406249995 0.005 0.5471428578124999 0.10874999999999999 0.5471428578124999 0.10874999999999999 0.44428571406249995
4 0.25375000000000003 0.5471428578124999 0.05500000000000001 0.5471428578124999 0.05500000000000001 0.608571428125 0.25375000000000003 0.608571428125 0.25375000000000003 0.5471428578124999
4 0.5650000000000001 0.5328571421875 0.4725 0.5328571421875 0.4725 0.6342857140625 0.5650000000000001 0.6342857140625 0.5650000000000001 0.5328571421875
8 0.12 0.551428571875 0.00625 0.551428571875 0.00625 0.648571428125 0.12 0.648571428125 0.12 0.551428571875
8 0.32375 0.5942857140625 0.12250000000000001 0.5942857140625 0.12250000000000001 0.6728571421875 0.32375 0.6728571421875 0.32375 0.5942857140625
8 0.40625 0.5871428578125 0.3225 0.5871428578125 0.3225 0.671428571875 0.40625 0.671428571875 0.40625 0.5871428578125
8 0.5075000000000001 0.5728571421875001 0.40499999999999997 0.5728571421875001 0.40499999999999997 0.651428571875 0.5075000000000001 0.651428571875 0.5075000000000001 0.5728571421875001