5 0.4125 0.4328571421875 0.28250000000000003 0.4328571421875 0.28250000000000003 0.5828571421875 0.4125 0.5828571421875 0.4125 0.4328571421875
8 0.225 0.6142857140625 0.19624999999999998 0.6142857140625 0.19624999999999998 0.638571428125 0.225 0.638571428125 0.225 0.6142857140625
8 0.24 0.721428571875 0.20249999999999999 0.721428571875 0.20249999999999999 0.75 0.24 0.75 0.24 0.721428571875
5 0.4125 0.4328571421875 0.28250000000000003 0.4328571421875 0.28250000000000003 0.5828571421875 0.4125 0.5828571421875 0.4125 0.4328571421875
8 0 0.6457142859375 0.01875 0.6457142859375 0.01875 0.598571428125 0 0.598571428125 0 0.6457142859375
6 0 0.8585714281250001 0.27749999999999997 0.8585714281250001 0.27749999999999997 0.528571428125 0 0.528571428125 0 0.8585714281250001
8 0.19624999999999998 0.5557142859375 0.155 0.5557142859375 0.155 0.5957142859375 0.19624999999999998 0.5957142859375 0.19624999999999998 0.5557142859375
4 0.78625 0.1957142859375 0.7375 0.1957142859375 0.7375 0.28714285781250004 0.78625 0.28714285781250004 0.78625 0.1957142859375
8 0.22000000000000003 0.6128571421875 0.195 0.6128571421875 0.195 0.6471428578125 0.22000000000000003 0.6471428578125 0.22000000000000003 0.6128571421875
1 0.46624999999999994 0.4842857140625 0.13999999999999999 0.4842857140625 0.13999999999999999 0.9857142859374999 0.46624999999999994 0.9857142859374999 0.46624999999999994 0.4842857140625
4 0.38875000000000004 0.8214285718750001 0.32375 0.8214285718750001 0.32375 0.8742857140625 0.38875000000000004 0.8742857140625 0.38875000000000004 0.8214285718750001
4 0.31875 0.7842857140625 0.27749999999999997 0.7842857140625 0.27749999999999997 0.831428571875 0.31875 0.831428571875 0.31875 0.7842857140625
4 0.8550000000000001 0.358571428125 0.7925 0.358571428125 0.7925 0.42428571406250004 0.8550000000000001 0.42428571406250004 0.8550000000000001 0.358571428125
4 0.84375 0.041428571875 0.70125 0.041428571875 0.70125 0.1942857140625 0.84375 0.1942857140625 0.84375 0.041428571875