5 0.54 0.10714285781249999 0.215 0.10714285781249999 0.215 0.4328571421875 0.54 0.4328571421875 0.54 0.10714285781249999
2 0.9775 0.0057142859375 0.0125 0.0057142859375 0.0125 0.9942857140625 0.9775 0.9942857140625 0.9775 0.0057142859375
4 0.7975 0.20428571406249998 0.7150000000000001 0.20428571406249998 0.7150000000000001 0.361428571875 0.7975 0.361428571875 0.7975 0.20428571406249998
4 0.765 0.361428571875 0.7075 0.361428571875 0.7075 0.44142857187500006 0.765 0.44142857187500006 0.765 0.361428571875
4 0.8300000000000001 0.0871428578125 0.7575000000000001 0.0871428578125 0.7575000000000001 0.1542857140625 0.8300000000000001 0.1542857140625 0.8300000000000001 0.0871428578125
4 0.7175 0.4557142859375 0.55625 0.4557142859375 0.55625 0.6457142859375 0.7175 0.6457142859375 0.7175 0.4557142859375
4 0.43 0.3742857140625 0.34500000000000003 0.3742857140625 0.34500000000000003 0.42142857187500005 0.43 0.42142857187500005 0.43 0.3742857140625
4 0.52125 0.29428571406250004 0.43 0.29428571406250004 0.43 0.39714285781249997 0.52125 0.39714285781249997 0.52125 0.29428571406250004
4 0.20375000000000001 0.3357142859375 0.013750000000000002 0.3357142859375 0.013750000000000002 0.47000000000000003 0.20375000000000001 0.47000000000000003 0.20375000000000001 0.3357142859375
8 0.15625 0.5342857140625 0.00375 0.5342857140625 0.00375 0.6614285718749999 0.15625 0.6614285718749999 0.15625 0.5342857140625
8 0.32 0.6028571421875 0.155 0.6028571421875 0.155 0.668571428125 0.32 0.668571428125 0.32 0.6028571421875
8 0.40125 0.5871428578125 0.32 0.5871428578125 0.32 0.6671428578125 0.40125 0.6671428578125 0.40125 0.5871428578125
8 0.515 0.5685714281250001 0.4 0.5685714281250001 0.4 0.631428571875 0.515 0.631428571875 0.515 0.5685714281250001
4 0.55375 0.52 0.00125 0.52 0.00125 0.7057142859375001 0.55375 0.7057142859375001 0.55375 0.52