5 0.42874999999999996 0.45999999999999996 0.29874999999999996 0.45999999999999996 0.29874999999999996 0.61 0.42874999999999996 0.61 0.42874999999999996 0.45999999999999996
8 0.74 0.03 0.6525000000000001 0.03 0.6525000000000001 0.1442857140625 0.74 0.1442857140625 0.74 0.03
8 0.20375000000000001 0.44285714218749994 0.17250000000000001 0.44285714218749994 0.17250000000000001 0.4942857140625 0.20375000000000001 0.4942857140625 0.20375000000000001 0.44285714218749994
8 0.24375 0.7571428578125 0.18875 0.7571428578125 0.18875 0.771428571875 0.24375 0.771428571875 0.24375 0.7571428578125
6 0.2625 0.628571428125 0.00375 0.628571428125 0.00375 0.8485714281250001 0.2625 0.8485714281250001 0.2625 0.628571428125
4 0.31 0.29571428593750004 0.24375 0.29571428593750004 0.24375 0.35285714218750003 0.31 0.35285714218750003 0.31 0.29571428593750004
4 0.2575 0.3171428578125 0.19375 0.3171428578125 0.19375 0.3742857140625 0.2575 0.3742857140625 0.2575 0.3171428578125
4 0.17250000000000001 0.2971428578125 0.0975 0.2971428578125 0.0975 0.3657142859375 0.17250000000000001 0.3657142859375 0.17250000000000001 0.2971428578125
4 0.355 0.8728571421875 0.32 0.8728571421875 0.32 0.9314285718749999 0.355 0.9314285718749999 0.355 0.8728571421875
4 0.8625 0.001428571875 0.69875 0.001428571875 0.69875 0.2642857140625 0.8625 0.2642857140625 0.8625 0.001428571875
5 0.8574999999999999 0.6614285718749999 0.75 0.6614285718749999 0.75 0.9942857140625 0.8574999999999999 0.9942857140625 0.8574999999999999 0.6614285718749999
1 0.48250000000000004 0.3828571421875 0.034999999999999996 0.3828571421875 0.034999999999999996 0.971428571875 0.48250000000000004 0.971428571875 0.48250000000000004 0.3828571421875
4 0.15375 0.43 0.00375 0.43 0.00375 0.6528571421875 0.15375 0.6528571421875 0.15375 0.43
4 0.29125 0.3828571421875 0.14125000000000001 0.3828571421875 0.14125000000000001 0.6328571421875 0.29125 0.6328571421875 0.29125 0.3828571421875
4 0.32625000000000004 0.648571428125 0.20375000000000001 0.648571428125 0.20375000000000001 0.808571428125 0.32625000000000004 0.808571428125 0.32625000000000004 0.648571428125
4 0.305 0.7971428578124999 0.26125 0.7971428578124999 0.26125 0.8557142859375 0.305 0.8557142859375 0.305 0.7971428578124999
4 0.15375 0.7928571421874999 0.06375 0.7928571421874999 0.06375 0.8642857140625001 0.15375 0.8642857140625001 0.15375 0.7928571421874999
2 0.9949999999999999 0.0071428578125 0.6900000000000001 0.0071428578125 0.6900000000000001 0.99 0.9949999999999999 0.99 0.9949999999999999 0.0071428578125