2 0.9949999999999999 0.008571428124999999 0.01 0.008571428124999999 0.01 0.981428571875 0.9949999999999999 0.981428571875 0.9949999999999999 0.008571428124999999
5 0.54625 0.16857142812499998 0.20625 0.16857142812499998 0.20625 0.51 0.54625 0.51 0.54625 0.16857142812499998
4 0.44125 0.44714285781249996 0.29 0.44714285781249996 0.29 0.5042857140625 0.44125 0.5042857140625 0.44125 0.44714285781249996
4 0.5237499999999999 0.371428571875 0.43375 0.371428571875 0.43375 0.4557142859375 0.5237499999999999 0.4557142859375 0.5237499999999999 0.371428571875
4 0.9225 0.081428571875 0.765 0.081428571875 0.765 0.208571428125 0.9225 0.208571428125 0.9225 0.081428571875
4 0.7837500000000001 0.28428571406250003 0.72 0.28428571406250003 0.72 0.3742857140625 0.7837500000000001 0.3742857140625 0.7837500000000001 0.28428571406250003
4 0.78 0.3957142859375 0.70125 0.3957142859375 0.70125 0.5071428578125 0.78 0.5071428578125 0.78 0.3957142859375
4 0.75125 0.5128571421875 0.6212500000000001 0.5128571421875 0.6212500000000001 0.688571428125 0.75125 0.688571428125 0.75125 0.5128571421875
4 0.6224999999999999 0.5828571421875 0.51 0.5828571421875 0.51 0.708571428125 0.6224999999999999 0.708571428125 0.6224999999999999 0.5828571421875
4 0.48250000000000004 0.6542857140625 0.35375 0.6542857140625 0.35375 0.7657142859375 0.48250000000000004 0.7657142859375 0.48250000000000004 0.6542857140625
4 0.20750000000000002 0.4171428578125 0.03 0.4171428578125 0.03 0.5671428578125 0.20750000000000002 0.5671428578125 0.20750000000000002 0.4171428578125
4 0.18125 0.1928571421875 0.00625 0.1928571421875 0.00625 0.29571428593750004 0.18125 0.29571428593750004 0.18125 0.1928571421875
4 0.22125 0.5871428578125 0.00375 0.5871428578125 0.00375 0.7671428578125 0.22125 0.7671428578125 0.22125 0.5871428578125
8 0.19 0.621428571875 0.01 0.621428571875 0.01 0.7171428578125 0.19 0.7171428578125 0.19 0.621428571875