5 0.4125 0.43857142812500005 0.28250000000000003 0.43857142812500005 0.28250000000000003 0.5885714281250001 0.4125 0.5885714281250001 0.4125 0.43857142812500005
8 0 0.6471428578125 0.01875 0.6471428578125 0.01875 0.6 0 0.6 0 0.6471428578125
8 0.23875000000000002 0.721428571875 0.19875 0.721428571875 0.19875 0.751428571875 0.23875000000000002 0.751428571875 0.23875000000000002 0.721428571875
8 0.19 0.561428571875 0.155 0.561428571875 0.155 0.5928571421875 0.19 0.5928571421875 0.19 0.561428571875
8 0.225 0.611428571875 0.1975 0.611428571875 0.1975 0.64 0.225 0.64 0.225 0.611428571875
8 0.2725 0.7142857140625 0.2575 0.7142857140625 0.2575 0.73 0.2725 0.73 0.2725 0.7142857140625
8 0 0.6457142859375 0.01875 0.6457142859375 0.01875 0.598571428125 0 0.598571428125 0 0.6457142859375
6 0.27749999999999997 0.531428571875 0.005 0.531428571875 0.005 0.8557142859375 0.27749999999999997 0.8557142859375 0.27749999999999997 0.531428571875
4 0.2875 0.28428571406250003 0.26749999999999996 0.28428571406250003 0.26749999999999996 0.318571428125 0.2875 0.318571428125 0.2875 0.28428571406250003
4 0.875 0.008571428124999999 0.6849999999999999 0.008571428124999999 0.6849999999999999 0.3 0.875 0.3 0.875 0.008571428124999999
8 0.7675 0.08 0.72375 0.08 0.72375 0.188571428125 0.7675 0.188571428125 0.7675 0.08