2 0.985 0.008571428124999999 0.005 0.008571428124999999 0.005 0.9842857140625 0.985 0.9842857140625 0.985 0.008571428124999999
4 0.9262499999999999 0.09285714218749999 0.8099999999999999 0.09285714218749999 0.8099999999999999 0.15714285781249998 0.9262499999999999 0.15714285781249998 0.9262499999999999 0.09285714218749999
4 0.83375 0.11857142812499999 0.76875 0.11857142812499999 0.76875 0.1957142859375 0.83375 0.1957142859375 0.83375 0.11857142812499999
4 0.78625 0.29285714218750003 0.7112499999999999 0.29285714218750003 0.7112499999999999 0.398571428125 0.78625 0.398571428125 0.78625 0.29285714218750003
4 0.75625 0.40714285781250004 0.63375 0.40714285781250004 0.63375 0.671428571875 0.75625 0.671428571875 0.75625 0.40714285781250004
8 0.735 0.46428571406249997 0.65625 0.46428571406249997 0.65625 0.5342857140625 0.735 0.5342857140625 0.735 0.46428571406249997
8 0.19125 0.6157142859375 0.00125 0.6157142859375 0.00125 0.721428571875 0.19125 0.721428571875 0.19125 0.6157142859375
4 0 0.7757142859374999 0.20375000000000001 0.7757142859374999 0.20375000000000001 0.601428571875 0 0.601428571875 0 0.7757142859374999
4 0.15375 0.18 0.0075 0.18 0.0075 0.261428571875 0.15375 0.261428571875 0.15375 0.18
4 0.44749999999999995 0.4571428578125 0.3225 0.4571428578125 0.3225 0.5042857140625 0.44749999999999995 0.5042857140625 0.44749999999999995 0.4571428578125
4 0.51125 0.3871428578125 0.44000000000000006 0.3871428578125 0.44000000000000006 0.451428571875 0.51125 0.451428571875 0.51125 0.3871428578125
4 0.465 0.6628571421875 0.36875 0.6628571421875 0.36875 0.76 0.465 0.76 0.465 0.6628571421875
4 0.61 0.5957142859375 0.5 0.5957142859375 0.5 0.71 0.61 0.71 0.61 0.5957142859375
4 0.335 0.6428571421875 0.20750000000000002 0.6428571421875 0.20750000000000002 0.7871428578125 0.335 0.7871428578125 0.335 0.6428571421875
5 0.5387500000000001 0.1671428578125 0.20125 0.1671428578125 0.20125 0.4942857140625 0.5387500000000001 0.4942857140625 0.5387500000000001 0.1671428578125
4 0.20750000000000002 0.44142857187500006 0.1 0.44142857187500006 0.1 0.5457142859374999 0.20750000000000002 0.5457142859374999 0.20750000000000002 0.44142857187500006
4 0.1775 0.3771428578125 0.0225 0.3771428578125 0.0225 0.45999999999999996 0.1775 0.45999999999999996 0.1775 0.3771428578125
7 0.25875 0.8800000000000001 0.06625 0.8800000000000001 0.06625 0.99 0.25875 0.99 0.25875 0.8800000000000001
7 0.11374999999999999 0.041428571875 0.0075 0.041428571875 0.0075 0.17428571406249999 0.11374999999999999 0.17428571406249999 0.11374999999999999 0.041428571875