5 0.465 0.248571428125 0.33125 0.248571428125 0.33125 0.4571428578125 0.465 0.4571428578125 0.465 0.248571428125
8 0.11000000000000001 0.65 0.065 0.65 0.065 0.7157142859375 0.11000000000000001 0.7157142859375 0.11000000000000001 0.65
4 0.061250000000000006 0.5714285718750001 0.013750000000000002 0.5714285718750001 0.013750000000000002 0.6671428578125 0.061250000000000006 0.6671428578125 0.061250000000000006 0.5714285718750001
4 0.14625 0.42142857187500005 0.11625 0.42142857187500005 0.11625 0.498571428125 0.14625 0.498571428125 0.14625 0.42142857187500005
4 0.82125 0.10142857187500001 0.75125 0.10142857187500001 0.75125 0.2628571421875 0.82125 0.2628571421875 0.82125 0.10142857187500001
4 0.5 0.6128571421875 0.44125 0.6128571421875 0.44125 0.6585714281249999 0.5 0.6585714281249999 0.5 0.6128571421875
4 0.46749999999999997 0.731428571875 0.43 0.731428571875 0.43 0.791428571875 0.46749999999999997 0.791428571875 0.46749999999999997 0.731428571875
4 0.26375000000000004 0.0857142859375 0.00125 0.0857142859375 0.00125 0.9099999999999999 0.26375000000000004 0.9099999999999999 0.26375000000000004 0.0857142859375
4 0.25875 0.7057142859375001 0.13125 0.7057142859375001 0.13125 0.8757142859375 0.25875 0.8757142859375 0.25875 0.7057142859375001
4 0.135 0.548571428125 0.00625 0.548571428125 0.00625 0.8099999999999999 0.135 0.8099999999999999 0.135 0.548571428125
4 0.3975 0.651428571875 0.25 0.651428571875 0.25 0.7528571421875 0.3975 0.7528571421875 0.3975 0.651428571875
8 0.34875 0.6842857140625 0.27125 0.6842857140625 0.27125 0.7357142859375 0.34875 0.7357142859375 0.34875 0.6842857140625
2 0.9949999999999999 0.0042857140624999995 0.0025 0.0042857140624999995 0.0025 0.99 0.9949999999999999 0.99 0.9949999999999999 0.0042857140624999995