5 0.5675 0.1042857140625 0.17124999999999999 0.1042857140625 0.17124999999999999 0.6 0.5675 0.6 0.5675 0.1042857140625
4 0.94625 0.10714285781249999 0.8387499999999999 0.10714285781249999 0.8387499999999999 0.1628571421875 0.94625 0.1628571421875 0.94625 0.10714285781249999
4 0.605 0.6585714281249999 0.49375 0.6585714281249999 0.49375 0.7242857140625001 0.605 0.7242857140625001 0.605 0.6585714281249999
4 0.31375000000000003 0.701428571875 0.21375000000000002 0.701428571875 0.21375000000000002 0.7728571421875 0.31375000000000003 0.7728571421875 0.31375000000000003 0.701428571875
4 0.11750000000000001 0.621428571875 0.008749999999999999 0.621428571875 0.008749999999999999 0.7571428578125 0.11750000000000001 0.7571428578125 0.11750000000000001 0.621428571875
8 0.1975 0.71 0.095 0.71 0.095 0.771428571875 0.1975 0.771428571875 0.1975 0.71
8 0 0.7257142859375 0.03 0.7257142859375 0.03 0.668571428125 0 0.668571428125 0 0.7257142859375
4 0.71 0.51 0.62625 0.51 0.62625 0.711428571875 0.71 0.711428571875 0.71 0.51
4 0.77625 0.3728571421875 0.72875 0.3728571421875 0.72875 0.44428571406249995 0.77625 0.44428571406249995 0.77625 0.3728571421875
2 0.9974999999999999 0.0042857140624999995 0.74875 0.0042857140624999995 0.74875 0.99 0.9974999999999999 0.99 0.9974999999999999 0.0042857140624999995
2 0.9949999999999999 0.671428571875 0.00125 0.671428571875 0.00125 0.9942857140625 0.9949999999999999 0.9942857140625 0.9949999999999999 0.671428571875
4 0.825 0.12 0.78 0.12 0.78 0.18 0.825 0.18 0.825 0.12