5 0.60875 0.1042857140625 0.12250000000000001 0.1042857140625 0.12250000000000001 0.6828571421875 0.60875 0.6828571421875 0.60875 0.1042857140625
8 0.24125000000000002 0.8357142859375 0.145 0.8357142859375 0.145 0.918571428125 0.24125000000000002 0.918571428125 0.24125000000000002 0.8357142859375
2 0.9962500000000001 0.0042857140624999995 0.0025 0.0042857140624999995 0.0025 0.991428571875 0.9962500000000001 0.991428571875 0.9962500000000001 0.0042857140624999995
4 0.8675 0.1757142859375 0.8175000000000001 0.1757142859375 0.8175000000000001 0.29 0.8675 0.29 0.8675 0.1757142859375
4 0.8975 0.01 0.7975 0.01 0.7975 0.1942857140625 0.8975 0.1942857140625 0.8975 0.01
4 0.78 0.508571428125 0.73125 0.508571428125 0.73125 0.581428571875 0.78 0.581428571875 0.78 0.508571428125
4 0.3625 0.8642857140625001 0.29125 0.8642857140625001 0.29125 0.9328571421875 0.3625 0.9328571421875 0.3625 0.8642857140625001
4 0.6212500000000001 0.77 0.5325 0.77 0.5325 0.8699999999999999 0.6212500000000001 0.8699999999999999 0.6212500000000001 0.77
4 0.725 0.711428571875 0.635 0.711428571875 0.635 0.798571428125 0.725 0.798571428125 0.725 0.711428571875
4 0.5337500000000001 0.878571428125 0.44000000000000006 0.878571428125 0.44000000000000006 0.978571428125 0.5337500000000001 0.978571428125 0.5337500000000001 0.878571428125
7 0.21625 0.0042857140624999995 0.00375 0.0042857140624999995 0.00375 0.31 0.21625 0.31 0.21625 0.0042857140624999995