3 0.36328125 0.3964866078125 0.2167991078125 0.3964866078125 0.2167991078125 0.5253928578125 0.36328125 0.5253928578125 0.36328125 0.3964866078125
3 0.5078125 0.515625 0.3378928578125 0.515625 0.3378928578125 0.7167991078125 0.5078125 0.7167991078125 0.5078125 0.515625
3 0.2480491078125 0.49609375 0.0097678578125 0.49609375 0.0097678578125 0.6972678578125 0.2480491078125 0.6972678578125 0.2480491078125 0.49609375
3 0.171875 0.7363303578125 0.01953125 0.7363303578125 0.01953125 0.89453125 0.171875 0.89453125 0.171875 0.7363303578125
3 0.2675803578125 0.8359375 0.20703125 0.8359375 0.20703125 0.9140625 0.2675803578125 0.9140625 0.2675803578125 0.8359375
3 0.42578125 0.81640625 0.3671875 0.81640625 0.3671875 0.87109375 0.42578125 0.87109375 0.42578125 0.81640625
3 0.3417991078125 0.7363303578125 0.28125 0.7363303578125 0.28125 0.796875 0.3417991078125 0.796875 0.3417991078125 0.7363303578125
3 0.4921875 0.8769553578125 0.44336160781249995 0.8769553578125 0.44336160781249995 0.9277366078125 0.4921875 0.9277366078125 0.4921875 0.8769553578125
3 0.41601785781249995 0.94921875 0.3515625 0.94921875 0.3515625 0.98046875 0.41601785781249995 0.98046875 0.41601785781249995 0.94921875
3 0.21875 0.2832053578125 0.1035178578125 0.2832053578125 0.1035178578125 0.35546875 0.21875 0.35546875 0.21875 0.2832053578125
3 0.0566428578125 0.29296875 0.0019553578125 0.29296875 0.0019553578125 0.45898660781249995 0.0566428578125 0.45898660781249995 0.0566428578125 0.29296875
3 0.54296875 0.0058616078125 0.1230491078125 0.0058616078125 0.1230491078125 0.27734375 0.54296875 0.27734375 0.54296875 0.0058616078125
8 0.6484375 0.75 0.6113303578125 0.75 0.6113303578125 0.796875 0.6484375 0.796875 0.6484375 0.75
8 0.20703125 0.7246116078125 0.16796875 0.7246116078125 0.16796875 0.76953125 0.20703125 0.76953125 0.20703125 0.7246116078125
8 0.25390625 0.7265625 0.21875 0.7265625 0.21875 0.77734375 0.25390625 0.77734375 0.25390625 0.7265625
8 0.2832053578125 0.71484375 0.24609375 0.71484375 0.24609375 0.7578125 0.2832053578125 0.7578125 0.2832053578125 0.71484375
8 0.2832053578125 0.609375 0.2519553578125 0.609375 0.2519553578125 0.6542991078125 0.2832053578125 0.6542991078125 0.2832053578125 0.609375
8 0.47265625 0.9433616078125 0.42773660781249995 0.9433616078125 0.42773660781249995 0.984375 0.47265625 0.984375 0.47265625 0.9433616078125
5 0.9824241078125 0.0371116078125 0.6230491078125 0.0371116078125 0.6230491078125 0.9921875 0.9824241078125 0.9921875 0.9824241078125 0.0371116078125
8 0.375 0.7441428578125 0.35546875 0.7441428578125 0.35546875 0.76953125 0.375 0.76953125 0.375 0.7441428578125
8 0.25 0.52734375 0.1015625 0.52734375 0.1015625 0.61328125 0.25 0.61328125 0.25 0.52734375
8 0.2207053578125 0.6113303578125 0.18359375 0.6113303578125 0.18359375 0.63671875 0.2207053578125 0.63671875 0.2207053578125 0.6113303578125
8 0.1972678578125 0.6074241078125 0.1738303578125 0.6074241078125 0.1738303578125 0.6191428578125 0.1972678578125 0.6191428578125 0.1972678578125 0.6074241078125
8 0.0839866078125 0.68359375 0.0644553578125 0.68359375 0.0644553578125 0.69921875 0.0839866078125 0.69921875 0.0839866078125 0.68359375
8 0.0859375 0.75390625 0.0644553578125 0.75390625 0.0644553578125 0.8222678578125 0.0859375 0.8222678578125 0.0859375 0.75390625
8 0.3515625 0.03125 0.3359375 0.03125 0.3359375 0.08203125 0.3515625 0.08203125 0.3515625 0.03125
8 0.2636741078125 0.45117410781249995 0.234375 0.45117410781249995 0.234375 0.5078125 0.2636741078125 0.5078125 0.2636741078125 0.45117410781249995
8 0.1191428578125 0.4453125 0.09765625 0.4453125 0.09765625 0.47070535781249995 0.1191428578125 0.47070535781249995 0.1191428578125 0.4453125
8 0.47265625 0.5625 0.44921875 0.5625 0.44921875 0.578125 0.47265625 0.578125 0.47265625 0.5625
8 0.48828125 0.5332053578125 0.47265625 0.5332053578125 0.47265625 0.5449241078125 0.48828125 0.5449241078125 0.48828125 0.5332053578125
8 0.3886741078125 0.55078125 0.3496116078125 0.55078125 0.3496116078125 0.578125 0.3886741078125 0.578125 0.3886741078125 0.55078125