7 0.1484375 0.0136741078125 0.0058616078125 0.0136741078125 0.0058616078125 0.9785178578125 0.1484375 0.9785178578125 0.1484375 0.0136741078125
8 0.8300803578125 0.4921875 0.796875 0.4921875 0.796875 0.53515625 0.8300803578125 0.53515625 0.8300803578125 0.4921875
8 0.7558616078125 0.43359375 0.71484375 0.43359375 0.71484375 0.484375 0.7558616078125 0.484375 0.7558616078125 0.43359375
8 0.7578125 0.0839866078125 0.46289285781249995 0.0839866078125 0.46289285781249995 0.1972678578125 0.7578125 0.1972678578125 0.7578125 0.0839866078125
8 0.78515625 0.6777366078125 0.765625 0.6777366078125 0.765625 0.6972678578125 0.78515625 0.6972678578125 0.78515625 0.6777366078125
8 0.5566428578125 0.19921875 0.49804910781249995 0.19921875 0.49804910781249995 0.2734375 0.5566428578125 0.2734375 0.5566428578125 0.19921875
8 0.37890625 0.421875 0.3515625 0.421875 0.3515625 0.45703125 0.37890625 0.45703125 0.37890625 0.421875
8 0.6015625 0.359375 0.578125 0.359375 0.578125 0.3808616078125 0.6015625 0.3808616078125 0.6015625 0.359375
8 0.44336160781249995 0.5703125 0.40820535781249995 0.5703125 0.40820535781249995 0.5996116078125 0.44336160781249995 0.5996116078125 0.44336160781249995 0.5703125
8 0.6035178578125 0.73828125 0.578125 0.73828125 0.578125 0.7597678578125 0.6035178578125 0.7597678578125 0.6035178578125 0.73828125
8 0.53125 0.5859375 0.49414285781249995 0.5859375 0.49414285781249995 0.6484375 0.53125 0.6484375 0.53125 0.5859375
8 0.47265625 0.3964866078125 0.4140625 0.3964866078125 0.4140625 0.49804910781249995 0.47265625 0.49804910781249995 0.47265625 0.3964866078125
8 0.54296875 0.43945535781249995 0.5078125 0.43945535781249995 0.5078125 0.46875 0.54296875 0.46875 0.54296875 0.43945535781249995
8 0.55078125 0.5078125 0.48633035781249995 0.5078125 0.48633035781249995 0.5605491078125 0.55078125 0.5605491078125 0.55078125 0.5078125
8 0.5605491078125 0.484375 0.5332053578125 0.484375 0.5332053578125 0.51953125 0.5605491078125 0.51953125 0.5605491078125 0.484375