1 0.6615267859375 1 0.6615267859375 0.6545473687500001 0.0016250000000000001 0.6545473687500001 0.0016250000000000001 1 0.6615267859375 1
1 0.7183437500000001 0.5397105265625 0.4659107140625 0.5397105265625 0.4659107140625 0.92344736875 0.7183437500000001 0.92344736875 0.7183437500000001 0.5397105265625
6 0.6209419640625 0.4421052625 0.2751607140625 0.4421052625 0.2751607140625 0.92344736875 0.6209419640625 0.92344736875 0.6209419640625 0.4421052625
7 0.4951294640625 0.003826315625 0.1201294640625 0.003826315625 0.1201294640625 0.169378946875 0.4951294640625 0.169378946875 0.4951294640625 0.003826315625
8 0.9991875 0.1779894734375 0.9456160718750001 0.1779894734375 0.9456160718750001 0.300478946875 0.9991875 0.300478946875 0.9991875 0.1779894734375
8 1 0.3291842109375 0.9870133921875001 0.3291842109375 0.9870133921875001 0.3942578953125 1 0.3942578953125 1 0.3291842109375
8 0.6525982140625 0.003826315625 0.6201294640625 0.003826315625 0.6201294640625 0.0354052625 0.6525982140625 0.0354052625 0.6525982140625 0.003826315625
8 0.6185044640624999 0.0679421046875 0.552758928125 0.0679421046875 0.552758928125 0.11674736875 0.6185044640624999 0.11674736875 0.6185044640624999 0.0679421046875
8 0.5032455359375 0.0756 0.4626607140625 0.0756 0.4626607140625 0.11674736875 0.5032455359375 0.11674736875 0.5032455359375 0.0756
8 0.42938392812500004 0.3387578953125 0.396102678125 0.3387578953125 0.396102678125 0.3741631578125 0.42938392812500004 0.3741631578125 0.42938392812500004 0.3387578953125
8 0.46428571406249997 0.47081578906250005 0.30519642812500003 0.47081578906250005 0.30519642812500003 0.7645947375000001 0.46428571406249997 0.7645947375000001 0.46428571406249997 0.47081578906250005
8 0.46428571406249997 0.8880368421875 0.4496741078125 0.8880368421875 0.4496741078125 0.900478946875 0.46428571406249997 0.900478946875 0.46428571406249997 0.8880368421875
8 0.48214285781250005 0.8842105265625 0.46834375 0.8842105265625 0.46834375 0.8976052625 0.48214285781250005 0.8976052625 0.48214285781250005 0.8842105265625
8 0.7240267859375 0.9502368421874999 0.6728883921875 0.9502368421874999 0.6728883921875 0.9923421046875 0.7240267859375 0.9923421046875 0.7240267859375 0.9502368421874999
8 0.680196428125 0.9330157890624999 0.667209821875 0.9330157890624999 0.667209821875 0.9502368421874999 0.680196428125 0.9502368421874999 0.680196428125 0.9330157890624999
8 0.635553571875 0.6200947375 0.5900982140625 0.6200947375 0.5900982140625 0.658373684375 0.635553571875 0.658373684375 0.635553571875 0.6200947375
8 0.11201339218749999 0.3244 0.0998392859375 0.3244 0.0998392859375 0.35215263124999996 0.11201339218749999 0.35215263124999996 0.11201339218749999 0.3244
8 0.021102678125 0.3052631578125 0.0137991078125 0.3052631578125 0.0137991078125 0.31674736875 0.021102678125 0.31674736875 0.021102678125 0.3052631578125
8 0.023540178125 0.2401894734375 0.015424107812499999 0.2401894734375 0.015424107812499999 0.2574157890625 0.023540178125 0.2574157890625 0.023540178125 0.2401894734375
8 0.057629464062500003 0.238278946875 0.0470758921875 0.238278946875 0.0470758921875 0.25645789531249996 0.057629464062500003 0.25645789531249996 0.057629464062500003 0.238278946875
8 0.0487008921875 0.26124210468750003 0.041397321875 0.26124210468750003 0.041397321875 0.2708157890625 0.0487008921875 0.2708157890625 0.0487008921875 0.26124210468750003
8 0.038147321875 0.27655263125 0.032468750000000005 0.27655263125 0.032468750000000005 0.286126315625 0.038147321875 0.286126315625 0.038147321875 0.27655263125
8 0.038147321875 0.2296631578125 0.032468750000000005 0.2296631578125 0.032468750000000005 0.2593315796875 0.038147321875 0.2593315796875 0.038147321875 0.2296631578125
8 0.0681830359375 0.1980842109375 0.06006696406249999 0.1980842109375 0.06006696406249999 0.20670000000000002 0.0681830359375 0.20670000000000002 0.0681830359375 0.1980842109375
8 0.0795446421875 0.224878946875 0.073053571875 0.224878946875 0.073053571875 0.2334947375 0.0795446421875 0.2334947375 0.0795446421875 0.224878946875
8 0.0974017859375 0.1980842109375 0.0909107140625 0.1980842109375 0.0909107140625 0.20670000000000002 0.0974017859375 0.20670000000000002 0.0974017859375 0.1980842109375
8 0.11525892812500001 0.1818157890625 0.1103883921875 0.1818157890625 0.1103883921875 0.1875578953125 0.11525892812500001 0.1875578953125 0.11525892812500001 0.1818157890625
8 0.1193169640625 0.1502368421875 0.10795535781250001 0.1502368421875 0.10795535781250001 0.16555263125 0.1193169640625 0.16555263125 0.1193169640625 0.1502368421875
8 0.1298705359375 0.14450000000000002 0.1241875 0.14450000000000002 0.1241875 0.155026315625 0.1298705359375 0.155026315625 0.1298705359375 0.14450000000000002
8 0.1444821421875 0.2363631578125 0.1274330359375 0.2363631578125 0.1274330359375 0.266026315625 0.1444821421875 0.266026315625 0.1444821421875 0.2363631578125
8 0.116883928125 0.300478946875 0.1103883921875 0.300478946875 0.1103883921875 0.3157894734375 0.116883928125 0.3157894734375 0.116883928125 0.300478946875
8 0.13149553593750002 0.3043052625 0.1258125 0.3043052625 0.1258125 0.3148315796875 0.13149553593750002 0.3148315796875 0.13149553593750002 0.3043052625
8 0.15665625 0.251673684375 0.1509732140625 0.251673684375 0.1509732140625 0.2574157890625 0.15665625 0.2574157890625 0.15665625 0.251673684375
8 0.24918749999999998 0.2669842109375 0.242696428125 0.2669842109375 0.242696428125 0.2736842109375 0.24918749999999998 0.2736842109375 0.24918749999999998 0.2669842109375
8 0.3011383921875 0.3445 0.2962678578125 0.3445 0.2962678578125 0.35215263124999996 0.3011383921875 0.35215263124999996 0.3011383921875 0.3445
8 0.3587678578125 0.35502631562500003 0.352272321875 0.35502631562500003 0.352272321875 0.361721053125 0.3587678578125 0.361721053125 0.3587678578125 0.35502631562500003
8 0.41964285781250005 0.4047842109375 0.414772321875 0.4047842109375 0.414772321875 0.4133947375 0.41964285781250005 0.4133947375 0.41964285781250005 0.4047842109375
8 0.4845758921875 0.5234473687500001 0.477272321875 0.5234473687500001 0.477272321875 0.5320578953124999 0.4845758921875 0.5320578953124999 0.4845758921875 0.5234473687500001
8 0.353084821875 0.42009473750000004 0.34821428593750003 0.42009473750000004 0.34821428593750003 0.42775263125 0.353084821875 0.42775263125 0.353084821875 0.42009473750000004
8 0.3068169640625 0.4497631578125 0.3011383921875 0.4497631578125 0.3011383921875 0.458373684375 0.3068169640625 0.458373684375 0.3068169640625 0.4497631578125
8 0.2849017859375 0.458373684375 0.2784107140625 0.458373684375 0.2784107140625 0.46507368437499996 0.2849017859375 0.46507368437499996 0.2849017859375 0.458373684375
8 0.6396116078125 0.575121053125 0.6217544640625 0.575121053125 0.6217544640625 0.6047842109375 0.6396116078125 0.6047842109375 0.6396116078125 0.575121053125
8 0.6193169640625 0.7014368421875 0.6103883921875 0.7014368421875 0.6103883921875 0.7177052625 0.6193169640625 0.7177052625 0.6193169640625 0.7014368421875
1 0.6566562499999999 0.6851684203125 0.5884732140625 0.6851684203125 0.5884732140625 0.7330157890625 0.6566562499999999 0.7330157890625 0.6566562499999999 0.6851684203125
8 0.2662321421875 0.51004736875 0.258116071875 0.51004736875 0.258116071875 0.5263157890625 0.2662321421875 0.5263157890625 0.2662321421875 0.51004736875
8 0.4878258921875 0.8267947375 0.46996874999999994 0.8267947375 0.46996874999999994 0.8497631578125 0.4878258921875 0.8497631578125 0.4878258921875 0.8267947375
8 0.45129910781250004 0.7397105265625 0.4253258921875 0.7397105265625 0.4253258921875 0.7808631578125 0.45129910781250004 0.7808631578125 0.45129910781250004 0.7397105265625
8 0.428571428125 0.9320578953125 0.4188303578125 0.9320578953125 0.4188303578125 0.9598105265625 0.428571428125 0.9598105265625 0.428571428125 0.9320578953125
8 0.4188303578125 0.487078946875 0.40178571406249997 0.487078946875 0.40178571406249997 0.5110052625 0.4188303578125 0.5110052625 0.4188303578125 0.487078946875
8 0.3936696421875 0.520573684375 0.3871741078125 0.520573684375 0.3871741078125 0.5311 0.3936696421875 0.5311 0.3936696421875 0.520573684375
8 0.3806830359375 0.5081315796875 0.3725669640625 0.5081315796875 0.3725669640625 0.5224894734375 0.3806830359375 0.5224894734375 0.3806830359375 0.5081315796875
8 0.3628258921875 0.512921053125 0.3555178578125 0.512921053125 0.3555178578125 0.5282315796875 0.3628258921875 0.5282315796875 0.3628258921875 0.512921053125
8 0.030843749999999996 0.26124210468750003 0.0186696421875 0.26124210468750003 0.0186696421875 0.272726315625 0.030843749999999996 0.272726315625 0.030843749999999996 0.26124210468750003
8 0.008116071875 0.27655263125 0.0024330359375 0.27655263125 0.0024330359375 0.287078946875 0.008116071875 0.287078946875 0.008116071875 0.27655263125
8 0.1509732140625 0.127273684375 0.145290178125 0.127273684375 0.145290178125 0.1368421046875 0.1509732140625 0.1368421046875 0.1509732140625 0.127273684375
8 0.7215892859374999 0.9837315796875 0.7134732140625 0.9837315796875 0.7134732140625 0.9933 0.7215892859374999 0.9933 0.7215892859374999 0.9837315796875