5 0.828125 0.16796875 0.4765625 0.16796875 0.4765625 0.6152366078125 0.828125 0.6152366078125 0.828125 0.16796875
4 0.46679910781249995 0.3613303578125 0.3847678578125 0.3613303578125 0.3847678578125 0.46289285781249995 0.46679910781249995 0.46289285781249995 0.46679910781249995 0.3613303578125
8 0.46484375 0.3652366078125 0.38671875 0.3652366078125 0.38671875 0.46484375 0.46484375 0.46484375 0.46484375 0.3652366078125
8 0.17578125 0.0371116078125 0.1582053578125 0.0371116078125 0.1582053578125 0.05859375 0.17578125 0.05859375 0.17578125 0.0371116078125
4 0.17578125 0.0410178578125 0.15625 0.0410178578125 0.15625 0.05859375 0.17578125 0.05859375 0.17578125 0.0410178578125
4 0.41796875 0.0683616078125 0.390625 0.0683616078125 0.390625 0.09375 0.41796875 0.09375 0.41796875 0.0683616078125
4 0.3847678578125 0.1152366078125 0.3613303578125 0.1152366078125 0.3613303578125 0.1484375 0.3847678578125 0.1484375 0.3847678578125 0.1152366078125
4 0.44140625 0.16015625 0.421875 0.16015625 0.421875 0.1875 0.44140625 0.1875 0.44140625 0.16015625
8 0.41796875 0.06640625 0.3925803578125 0.06640625 0.3925803578125 0.09375 0.41796875 0.09375 0.41796875 0.06640625
8 0.3828125 0.1152366078125 0.359375 0.1152366078125 0.359375 0.1484375 0.3828125 0.1484375 0.3828125 0.1152366078125
8 0.44140625 0.16015625 0.421875 0.16015625 0.421875 0.1875 0.44140625 0.1875 0.44140625 0.16015625
8 0.3671875 0.3261741078125 0.3515625 0.3261741078125 0.3515625 0.33984375 0.3671875 0.33984375 0.3671875 0.3261741078125
8 0.3613303578125 0.40429910781249995 0.33984375 0.40429910781249995 0.33984375 0.43359375 0.3613303578125 0.43359375 0.3613303578125 0.40429910781249995
8 0.2265625 0.2402366078125 0.2050803578125 0.2402366078125 0.2050803578125 0.2636741078125 0.2265625 0.2636741078125 0.2265625 0.2402366078125
8 0 0.2480491078125 0.0078125 0.2480491078125 0.0078125 0.2246116078125 0 0.2246116078125 0 0.2480491078125
8 0.2480491078125 0.2734375 0.1699241078125 0.2734375 0.1699241078125 0.6328125 0.2480491078125 0.6328125 0.2480491078125 0.2734375
8 0.30859375 0.5253928578125 0.2421875 0.5253928578125 0.2421875 0.6230491078125 0.30859375 0.6230491078125 0.30859375 0.5253928578125
8 0.3378928578125 0.63671875 0.2753928578125 0.63671875 0.2753928578125 0.66796875 0.3378928578125 0.66796875 0.3378928578125 0.63671875
8 0.32421875 0.3613303578125 0.30078125 0.3613303578125 0.30078125 0.4140625 0.32421875 0.4140625 0.32421875 0.3613303578125
8 0.0957053578125 0.7636741078125 0.0019553578125 0.7636741078125 0.0019553578125 0.9296875 0.0957053578125 0.9296875 0.0957053578125 0.7636741078125