3 0.8799107140625001 0.5296871515625 0.8480357140624999 0.5296871515625 0.8480357140624999 0.57050279375 0.8799107140625001 0.57050279375 0.8799107140625001 0.5296871515625
3 0.9117857140625001 0.3729162015625 0.8939955359375 0.3729162015625 0.8939955359375 0.409094971875 0.9117857140625001 0.409094971875 0.9117857140625001 0.3729162015625
3 0.44699999999999995 0.28478770937500003 0.4284642859375 0.28478770937500003 0.4284642859375 0.3024134078125 0.44699999999999995 0.3024134078125 0.44699999999999995 0.28478770937500003
3 0.3684196421875 0.2940670390625 0.3409955359375 0.2940670390625 0.3409955359375 0.3172569828125 0.3684196421875 0.3172569828125 0.3684196421875 0.2940670390625
3 0.43810267812500003 0.4359944140625 0.40696875 0.4359944140625 0.40696875 0.4619664796875 0.43810267812500003 0.4619664796875 0.43810267812500003 0.4359944140625
8 0.3506294640625 0.6549217875 0.3328392859375 0.6549217875 0.3328392859375 0.6771843578125 0.3506294640625 0.6771843578125 0.3506294640625 0.6549217875
8 0.387696428125 0.0324692734375 0.2928080359375 0.0324692734375 0.2928080359375 0.11688268125000001 0.387696428125 0.11688268125000001 0.387696428125 0.0324692734375
8 0.218678571875 0.0667932953125 0.18235714218750002 0.0667932953125 0.18235714218750002 0.10946368749999999 0.218678571875 0.10946368749999999 0.218678571875 0.0667932953125
8 0.1704955359375 0.10296647968749999 0.13565624999999998 0.10296647968749999 0.13565624999999998 0.1512067046875 0.1704955359375 0.1512067046875 0.1704955359375 0.10296647968749999
8 0.285397321875 0.187385475 0.2557455359375 0.187385475 0.2557455359375 0.2179944140625 0.285397321875 0.2179944140625 0.285397321875 0.187385475
8 0.4136383921875 0.1539888265625 0.3899196421875 0.1539888265625 0.3899196421875 0.17996089375 0.4136383921875 0.17996089375 0.4136383921875 0.1539888265625
8 0.2594508921875 0.2987039109375 0.22831696406250002 0.2987039109375 0.22831696406250002 0.32838547500000004 0.2594508921875 0.32838547500000004 0.2594508921875 0.2987039109375
8 0.36175 0.4397039109375 0.3335803578125 0.4397039109375 0.3335803578125 0.487944134375 0.36175 0.487944134375 0.36175 0.4397039109375
8 0.48258035781249997 0.5398882687500001 0.46182142812500004 0.5398882687500001 0.46182142812500004 0.5603016765625 0.48258035781249997 0.5603016765625 0.48258035781249997 0.5398882687500001
8 0.48554464218750004 0.5686480453125 0.464790178125 0.5686480453125 0.464790178125 0.5909106140625 0.48554464218750004 0.5909106140625 0.48554464218750004 0.5686480453125
8 0.3765758921875 0.5241229046875 0.3558169640625 0.5241229046875 0.3558169640625 0.550094971875 0.3765758921875 0.550094971875 0.3765758921875 0.5241229046875
8 0.37954017812499996 0.48979888281250006 0.36175 0.48979888281250006 0.36175 0.520407821875 0.37954017812499996 0.520407821875 0.37954017812499996 0.48979888281250006
8 0.4151205359375 0.49443575468749995 0.39955357187499996 0.49443575468749995 0.39955357187499996 0.5139162015625 0.4151205359375 0.5139162015625 0.4151205359375 0.49443575468749995
8 0.43958482187500003 0.5176256984375 0.4217946421875 0.5176256984375 0.4217946421875 0.5482402234375 0.43958482187500003 0.5482402234375 0.43958482187500003 0.5176256984375
8 0.4603392859375 0.5064972062499999 0.4425491078125 0.5064972062499999 0.4425491078125 0.5296871515625 0.4603392859375 0.5296871515625 0.4603392859375 0.5064972062499999
8 0.41808928593749994 0.5946201125 0.39584821406250004 0.5946201125 0.39584821406250004 0.6428603359375 0.41808928593749994 0.6428603359375 0.41808928593749994 0.5946201125
8 0.44106696406249996 0.562156425 0.4203125 0.562156425 0.4203125 0.6066815640625001 0.44106696406249996 0.6066815640625001 0.44106696406249996 0.562156425
3 0.4877678578125 0.338592178125 0.466272321875 0.338592178125 0.466272321875 0.3692011171875 0.4877678578125 0.3692011171875 0.4877678578125 0.338592178125
7 0.9859151781250001 0.4118770953125 0.6997767859375 0.4118770953125 0.6997767859375 0.99165363125 0.9859151781250001 0.99165363125 0.9859151781250001 0.4118770953125
8 0.4321741078125 0.4471284921875 0.4255 0.4471284921875 0.4255 0.45269273749999994 0.4321741078125 0.45269273749999994 0.4321741078125 0.4471284921875
8 0.275758928125 0.3423016765625 0.2594508921875 0.3423016765625 0.2594508921875 0.35436312812500004 0.275758928125 0.35436312812500004 0.275758928125 0.3423016765625
8 0.320977678125 0.2708715078125 0.30466964218750003 0.2708715078125 0.30466964218750003 0.2838603359375 0.320977678125 0.2838603359375 0.320977678125 0.2708715078125
8 0.3068928578125 0.6697597765625 0.2965178578125 0.6697597765625 0.2965178578125 0.6818212296875 0.3068928578125 0.6818212296875 0.3068928578125 0.6697597765625
8 0.48258035781249997 0.604826815625 0.471459821875 0.604826815625 0.471459821875 0.619670390625 0.48258035781249997 0.619670390625 0.48258035781249997 0.604826815625
8 0.5967366078125 0.1252346375 0.5848794640625 0.1252346375 0.5848794640625 0.144715084375 0.5967366078125 0.144715084375 0.5967366078125 0.1252346375
8 0.851 0.25603352031250004 0.8398794640625 0.25603352031250004 0.8398794640625 0.27272625625 0.851 0.27272625625 0.851 0.25603352031250004
8 0.8754642859375 0.535251396875 0.8650848218749999 0.535251396875 0.8650848218749999 0.5603016765625 0.8754642859375 0.5603016765625 0.8754642859375 0.535251396875
8 0.9095625 0.377553071875 0.8977008921875 0.377553071875 0.8977008921875 0.3951787703125 0.9095625 0.3951787703125 0.9095625 0.377553071875
5 0.4544107140625 0.34879329531250003 0.3498883921875 0.34879329531250003 0.3498883921875 0.46753631249999994 0.4544107140625 0.46753631249999994 0.4544107140625 0.34879329531250003