3 0.6191428578125 0.5878928578125 0.5371116078125 0.5878928578125 0.5371116078125 0.66015625 0.6191428578125 0.66015625 0.6191428578125 0.5878928578125
3 0.6738303578125 0.66796875 0.5683616078125 0.66796875 0.5683616078125 0.7675803578125 0.6738303578125 0.7675803578125 0.6738303578125 0.66796875
3 0.6816428578125 0.7753928578125 0.578125 0.7753928578125 0.578125 0.9941428578125 0.6816428578125 0.9941428578125 0.6816428578125 0.7753928578125
4 0.1464866078125 0.0703125 0.0527366078125 0.0703125 0.0527366078125 0.26953125 0.1464866078125 0.26953125 0.1464866078125 0.0703125
5 0.50390625 0.2265625 0.25 0.2265625 0.25 0.45703125 0.50390625 0.45703125 0.50390625 0.2265625
8 0.95703125 0.33984375 0.8828125 0.33984375 0.8828125 0.40234375 0.95703125 0.40234375 0.95703125 0.33984375
8 0.7558616078125 0.0136741078125 0.69921875 0.0136741078125 0.69921875 0.07421875 0.7558616078125 0.07421875 0.7558616078125 0.0136741078125
7 0.9589866078125 0.890625 0.7597678578125 0.890625 0.7597678578125 0.984375 0.9589866078125 0.984375 0.9589866078125 0.890625
3 0.21875 0.3535178578125 0.1777366078125 0.3535178578125 0.1777366078125 0.41601785781249995 0.21875 0.41601785781249995 0.21875 0.3535178578125
3 0.15625 0.30078125 0.1230491078125 0.30078125 0.1230491078125 0.35546875 0.15625 0.35546875 0.15625 0.30078125
3 0.3300803578125 0.4296875 0.22265625 0.4296875 0.22265625 0.51171875 0.3300803578125 0.51171875 0.3300803578125 0.4296875
3 0.87109375 0.53515625 0.8378928578125 0.53515625 0.8378928578125 0.5703125 0.87109375 0.5703125 0.87109375 0.53515625
3 0.8886741078125 0.58203125 0.859375 0.58203125 0.859375 0.62109375 0.8886741078125 0.62109375 0.8886741078125 0.58203125
4 0.0410178578125 0.56640625 0.00390625 0.56640625 0.00390625 0.71875 0.0410178578125 0.71875 0.0410178578125 0.56640625