8 0.4188303578125 0.0287597765625 0.3973303578125 0.0287597765625 0.3973303578125 0.0630782125 0.4188303578125 0.0630782125 0.4188303578125 0.0287597765625
8 0.4373616078125 0.054731843749999995 0.424758928125 0.054731843749999995 0.424758928125 0.10111173124999999 0.4373616078125 0.10111173124999999 0.4373616078125 0.054731843749999995
8 0.5418839281250001 0.054731843749999995 0.49073214218750005 0.054731843749999995 0.49073214218750005 0.1391452515625 0.5418839281250001 0.1391452515625 0.5418839281250001 0.054731843749999995
8 0.4151205359375 0.1298715078125 0.3684196421875 0.1298715078125 0.3684196421875 0.17996089375 0.4151205359375 0.17996089375 0.4151205359375 0.1298715078125
8 0.47961607187500005 0.10760893906249999 0.4536696421875 0.10760893906249999 0.4536696421875 0.1576983234375 0.47961607187500005 0.1576983234375 0.47961607187500005 0.10760893906249999
8 0.48258035781249997 0.051022346875 0.4536696421875 0.051022346875 0.4536696421875 0.0927653625 0.48258035781249997 0.0927653625 0.48258035781249997 0.051022346875
3 0.5374330359374999 0.09091061406249999 0.501852678125 0.09091061406249999 0.501852678125 0.1354357546875 0.5374330359374999 0.1354357546875 0.5374330359374999 0.09091061406249999
3 0.416602678125 0.13358100625 0.37138839218749997 0.13358100625 0.37138839218749997 0.183675978125 0.416602678125 0.183675978125 0.416602678125 0.13358100625
3 0.45070535781250004 0.141927375 0.41808928593749994 0.141927375 0.41808928593749994 0.205938546875 0.45070535781250004 0.205938546875 0.45070535781250004 0.141927375
3 0.4959241078125 0.0528770953125 0.44699999999999995 0.0528770953125 0.44699999999999995 0.16419553125 0.4959241078125 0.16419553125 0.4959241078125 0.0528770953125
7 0.9229062499999999 0.7736592171875001 0.53446875 0.7736592171875001 0.53446875 0.9990782125000001 0.9229062499999999 0.9990782125000001 0.9229062499999999 0.7736592171875001