8 0.9433616078125 0.5605491078125 0.8417991078125 0.5605491078125 0.8417991078125 0.6953125 0.9433616078125 0.6953125 0.9433616078125 0.5605491078125
8 0.9746116078125 0.8125 0.7988303578125 0.8125 0.7988303578125 0.94140625 0.9746116078125 0.94140625 0.9746116078125 0.8125
8 0.9980491078125 0.5527366078125 0.9628928578125 0.5527366078125 0.9628928578125 0.6464866078125 0.9980491078125 0.6464866078125 0.9980491078125 0.5527366078125
8 0.99609375 0.3144553578125 0.9550803578125 0.3144553578125 0.9550803578125 0.375 0.99609375 0.375 0.99609375 0.3144553578125
8 0.9277366078125 0.1855491078125 0.78515625 0.1855491078125 0.78515625 0.23828125 0.9277366078125 0.23828125 0.9277366078125 0.1855491078125
8 0.7949241078125 0.3496116078125 0.75 0.3496116078125 0.75 0.390625 0.7949241078125 0.390625 0.7949241078125 0.3496116078125
8 0.79296875 0.5234375 0.75 0.5234375 0.75 0.5371116078125 0.79296875 0.5371116078125 0.79296875 0.5234375
8 0.7558616078125 0.7910178578125 0.69921875 0.7910178578125 0.69921875 0.8359375 0.7558616078125 0.8359375 0.7558616078125 0.7910178578125
8 0.73046875 0.8652366078125 0.68359375 0.8652366078125 0.68359375 0.89453125 0.73046875 0.89453125 0.73046875 0.8652366078125
4 0.6699241078125 0.1328125 0.5058616078125 0.1328125 0.5058616078125 0.21484375 0.6699241078125 0.21484375 0.6699241078125 0.1328125
4 0.9238303578125 0.09375 0.8574241078125 0.09375 0.8574241078125 0.1328125 0.9238303578125 0.1328125 0.9238303578125 0.09375
4 0.9199241078125 0.04296875 0.81640625 0.04296875 0.81640625 0.08203125 0.9199241078125 0.08203125 0.9199241078125 0.04296875
4 0.3300803578125 0.41015625 0.28125 0.41015625 0.28125 0.44336160781249995 0.3300803578125 0.44336160781249995 0.3300803578125 0.41015625
5 0.6660178578125 0.32421875 0.1816428578125 0.32421875 0.1816428578125 0.8769553578125 0.6660178578125 0.8769553578125 0.6660178578125 0.32421875
4 0.9277366078125 0.1875 0.7910178578125 0.1875 0.7910178578125 0.23046875 0.9277366078125 0.23046875 0.9277366078125 0.1875
4 0.8828125 0.2519553578125 0.83203125 0.2519553578125 0.83203125 0.2949241078125 0.8828125 0.2949241078125 0.8828125 0.2519553578125
8 0.57421875 0.15234375 0.5332053578125 0.15234375 0.5332053578125 0.1816428578125 0.57421875 0.1816428578125 0.57421875 0.15234375
8 0.9082053578125 0.1015625 0.875 0.1015625 0.875 0.1269553578125 0.9082053578125 0.1269553578125 0.9082053578125 0.1015625
4 0.9433616078125 0.546875 0.9160178578125 0.546875 0.9160178578125 0.578125 0.9433616078125 0.578125 0.9433616078125 0.546875