4 0.6640625 0.0019553578125 0.5019553578125 0.0019553578125 0.5019553578125 0.1308616078125 0.6640625 0.1308616078125 0.6640625 0.0019553578125
7 0.9746116078125 0.82421875 0.9003928578125 0.82421875 0.9003928578125 0.921875 0.9746116078125 0.921875 0.9746116078125 0.82421875
4 0.15625 0.0761741078125 0.0644553578125 0.0761741078125 0.0644553578125 0.21484375 0.15625 0.21484375 0.15625 0.0761741078125
4 0.33984375 0.00390625 0.2402366078125 0.00390625 0.2402366078125 0.0371116078125 0.33984375 0.0371116078125 0.33984375 0.00390625
5 0.58203125 0.11328125 0.15625 0.11328125 0.15625 0.7402366078125 0.58203125 0.7402366078125 0.58203125 0.11328125
4 0.5800803578125 0.1796875 0.51171875 0.1796875 0.51171875 0.546875 0.5800803578125 0.546875 0.5800803578125 0.1796875
8 0.953125 0.6152366078125 0.89453125 0.6152366078125 0.89453125 0.66015625 0.953125 0.66015625 0.953125 0.6152366078125
8 0.9355491078125 0.67578125 0.87890625 0.67578125 0.87890625 0.734375 0.9355491078125 0.734375 0.9355491078125 0.67578125
8 0.9550803578125 0.6816428578125 0.9316428578125 0.6816428578125 0.9316428578125 0.73046875 0.9550803578125 0.73046875 0.9550803578125 0.6816428578125
8 0.87890625 0.80078125 0.78515625 0.80078125 0.78515625 0.8964866078125 0.87890625 0.8964866078125 0.87890625 0.80078125
8 0.8925803578125 0.9277366078125 0.82421875 0.9277366078125 0.82421875 0.984375 0.8925803578125 0.984375 0.8925803578125 0.9277366078125
4 0 0.8183616078125 0.0527366078125 0.8183616078125 0.0527366078125 0.6582053578125 0 0.6582053578125 0 0.8183616078125
4 0.2363303578125 0.0058616078125 0.1777366078125 0.0058616078125 0.1777366078125 0.0371116078125 0.2363303578125 0.0371116078125 0.2363303578125 0.0058616078125
1 0.3457053578125 0.3261741078125 0.3027366078125 0.3261741078125 0.3027366078125 0.41601785781249995 0.3457053578125 0.41601785781249995 0.3457053578125 0.3261741078125
4 0.5078125 0.0019553578125 0.46875 0.0019553578125 0.46875 0.0214866078125 0.5078125 0.0214866078125 0.5078125 0.0019553578125
4 0.06640625 0.20703125 0.03515625 0.20703125 0.03515625 0.2441428578125 0.06640625 0.2441428578125 0.06640625 0.20703125
4 0.46679910781249995 0.8125 0.43164285781249995 0.8125 0.43164285781249995 0.83984375 0.46679910781249995 0.83984375 0.46679910781249995 0.8125
8 0.9980491078125 0.74609375 0.98046875 0.74609375 0.98046875 0.79296875 0.9980491078125 0.79296875 0.9980491078125 0.74609375
8 0.80859375 0.93359375 0.7441428578125 0.93359375 0.7441428578125 0.99609375 0.80859375 0.99609375 0.80859375 0.93359375
4 0.1894553578125 0.9824241078125 0.1621116078125 0.9824241078125 0.1621116078125 0.99609375 0.1894553578125 0.99609375 0.1894553578125 0.9824241078125
8 0.9765625 0.6816428578125 0.96484375 0.6816428578125 0.96484375 0.703125 0.9765625 0.703125 0.9765625 0.6816428578125
8 0.9941428578125 0.6972678578125 0.9824241078125 0.6972678578125 0.9824241078125 0.71875 0.9941428578125 0.71875 0.9941428578125 0.6972678578125
8 0.9609375 0.7402366078125 0.9394553578125 0.7402366078125 0.9394553578125 0.7675803578125 0.9609375 0.7675803578125 0.9609375 0.7402366078125