8 0.677540178125 0.38311731875 0.5900669640625 0.38311731875 0.5900669640625 0.5278324015625 0.677540178125 0.5278324015625 0.677540178125 0.38311731875
8 0.6916249999999999 0.43784916249999994 0.664196428125 0.43784916249999994 0.664196428125 0.4740279328125 0.6916249999999999 0.4740279328125 0.6916249999999999 0.43784916249999994
8 0.8020758921875 0.4109497203125 0.7383258921875 0.4109497203125 0.7383258921875 0.5 0.8020758921875 0.5 0.8020758921875 0.4109497203125
8 0.819125 0.35250837968750004 0.7916964281250001 0.35250837968750004 0.7916964281250001 0.4053798875 0.819125 0.4053798875 0.819125 0.35250837968750004
8 0.858415178125 0.097402234375 0.8287633921875001 0.097402234375 0.8287633921875001 0.15862569843750002 0.858415178125 0.15862569843750002 0.858415178125 0.097402234375
8 0.9970357140624999 0.19480446875 0.8776875000000001 0.19480446875 0.8776875000000001 0.2875698328125 0.9970357140624999 0.2875698328125 0.9970357140624999 0.19480446875
8 0.991102678125 0.22263687187499998 0.9696071421875001 0.22263687187499998 0.9696071421875001 0.2671620109375 0.991102678125 0.2671620109375 0.991102678125 0.22263687187499998
8 0.9518169640625 0.41280446875 0.9147500000000001 0.41280446875 0.9147500000000001 0.4397039109375 0.9518169640625 0.4397039109375 0.9518169640625 0.41280446875
8 0.9229062499999999 0.46103910625 0.895477678125 0.46103910625 0.895477678125 0.49443575468749995 0.9229062499999999 0.49443575468749995 0.9229062499999999 0.46103910625
8 0.8628616078125001 0.496290503125 0.8406205359375001 0.496290503125 0.8406205359375001 0.5241229046875 0.8628616078125001 0.5241229046875 0.8628616078125001 0.496290503125
8 0.8465535718750001 0.5157709500000001 0.8080044640624999 0.5157709500000001 0.8080044640624999 0.5565865921875 0.8465535718750001 0.5565865921875 0.8465535718750001 0.5157709500000001
8 0.8035580359375001 0.5603016765625 0.7694598218750001 0.5603016765625 0.7694598218750001 0.6066815640625001 0.8035580359375001 0.6066815640625001 0.8035580359375001 0.5603016765625
8 0.7761294640624999 0.5872011171875 0.7435133921875 0.5872011171875 0.7435133921875 0.6372960890625 0.7761294640624999 0.6372960890625 0.7761294640624999 0.5872011171875
8 0.9021517859375001 0.6539888265625 0.8888080359374999 0.6539888265625 0.8888080359374999 0.718 0.9021517859375001 0.718 0.9021517859375001 0.6539888265625
8 0.6997767859375 0.7625251390625001 0.669383928125 0.7625251390625001 0.669383928125 0.8051955312500001 0.6997767859375 0.8051955312500001 0.6997767859375 0.7625251390625001
8 0.5707946421875 0.66326815625 0.553 0.66326815625 0.553 0.6855307265625 0.5707946421875 0.6855307265625 0.5707946421875 0.66326815625
8 0.612303571875 0.7282011171875 0.59303125 0.7282011171875 0.59303125 0.7486089390624999 0.612303571875 0.7486089390624999 0.612303571875 0.7282011171875
8 0.5174196421875 0.604826815625 0.4944419640625 0.604826815625 0.4944419640625 0.628944134375 0.5174196421875 0.628944134375 0.5174196421875 0.604826815625
8 0.5129732140625001 0.6901675984375 0.4870267859375 0.6901675984375 0.4870267859375 0.7346983234375 0.5129732140625001 0.7346983234375 0.5129732140625001 0.6901675984375
8 0.46775446406250004 0.6716145250000001 0.361008928125 0.6716145250000001 0.361008928125 0.7430446921875 0.46775446406250004 0.7430446921875 0.46775446406250004 0.6716145250000001
8 0.3558169640625 0.6901675984375 0.302446428125 0.6901675984375 0.302446428125 0.7755139671875 0.3558169640625 0.7755139671875 0.3558169640625 0.6901675984375
8 0.1260178578125 0.5603016765625 0.07635267812499999 0.5603016765625 0.07635267812499999 0.643787709375 0.1260178578125 0.643787709375 0.1260178578125 0.5603016765625
8 0.1119330359375 0.6512067046875 0.07487053593750001 0.6512067046875 0.07487053593750001 0.7309888265625 0.1119330359375 0.7309888265625 0.1119330359375 0.6512067046875
8 0.1378794640625 0.6855307265625 0.11341517812499999 0.6855307265625 0.11341517812499999 0.730061453125 0.1378794640625 0.730061453125 0.1378794640625 0.6855307265625
8 0.12008928593749998 0.7430446921875 0.081540178125 0.7430446921875 0.081540178125 0.784787709375 0.12008928593749998 0.784787709375 0.12008928593749998 0.7430446921875
8 0.2157142859375 0.8562178765624999 0.174946428125 0.8562178765624999 0.174946428125 0.89796089375 0.2157142859375 0.89796089375 0.2157142859375 0.8562178765624999
8 0.2075625 0.7894301671874999 0.1793928578125 0.7894301671874999 0.1793928578125 0.8413743015625 0.2075625 0.8413743015625 0.2075625 0.7894301671874999
8 0.19421875 0.692022346875 0.16827232187500002 0.692022346875 0.16827232187500002 0.74211731875 0.19421875 0.74211731875 0.19421875 0.692022346875
8 0.2008883921875 0.7486089390624999 0.1704955359375 0.7486089390624999 0.1704955359375 0.7810782125 0.2008883921875 0.7810782125 0.2008883921875 0.7486089390624999
8 0.213491071875 0.08534636875 0.1326919640625 0.08534636875 0.1326919640625 0.22727374375 0.213491071875 0.22727374375 0.213491071875 0.08534636875
8 0.15566964218749998 0.21892737499999998 0.12305357187499999 0.21892737499999998 0.12305357187499999 0.3256033515625 0.15566964218749998 0.3256033515625 0.15566964218749998 0.21892737499999998
8 0.212008928125 0.35250837968750004 0.1912544640625 0.35250837968750004 0.1912544640625 0.38311731875 0.212008928125 0.38311731875 0.212008928125 0.35250837968750004
8 0.258709821875 0.347865921875 0.225352678125 0.347865921875 0.225352678125 0.47588268125 0.258709821875 0.47588268125 0.258709821875 0.347865921875
8 0.2157142859375 0.4591843578125 0.1890267859375 0.4591843578125 0.1890267859375 0.49165363125 0.2157142859375 0.49165363125 0.2157142859375 0.4591843578125
8 0.2246116078125 0.4842346375 0.2023705359375 0.4842346375 0.2023705359375 0.5166983234375 0.2246116078125 0.5166983234375 0.2246116078125 0.4842346375
8 0.1527053578125 0.5055698328125 0.128241071875 0.5055698328125 0.128241071875 0.5445307265625 0.1527053578125 0.5445307265625 0.1527053578125 0.5055698328125
8 0.1704955359375 0.49350837968750005 0.1504821421875 0.49350837968750005 0.1504821421875 0.550094971875 0.1704955359375 0.550094971875 0.1704955359375 0.49350837968750005
8 0.312084821875 0.3460111734375 0.2802053578125 0.3460111734375 0.2802053578125 0.42950279374999994 0.312084821875 0.42950279374999994 0.312084821875 0.3460111734375
8 0.3765758921875 0.25974301718750004 0.354334821875 0.25974301718750004 0.354334821875 0.2940670390625 0.3765758921875 0.2940670390625 0.3765758921875 0.25974301718750004
8 0.3239419640625 0.2838603359375 0.303928571875 0.2838603359375 0.303928571875 0.3367374296875 0.3239419640625 0.3367374296875 0.3239419640625 0.2838603359375
8 0.3135669640625 0.15862569843750002 0.2735357140625 0.15862569843750002 0.2735357140625 0.23748044687499997 0.3135669640625 0.23748044687499997 0.3135669640625 0.15862569843750002
3 0.59821875 0.0027821234375 0.520383928125 0.0027821234375 0.520383928125 0.0751396640625 0.59821875 0.0751396640625 0.59821875 0.0027821234375
3 0.528540178125 0.0064916203125 0.46553125 0.0064916203125 0.46553125 0.0769944140625 0.528540178125 0.0769944140625 0.528540178125 0.0064916203125
3 0.5952544640624999 0.0630782125 0.543366071875 0.0630782125 0.543366071875 0.10111173124999999 0.5952544640624999 0.10111173124999999 0.5952544640624999 0.0630782125
8 0.5144553578125 0.3460111734375 0.4269821421875 0.3460111734375 0.4269821421875 0.48608938593750006 0.5144553578125 0.48608938593750006 0.5144553578125 0.3460111734375
8 0.625647321875 0.22449162031249997 0.5952544640624999 0.22449162031249997 0.5952544640624999 0.27179888281250003 0.625647321875 0.27179888281250003 0.625647321875 0.22449162031249997
8 0.6982946421875 0.3061229046875 0.664196428125 0.3061229046875 0.664196428125 0.32838547500000004 0.6982946421875 0.32838547500000004 0.6982946421875 0.3061229046875
8 0.5833973218749999 0.340446928125 0.5641205359375 0.340446928125 0.5641205359375 0.378480446875 0.5833973218749999 0.378480446875 0.5833973218749999 0.340446928125
8 0.488508928125 0.10389385468750001 0.447741071875 0.10389385468750001 0.447741071875 0.15584357499999998 0.488508928125 0.15584357499999998 0.488508928125 0.10389385468750001
1 0.6115625 0.00834636875 0.447741071875 0.00834636875 0.447741071875 0.141927375 0.6115625 0.141927375 0.6115625 0.00834636875
1 0.9710892859375001 0.018553071875 0.5811696421875 0.018553071875 0.5811696421875 0.4740279328125 0.9710892859375001 0.4740279328125 0.9710892859375001 0.018553071875
1 0.701258928125 0.30426815625 0.5841383921875 0.30426815625 0.5841383921875 0.49443575468749995 0.701258928125 0.49443575468749995 0.701258928125 0.30426815625
8 0.7272053578125 0.82003910625 0.716084821875 0.82003910625 0.716084821875 0.8339553078125 0.7272053578125 0.8339553078125 0.7272053578125 0.82003910625
8 0.083022321875 0.6901675984375 0.0674553578125 0.6901675984375 0.0674553578125 0.7124357546875 0.083022321875 0.7124357546875 0.083022321875 0.6901675984375
8 0.489991071875 0.042670390625 0.475165178125 0.042670390625 0.475165178125 0.06864804531249999 0.489991071875 0.06864804531249999 0.489991071875 0.042670390625
8 0.516678571875 0.025044692187500002 0.5040758921874999 0.025044692187500002 0.5040758921874999 0.0482402234375 0.516678571875 0.0482402234375 0.516678571875 0.025044692187500002
8 0.58784375 0.018553071875 0.552258928125 0.018553071875 0.552258928125 0.051022346875 0.58784375 0.051022346875 0.58784375 0.018553071875
8 0.5574508921875 0.07050279375 0.5441071421875 0.07050279375 0.5441071421875 0.09091061406249999 0.5574508921875 0.09091061406249999 0.5574508921875 0.07050279375
8 0.5908080359375 0.08534636875 0.5745 0.08534636875 0.5745 0.104826815625 0.5908080359375 0.104826815625 0.5908080359375 0.08534636875
8 0.5641205359375 0.20964804531249998 0.55596875 0.20964804531249998 0.55596875 0.22263687187499998 0.5641205359375 0.22263687187499998 0.5641205359375 0.20964804531249998
8 0.4106741078125 0.21428491562500002 0.40103571406249994 0.21428491562500002 0.40103571406249994 0.22356424531250002 0.4106741078125 0.22356424531250002 0.4106741078125 0.21428491562500002
8 0.27724107187499997 0.0055642453125 0.21793749999999998 0.0055642453125 0.21793749999999998 0.07050279375 0.27724107187499997 0.07050279375 0.27724107187499997 0.0055642453125
8 0.32171875 0.0027821234375 0.2594508921875 0.0027821234375 0.2594508921875 0.02411731875 0.32171875 0.02411731875 0.32171875 0.0027821234375
8 0.7776116078124999 0.6382234640625 0.7627857140625001 0.6382234640625 0.7627857140625001 0.6512067046875 0.7776116078124999 0.6512067046875 0.7776116078124999 0.6382234640625
8 0.647147321875 0.6753296093750001 0.6360267859375 0.6753296093750001 0.6360267859375 0.6846033515625 0.647147321875 0.6846033515625 0.647147321875 0.6753296093750001
3 0.6916249999999999 0.7643798875 0.669383928125 0.7643798875 0.669383928125 0.785715084375 0.6916249999999999 0.785715084375 0.6916249999999999 0.7643798875
3 0.6945892859375 0.7653072625 0.669383928125 0.7653072625 0.669383928125 0.7940670390625 0.6945892859375 0.7940670390625 0.6945892859375 0.7653072625
3 0.6167544640625 0.72727374375 0.5937723218750001 0.72727374375 0.5937723218750001 0.753251396875 0.6167544640625 0.753251396875 0.6167544640625 0.72727374375
3 0.567084821875 0.6651229046875 0.5500357140625 0.6651229046875 0.5500357140625 0.6864581000000001 0.567084821875 0.6864581000000001 0.567084821875 0.6651229046875
3 0.515196428125 0.603899440625 0.49740624999999994 0.603899440625 0.49740624999999994 0.6298715078125 0.515196428125 0.6298715078125 0.515196428125 0.603899440625
3 0.3506294640625 0.7003743015625 0.312084821875 0.7003743015625 0.312084821875 0.752324021875 0.3506294640625 0.752324021875 0.3506294640625 0.7003743015625
3 0.343959821875 0.75788826875 0.3261696421875 0.75788826875 0.3261696421875 0.7949944140625 0.343959821875 0.7949944140625 0.343959821875 0.75788826875
3 0.49147321406250005 0.10760893906249999 0.44996428593750004 0.10760893906249999 0.44996428593750004 0.15491620156250002 0.49147321406250005 0.15491620156250002 0.49147321406250005 0.10760893906249999
3 0.625647321875 0.22541899375000002 0.5959955359375 0.22541899375000002 0.5959955359375 0.2708715078125 0.625647321875 0.2708715078125 0.625647321875 0.22541899375000002
3 0.91771875 0.46382122968750006 0.8984419640624999 0.46382122968750006 0.8984419640624999 0.49814525156249995 0.91771875 0.49814525156249995 0.91771875 0.46382122968750006
3 0.15566964218749998 0.25974301718750004 0.1237946421875 0.25974301718750004 0.1237946421875 0.3014860328125 0.15566964218749998 0.3014860328125 0.15566964218749998 0.25974301718750004
3 0.1475178578125 0.22078212343749998 0.1252767859375 0.22078212343749998 0.1252767859375 0.2476815640625 0.1475178578125 0.2476815640625 0.1475178578125 0.22078212343749998
3 0.2297991078125 0.043597765625 0.1964419640625 0.043597765625 0.1964419640625 0.0955474859375 0.2297991078125 0.0955474859375 0.2297991078125 0.043597765625
3 0.39140178593749997 0.7634525140624999 0.37509375 0.7634525140624999 0.37509375 0.785715084375 0.39140178593749997 0.785715084375 0.39140178593749997 0.7634525140624999
3 0.41734821406249994 0.370134078125 0.37954017812499996 0.370134078125 0.37954017812499996 0.4192960890625 0.41734821406249994 0.4192960890625 0.41734821406249994 0.370134078125
3 0.40845089218749997 0.4230055859375 0.3654553578125 0.4230055859375 0.3654553578125 0.4656815640625 0.40845089218749997 0.4656815640625 0.40845089218749997 0.4230055859375
8 0.40622767812499994 0.378480446875 0.39140178593749997 0.378480446875 0.39140178593749997 0.40259776562500005 0.40622767812499994 0.40259776562500005 0.40622767812499994 0.378480446875
8 0.394366071875 0.4276480453125 0.381022321875 0.4276480453125 0.381022321875 0.44155865937499994 0.394366071875 0.44155865937499994 0.394366071875 0.4276480453125
8 0.25722767812499997 0.9508379890624999 0.21793749999999998 0.9508379890624999 0.21793749999999998 0.9990782125000001 0.25722767812499997 0.9990782125000001 0.25722767812499997 0.9508379890624999
8 0.1260178578125 0.9146592171875 0.1104508921875 0.9146592171875 0.1104508921875 0.9341396640624999 0.1260178578125 0.9341396640624999 0.1260178578125 0.9146592171875
8 0.21497321406249997 0.9128044687499999 0.128241071875 0.9128044687499999 0.128241071875 0.9972234640625001 0.21497321406249997 0.9972234640625001 0.21497321406249997 0.9128044687499999
8 0.083022321875 0.8228212296875 0.06226785781250001 0.8228212296875 0.06226785781250001 0.85158100625 0.083022321875 0.85158100625 0.083022321875 0.8228212296875
8 0.10155803593749999 0.8089106140625001 0.0882142859375 0.8089106140625001 0.0882142859375 0.8274636875000001 0.10155803593749999 0.8274636875000001 0.10155803593749999 0.8089106140625001
8 0.11267410781250001 0.846944134375 0.0904375 0.846944134375 0.0904375 0.878480446875 0.11267410781250001 0.878480446875 0.11267410781250001 0.846944134375
8 0.16530803593750001 0.8339553078125 0.1149017859375 0.8339553078125 0.1149017859375 0.9044581 0.16530803593750001 0.9044581 0.16530803593750001 0.8339553078125
8 0.213491071875 0.2792234640625 0.1771696421875 0.2792234640625 0.1771696421875 0.33024022343750004 0.213491071875 0.33024022343750004 0.213491071875 0.2792234640625
8 0.09784821406250001 0.44063128437500004 0.081540178125 0.44063128437500004 0.081540178125 0.4591843578125 0.09784821406250001 0.4591843578125 0.09784821406250001 0.44063128437500004
3 0.9540401781250001 0.4007430171875 0.9140089281250001 0.4007430171875 0.9140089281250001 0.45176536250000005 0.9540401781250001 0.45176536250000005 0.9540401781250001 0.4007430171875