6 0.671875 0.7265625 0.09375 0.7265625 0.09375 0.99609375 0.671875 0.99609375 0.671875 0.7265625
4 0.0605491078125 0.3417991078125 0.00390625 0.3417991078125 0.00390625 0.43945535781249995 0.0605491078125 0.43945535781249995 0.0605491078125 0.3417991078125
4 0.15625 0.2597678578125 0.09765625 0.2597678578125 0.09765625 0.3359375 0.15625 0.3359375 0.15625 0.2597678578125
4 0.3984375 0.15234375 0.2832053578125 0.15234375 0.2832053578125 0.2285178578125 0.3984375 0.2285178578125 0.3984375 0.15234375
4 0.26171875 0.1269553578125 0.1699241078125 0.1269553578125 0.1699241078125 0.2558616078125 0.26171875 0.2558616078125 0.26171875 0.1269553578125
4 0.1699241078125 0.1269553578125 0.12109375 0.1269553578125 0.12109375 0.1855491078125 0.1699241078125 0.1855491078125 0.1699241078125 0.1269553578125
4 0.99609375 0.1171875 0.9238303578125 0.1171875 0.9238303578125 0.19921875 0.99609375 0.19921875 0.99609375 0.1171875
4 0.99609375 0.68359375 0.91796875 0.68359375 0.91796875 0.76171875 0.99609375 0.76171875 0.99609375 0.68359375
4 0.48633035781249995 0 0.48633035781249995 0.0332053578125 0.5722678578125 0.0332053578125 0.5722678578125 0 0.48633035781249995 0
4 0.7988303578125 0.00390625 0.734375 0.00390625 0.734375 0.03125 0.7988303578125 0.03125 0.7988303578125 0.00390625
2 0.9941428578125 0.0058616078125 0.0019553578125 0.0058616078125 0.0019553578125 0.7207053578125 0.9941428578125 0.7207053578125 0.9941428578125 0.0058616078125
8 0.5722678578125 0.9355491078125 0.47265625 0.9355491078125 0.47265625 0.9941428578125 0.5722678578125 0.9941428578125 0.5722678578125 0.9355491078125
4 0.9941428578125 0.5917991078125 0.9003928578125 0.5917991078125 0.9003928578125 0.6894553578125 0.9941428578125 0.6894553578125 0.9941428578125 0.5917991078125
4 0.9902366078125 0.5136741078125 0.95703125 0.5136741078125 0.95703125 0.55078125 0.9902366078125 0.55078125 0.9902366078125 0.5136741078125
5 0.5292991078125 0.5800803578125 0.1269553578125 0.5800803578125 0.1269553578125 0.9296875 0.5292991078125 0.9296875 0.5292991078125 0.5800803578125
8 0.2167991078125 0.8535178578125 0.1855491078125 0.8535178578125 0.1855491078125 0.8847678578125 0.2167991078125 0.8847678578125 0.2167991078125 0.8535178578125
8 0.375 0.9199241078125 0.30078125 0.9199241078125 0.30078125 0.9589866078125 0.375 0.9589866078125 0.375 0.9199241078125
8 0.234375 0.96484375 0.2089866078125 0.96484375 0.2089866078125 0.984375 0.234375 0.984375 0.234375 0.96484375
8 0.1191428578125 0.9160178578125 0.1015625 0.9160178578125 0.1015625 0.9375 0.1191428578125 0.9375 0.1191428578125 0.9160178578125
8 0.1582053578125 0.88671875 0.1308616078125 0.88671875 0.1308616078125 0.90625 0.1582053578125 0.90625 0.1582053578125 0.88671875