6 0.34754464218750003 0.52297938125 0.0949330359375 0.52297938125 0.0949330359375 0.9948659796875001 0.34754464218750003 0.9948659796875001 0.34754464218750003 0.52297938125
6 0.7184241078125 0.7561340203125 0.6065982140624999 0.7561340203125 0.6065982140624999 0.9911494843750001 0.7184241078125 0.9911494843750001 0.7184241078125 0.7561340203125
6 0.9847142859375 0.020438143750000002 0.00965625 0.020438143750000002 0.00965625 0.979072165625 0.9847142859375 0.979072165625 0.9847142859375 0.020438143750000002
6 0.9115044640625 0.75427835 0.722446428125 0.75427835 0.722446428125 0.9707164953125 0.9115044640625 0.9707164953125 0.9115044640625 0.75427835
6 0.30490625 0.28796391718750003 0.033790178125 0.28796391718750003 0.033790178125 0.536912371875 0.30490625 0.536912371875 0.30490625 0.28796391718750003
8 0.5132723218749999 0.5090463921875 0.46661160781250005 0.5090463921875 0.46661160781250005 0.555489690625 0.5132723218749999 0.555489690625 0.5132723218749999 0.5090463921875
8 0.5341919640625 0.4941804125 0.5068392859374999 0.4941804125 0.5068392859374999 0.5174072171875 0.5341919640625 0.5174072171875 0.5341919640625 0.4941804125
8 0.5712008921875 0.555489690625 0.54384375 0.555489690625 0.54384375 0.5917164953125 0.5712008921875 0.5917164953125 0.5712008921875 0.555489690625
8 0.590508928125 0.5796443296875 0.560741071875 0.5796443296875 0.560741071875 0.622371134375 0.590508928125 0.622371134375 0.590508928125 0.5796443296875
8 0.483508928125 0.6000773203125 0.4577633921875 0.6000773203125 0.4577633921875 0.64188144375 0.483508928125 0.64188144375 0.483508928125 0.6000773203125
8 0.4923571421875 0.64188144375 0.45615625 0.64188144375 0.45615625 0.6771752578125 0.4923571421875 0.6771752578125 0.4923571421875 0.64188144375
8 0.44730357187500003 0.6651030921875 0.42558482187499996 0.6651030921875 0.42558482187499996 0.6864690718750001 0.44730357187500003 0.6864690718750001 0.44730357187500003 0.6651030921875
8 0.38616071406249997 0.53970103125 0.3555892859375 0.53970103125 0.3555892859375 0.5935773203125 0.38616071406249997 0.5935773203125 0.38616071406249997 0.53970103125
8 0.4328258921875 0.5833556703125 0.4135178578125 0.5833556703125 0.4135178578125 0.614010309375 0.4328258921875 0.614010309375 0.4328258921875 0.5833556703125
8 0.65728125 0.41615463906250005 0.6427991078125 0.41615463906250005 0.6427991078125 0.45238144374999995 0.65728125 0.45238144374999995 0.65728125 0.41615463906250005
3 0.7345133921875 0.41801030937499994 0.6838303578125 0.41801030937499994 0.6838303578125 0.48210824687500003 0.7345133921875 0.48210824687500003 0.7345133921875 0.41801030937499994
2 0.46500446406249996 0.53970103125 0.313758928125 0.53970103125 0.313758928125 0.7375567015625 0.46500446406249996 0.7375567015625 0.46500446406249996 0.53970103125