8 0.940696428125 0.5064972062499999 0.9117857140625001 0.5064972062499999 0.9117857140625001 0.542675978125 0.940696428125 0.542675978125 0.940696428125 0.5064972062499999
8 0.8154196421875 0.3330279328125 0.7865089281250001 0.3330279328125 0.7865089281250001 0.362709496875 0.8154196421875 0.362709496875 0.8154196421875 0.3330279328125
8 0.851 0.26067039062499997 0.8206071421875001 0.26067039062499997 0.8206071421875001 0.340446928125 0.851 0.340446928125 0.851 0.26067039062499997
8 0.7175669640625 0.23005586562499997 0.68865625 0.23005586562499997 0.68865625 0.26067039062499997 0.7175669640625 0.26067039062499997 0.7175669640625 0.23005586562499997
8 0.7398080359375 0.22449162031249997 0.7175669640625 0.22449162031249997 0.7175669640625 0.2588156421875 0.7398080359375 0.2588156421875 0.7398080359375 0.22449162031249997
8 0.7709419640624999 0.20222905 0.7494419640625 0.20222905 0.7494419640625 0.22634636874999997 0.7709419640624999 0.22634636874999997 0.7709419640624999 0.20222905
8 0.779834821875 0.159553071875 0.7642678578125001 0.159553071875 0.7642678578125001 0.175324021875 0.779834821875 0.175324021875 0.779834821875 0.159553071875
8 0.841366071875 0.14564245781250001 0.8317276781249999 0.14564245781250001 0.8317276781249999 0.16790502812500002 0.841366071875 0.16790502812500002 0.841366071875 0.14564245781250001
8 0.7768705359375 0.3654916203125 0.746477678125 0.3654916203125 0.746477678125 0.3970335203125 0.7768705359375 0.3970335203125 0.7768705359375 0.3654916203125
8 0.73684375 0.377553071875 0.7175669640625 0.377553071875 0.7175669640625 0.40723463750000005 0.73684375 0.40723463750000005 0.73684375 0.377553071875
8 0.6545580359375001 0.3951787703125 0.6212008921875001 0.3951787703125 0.6212008921875001 0.41744134062500005 0.6545580359375001 0.41744134062500005 0.6545580359375001 0.3951787703125
8 0.6174955359375 0.36734636875 0.5922901781250001 0.36734636875 0.5922901781250001 0.3970335203125 0.6174955359375 0.3970335203125 0.6174955359375 0.36734636875
8 0.754633928125 0.5723575421875 0.73684375 0.5723575421875 0.73684375 0.5946201125 0.754633928125 0.5946201125 0.754633928125 0.5723575421875
8 0.8220892859375001 0.5398882687500001 0.8057812500000001 0.5398882687500001 0.8057812500000001 0.5723575421875 0.8220892859375001 0.5723575421875 0.8220892859375001 0.5398882687500001
8 0.841366071875 0.562156425 0.828022321875 0.562156425 0.828022321875 0.5825642453125 0.841366071875 0.5825642453125 0.841366071875 0.562156425
8 0.8124553578124999 0.5788547484375 0.796147321875 0.5788547484375 0.796147321875 0.612245809375 0.8124553578124999 0.612245809375 0.8124553578124999 0.5788547484375
8 0.7946607140624999 0.5983351953125 0.7768705359375 0.5983351953125 0.7768705359375 0.6150279328125 0.7946607140624999 0.6150279328125 0.7946607140624999 0.5983351953125
8 0.5500357140625 0.4053798875 0.53446875 0.4053798875 0.53446875 0.43321229062500005 0.5500357140625 0.43321229062500005 0.5500357140625 0.4053798875
8 0.6093392859375 0.0936927375 0.5885848218749999 0.0936927375 0.5885848218749999 0.11781005625 0.6093392859375 0.11781005625 0.6093392859375 0.0936927375
8 0.5774642859375 0.038960893749999996 0.552258928125 0.038960893749999996 0.552258928125 0.07050279375 0.5774642859375 0.07050279375 0.5774642859375 0.038960893749999996
8 0.555227678125 0.0714301671875 0.5359508921875 0.0714301671875 0.5359508921875 0.09091061406249999 0.555227678125 0.09091061406249999 0.555227678125 0.0714301671875
8 0.5003705359375 0.061223464062499997 0.4840625 0.061223464062499997 0.4840625 0.081631284375 0.5003705359375 0.081631284375 0.5003705359375 0.061223464062499997
8 0.2816919640625 0.25046368750000003 0.25796874999999997 0.25046368750000003 0.25796874999999997 0.2820055859375 0.2816919640625 0.2820055859375 0.2816919640625 0.25046368750000003
8 0.2868794640625 0.24211731875 0.2735357140625 0.24211731875 0.2735357140625 0.26437988749999997 0.2868794640625 0.26437988749999997 0.2868794640625 0.24211731875
8 0.2965178578125 0.21613966406250001 0.2787232140625 0.21613966406250001 0.2787232140625 0.24211731875 0.2965178578125 0.24211731875 0.2965178578125 0.21613966406250001
8 0.2965178578125 0.481446928125 0.2787232140625 0.481446928125 0.2787232140625 0.503715084375 0.2965178578125 0.503715084375 0.2965178578125 0.481446928125
8 0.28836160781250003 0.5018547484375 0.272053571875 0.5018547484375 0.272053571875 0.52226815625 0.28836160781250003 0.52226815625 0.28836160781250003 0.5018547484375
8 0.3135669640625 0.5241229046875 0.29948214218749997 0.5241229046875 0.29948214218749997 0.5445307265625 0.3135669640625 0.5445307265625 0.3135669640625 0.5241229046875
8 0.3269107140625 0.503715084375 0.3135669640625 0.503715084375 0.3135669640625 0.5278324015625 0.3269107140625 0.5278324015625 0.3269107140625 0.503715084375
8 0.7435133921875 0.27644134062500003 0.7272053578125 0.27644134062500003 0.7272053578125 0.3024134078125 0.7435133921875 0.3024134078125 0.7435133921875 0.27644134062500003
8 0.521125 0.205938546875 0.503334821875 0.205938546875 0.503334821875 0.23376536250000002 0.521125 0.23376536250000002 0.521125 0.205938546875
8 0.4729419640625 0.0751396640625 0.45885714218749996 0.0751396640625 0.45885714218749996 0.10111173124999999 0.4729419640625 0.10111173124999999 0.4729419640625 0.0751396640625
3 0.4840625 0.8181843578124999 0.45663392812500003 0.8181843578124999 0.45663392812500003 0.8627094968750001 0.4840625 0.8627094968750001 0.4840625 0.8181843578124999
3 0.3409955359375 0.1539888265625 0.2557455359375 0.1539888265625 0.2557455359375 0.246754190625 0.3409955359375 0.246754190625 0.3409955359375 0.1539888265625
3 0.303928571875 0.4703184359375 0.26760714218750004 0.4703184359375 0.26760714218750004 0.52226815625 0.303928571875 0.52226815625 0.303928571875 0.4703184359375
3 0.3461830359375 0.49814525156249995 0.298 0.49814525156249995 0.298 0.5603016765625 0.3461830359375 0.5603016765625 0.3461830359375 0.49814525156249995
3 0.9733124999999999 0.2940670390625 0.9518169640625 0.2940670390625 0.9518169640625 0.32931284843749997 0.9733124999999999 0.32931284843749997 0.9733124999999999 0.2940670390625
8 0.8480357140624999 0.1855307265625 0.8346919640625 0.1855307265625 0.8346919640625 0.2077932953125 0.8480357140624999 0.2077932953125 0.8480357140624999 0.1855307265625
7 0.17420089218749998 0.4313575421875 0.000741071875 0.4313575421875 0.000741071875 0.9972234640625001 0.17420089218749998 0.9972234640625001 0.17420089218749998 0.4313575421875
7 0.587102678125 0.63265363125 0.1756875 0.63265363125 0.1756875 0.9990782125000001 0.587102678125 0.9990782125000001 0.587102678125 0.63265363125
3 0.8680491078125 0.4155865921875 0.8428482140625 0.4155865921875 0.8428482140625 0.4443407828125 0.8680491078125 0.4443407828125 0.8680491078125 0.4155865921875
5 0.7538928578124999 0.1233798875 0.656040178125 0.1233798875 0.656040178125 0.1985139671875 0.7538928578124999 0.1985139671875 0.7538928578124999 0.1233798875
8 0.32171875 0.175324021875 0.28984375 0.175324021875 0.28984375 0.192022346875 0.32171875 0.192022346875 0.32171875 0.175324021875
8 0.47590625 0.831173184375 0.46553125 0.831173184375 0.46553125 0.8580726249999999 0.47590625 0.8580726249999999 0.47590625 0.831173184375