4 0.3144553578125 0.2910178578125 0.00390625 0.2910178578125 0.00390625 0.34765625 0.3144553578125 0.34765625 0.3144553578125 0.2910178578125
4 0.43359375 0.3730491078125 0.37109375 0.3730491078125 0.37109375 0.45898660781249995 0.43359375 0.45898660781249995 0.43359375 0.3730491078125
3 0.5371116078125 0.01171875 0.2128928578125 0.01171875 0.2128928578125 0.2949241078125 0.5371116078125 0.2949241078125 0.5371116078125 0.01171875
3 0.30078125 0.4609375 0.2324241078125 0.4609375 0.2324241078125 0.5546875 0.30078125 0.5546875 0.30078125 0.4609375
3 0.375 0.421875 0.29296875 0.421875 0.29296875 0.5058616078125 0.375 0.5058616078125 0.375 0.421875
3 0.56640625 0.515625 0.3984375 0.515625 0.3984375 0.734375 0.56640625 0.734375 0.56640625 0.515625
3 0.1328125 0.34765625 0.015625 0.34765625 0.015625 0.6386741078125 0.1328125 0.6386741078125 0.1328125 0.34765625
8 0.078125 0.6484375 0.0136741078125 0.6484375 0.0136741078125 0.7167991078125 0.078125 0.7167991078125 0.078125 0.6484375
8 0.1425803578125 0.6933616078125 0.08984375 0.6933616078125 0.08984375 0.73828125 0.1425803578125 0.73828125 0.1425803578125 0.6933616078125
8 0.23828125 0.74609375 0.19140625 0.74609375 0.19140625 0.7890625 0.23828125 0.7890625 0.23828125 0.74609375
8 0.2949241078125 0.7421875 0.2519553578125 0.7421875 0.2519553578125 0.8027366078125 0.2949241078125 0.8027366078125 0.2949241078125 0.7421875
8 0.1386741078125 0.7890625 0.015625 0.7890625 0.015625 0.8515625 0.1386741078125 0.8515625 0.1386741078125 0.7890625
4 0.1464866078125 0.7910178578125 0.01171875 0.7910178578125 0.01171875 0.8515625 0.1464866078125 0.8515625 0.1464866078125 0.7910178578125
4 0.6660178578125 0.7167991078125 0.6269553578125 0.7167991078125 0.6269553578125 0.7597678578125 0.6660178578125 0.7597678578125 0.6660178578125 0.7167991078125
4 0.6699241078125 0.78125 0.625 0.78125 0.625 0.8496116078125 0.6699241078125 0.8496116078125 0.6699241078125 0.78125
4 0.5449241078125 0.8847678578125 0.46679910781249995 0.8847678578125 0.46679910781249995 0.9433616078125 0.5449241078125 0.9433616078125 0.5449241078125 0.8847678578125
4 0.43945535781249995 0.84375 0.3984375 0.84375 0.3984375 0.8925803578125 0.43945535781249995 0.8925803578125 0.43945535781249995 0.84375
4 0.28125 0.87109375 0.2441428578125 0.87109375 0.2441428578125 0.9199241078125 0.28125 0.9199241078125 0.28125 0.87109375
3 0.6230491078125 0.0058616078125 0.5078125 0.0058616078125 0.5078125 0.04296875 0.6230491078125 0.04296875 0.6230491078125 0.0058616078125
3 0.48828125 0.0410178578125 0.3828125 0.0410178578125 0.3828125 0.1796875 0.48828125 0.1796875 0.48828125 0.0410178578125
3 0.3144553578125 0.0410178578125 0.2402366078125 0.0410178578125 0.2402366078125 0.10546875 0.3144553578125 0.10546875 0.3144553578125 0.0410178578125
4 0.6386741078125 0.5371116078125 0.6191428578125 0.5371116078125 0.6191428578125 0.55859375 0.6386741078125 0.55859375 0.6386741078125 0.5371116078125
4 0.66015625 0.546875 0.640625 0.546875 0.640625 0.57421875 0.66015625 0.57421875 0.66015625 0.546875
4 0.6015625 0.5527366078125 0.5703125 0.5527366078125 0.5703125 0.58984375 0.6015625 0.58984375 0.6015625 0.5527366078125
4 0.6074241078125 0.8808616078125 0.5878928578125 0.8808616078125 0.5878928578125 0.90625 0.6074241078125 0.90625 0.6074241078125 0.8808616078125
4 0.6425803578125 0.8964866078125 0.62109375 0.8964866078125 0.62109375 0.92578125 0.6425803578125 0.92578125 0.6425803578125 0.8964866078125
4 0.15234375 0.8613303578125 0.12890625 0.8613303578125 0.12890625 0.88671875 0.15234375 0.88671875 0.15234375 0.8613303578125
4 0.2988303578125 0.7441428578125 0.2558616078125 0.7441428578125 0.2558616078125 0.79296875 0.2988303578125 0.79296875 0.2988303578125 0.7441428578125
4 0.3652366078125 0.7753928578125 0.32421875 0.7753928578125 0.32421875 0.8222678578125 0.3652366078125 0.8222678578125 0.3652366078125 0.7753928578125
4 0.41992410781249995 0.7792991078125 0.39453125 0.7792991078125 0.39453125 0.8046875 0.41992410781249995 0.8046875 0.41992410781249995 0.7792991078125
4 0.0839866078125 0.3574241078125 0.0410178578125 0.3574241078125 0.0410178578125 0.4765625 0.0839866078125 0.4765625 0.0839866078125 0.3574241078125
4 0.07421875 0.48828125 0.02734375 0.48828125 0.02734375 0.6015625 0.07421875 0.6015625 0.07421875 0.48828125
4 0.1113303578125 0.5253928578125 0.08203125 0.5253928578125 0.08203125 0.6152366078125 0.1113303578125 0.6152366078125 0.1113303578125 0.5253928578125
4 0.3300803578125 0.44726785781249995 0.30859375 0.44726785781249995 0.30859375 0.47461160781249995 0.3300803578125 0.47461160781249995 0.3300803578125 0.44726785781249995
4 0.38671875 0.11328125 0.2871116078125 0.11328125 0.2871116078125 0.1621116078125 0.38671875 0.1621116078125 0.38671875 0.11328125
4 0.30859375 0.046875 0.25390625 0.046875 0.25390625 0.0996116078125 0.30859375 0.0996116078125 0.30859375 0.046875
4 0.61328125 0.0078125 0.515625 0.0078125 0.515625 0.0332053578125 0.61328125 0.0332053578125 0.61328125 0.0078125
4 0.515625 0.1484375 0.3847678578125 0.1484375 0.3847678578125 0.2832053578125 0.515625 0.2832053578125 0.515625 0.1484375
4 0.46679910781249995 0.0488303578125 0.3984375 0.0488303578125 0.3984375 0.17578125 0.46679910781249995 0.17578125 0.46679910781249995 0.0488303578125
4 0.5488303578125 0.51953125 0.40039285781249995 0.51953125 0.40039285781249995 0.7265625 0.5488303578125 0.7265625 0.5488303578125 0.51953125
3 0.2441428578125 0.6328125 0.1542991078125 0.6328125 0.1542991078125 0.7128928578125 0.2441428578125 0.7128928578125 0.2441428578125 0.6328125
4 0.0722678578125 0.6542991078125 0.01953125 0.6542991078125 0.01953125 0.7089866078125 0.0722678578125 0.7089866078125 0.0722678578125 0.6542991078125
4 0.140625 0.69921875 0.09375 0.69921875 0.09375 0.734375 0.140625 0.734375 0.140625 0.69921875
4 0.234375 0.7519553578125 0.1933616078125 0.7519553578125 0.1933616078125 0.7890625 0.234375 0.7890625 0.234375 0.7519553578125
4 0.4921875 0.9707053578125 0.4609375 0.9707053578125 0.4609375 0.99609375 0.4921875 0.99609375 0.4921875 0.9707053578125
4 0.1582053578125 0.53125 0.1191428578125 0.53125 0.1191428578125 0.6074241078125 0.1582053578125 0.6074241078125 0.1582053578125 0.53125
4 0.2871116078125 0.5488303578125 0.171875 0.5488303578125 0.171875 0.6484375 0.2871116078125 0.6484375 0.2871116078125 0.5488303578125
4 0.2988303578125 0.46484375 0.2363303578125 0.46484375 0.2363303578125 0.54296875 0.2988303578125 0.54296875 0.2988303578125 0.46484375
4 0.23828125 0.30859375 0.2050803578125 0.30859375 0.2050803578125 0.3613303578125 0.23828125 0.3613303578125 0.23828125 0.30859375
4 0 0.234375 0.0371116078125 0.234375 0.0371116078125 0.1777366078125 0 0.1777366078125 0 0.234375
8 0.5214866078125 0.5878928578125 0.49609375 0.5878928578125 0.49609375 0.62109375 0.5214866078125 0.62109375 0.5214866078125 0.5878928578125
8 0.53125 0.5566428578125 0.5175803578125 0.5566428578125 0.5175803578125 0.578125 0.53125 0.578125 0.53125 0.5566428578125
8 0.42383035781249995 0.58984375 0.390625 0.58984375 0.390625 0.6035178578125 0.42383035781249995 0.6035178578125 0.42383035781249995 0.58984375
8 0.43554910781249995 0.6191428578125 0.41796875 0.6191428578125 0.41796875 0.640625 0.43554910781249995 0.640625 0.43554910781249995 0.6191428578125
8 0.2285178578125 0.5449241078125 0.203125 0.5449241078125 0.203125 0.59375 0.2285178578125 0.59375 0.2285178578125 0.5449241078125
8 0.23046875 0.6074241078125 0.1875 0.6074241078125 0.1875 0.6484375 0.23046875 0.6484375 0.23046875 0.6074241078125
8 0.15625 0.5488303578125 0.125 0.5488303578125 0.125 0.5996116078125 0.15625 0.5996116078125 0.15625 0.5488303578125
8 0.3261741078125 0.44726785781249995 0.30859375 0.44726785781249995 0.30859375 0.4765625 0.3261741078125 0.4765625 0.3261741078125 0.44726785781249995
8 0.296875 0.46484375 0.265625 0.46484375 0.265625 0.53125 0.296875 0.53125 0.296875 0.46484375
8 0.2988303578125 0.3691428578125 0.27734375 0.3691428578125 0.27734375 0.41211160781249995 0.2988303578125 0.41211160781249995 0.2988303578125 0.3691428578125