8 0.43359375 0.484375 0.25 0.484375 0.25 0.7246116078125 0.43359375 0.7246116078125 0.43359375 0.484375
8 0.484375 0.828125 0.3125 0.828125 0.3125 0.984375 0.484375 0.984375 0.484375 0.828125
8 0.8203125 0.3125 0.6640625 0.3125 0.6640625 0.6171875 0.8203125 0.6171875 0.8203125 0.3125
8 0.328125 0.9277366078125 0.17578125 0.9277366078125 0.17578125 0.9921875 0.328125 0.9921875 0.328125 0.9277366078125
8 0.2128928578125 0.6152366078125 0.05078125 0.6152366078125 0.05078125 0.78125 0.2128928578125 0.78125 0.2128928578125 0.6152366078125
8 0.1425803578125 0.1152366078125 0.02734375 0.1152366078125 0.02734375 0.41015625 0.1425803578125 0.41015625 0.1425803578125 0.1152366078125
5 0.14453125 0.1074241078125 0.025392857812500003 0.1074241078125 0.025392857812500003 0.4140625 0.14453125 0.4140625 0.14453125 0.1074241078125
8 0.90625 0.8769553578125 0.82421875 0.8769553578125 0.82421875 0.89453125 0.90625 0.89453125 0.90625 0.8769553578125
8 0.9121116078125 0.90625 0.84375 0.90625 0.84375 0.9667991078125 0.9121116078125 0.9667991078125 0.9121116078125 0.90625
8 0.859375 0.9433616078125 0.8261741078125 0.9433616078125 0.8261741078125 0.9941428578125 0.859375 0.9941428578125 0.859375 0.9433616078125
8 0.7265625 0.71484375 0.6621116078125 0.71484375 0.6621116078125 0.7890625 0.7265625 0.7890625 0.7265625 0.71484375
8 0.5527366078125 0.6015625 0.48633035781249995 0.6015625 0.48633035781249995 0.70703125 0.5527366078125 0.70703125 0.5527366078125 0.6015625
8 0.48046875 0.48046875 0.4296875 0.48046875 0.4296875 0.52734375 0.48046875 0.52734375 0.48046875 0.48046875
8 0.51171875 0.49609375 0.47265625 0.49609375 0.47265625 0.55078125 0.51171875 0.55078125 0.51171875 0.49609375
8 0.2636741078125 0.2792991078125 0.15625 0.2792991078125 0.15625 0.41601785781249995 0.2636741078125 0.41601785781249995 0.2636741078125 0.2792991078125
8 0.3359375 0.1269553578125 0.2421875 0.1269553578125 0.2421875 0.2910178578125 0.3359375 0.2910178578125 0.3359375 0.1269553578125
8 0.9628928578125 0.00390625 0.85546875 0.00390625 0.85546875 0.1191428578125 0.9628928578125 0.1191428578125 0.9628928578125 0.00390625
8 0.890625 0.0175803578125 0.75 0.0175803578125 0.75 0.1777366078125 0.890625 0.1777366078125 0.890625 0.0175803578125
8 0.65234375 0 0.65234375 0.2285178578125 0.7910178578125 0.2285178578125 0.7910178578125 0 0.65234375 0
8 0.7871116078125 0.2519553578125 0.74609375 0.2519553578125 0.74609375 0.2792991078125 0.7871116078125 0.2792991078125 0.7871116078125 0.2519553578125
8 0.8105491078125 0.3203125 0.765625 0.3203125 0.765625 0.40234375 0.8105491078125 0.40234375 0.8105491078125 0.3203125
8 0.76953125 0.3496116078125 0.7109375 0.3496116078125 0.7109375 0.42773660781249995 0.76953125 0.42773660781249995 0.76953125 0.3496116078125
8 0.78515625 0.40625 0.7285178578125 0.40625 0.7285178578125 0.47851785781249995 0.78515625 0.47851785781249995 0.78515625 0.40625
8 0.796875 0.484375 0.67578125 0.484375 0.67578125 0.55078125 0.796875 0.55078125 0.796875 0.484375
8 0.7285178578125 0.5449241078125 0.6855491078125 0.5449241078125 0.6855491078125 0.6328125 0.7285178578125 0.6328125 0.7285178578125 0.5449241078125
8 0.78515625 0.5410178578125 0.75 0.5410178578125 0.75 0.609375 0.78515625 0.609375 0.78515625 0.5410178578125
8 0.859375 0.56640625 0.80859375 0.56640625 0.80859375 0.66796875 0.859375 0.66796875 0.859375 0.56640625
8 0.9121116078125 0.6328125 0.8535178578125 0.6328125 0.8535178578125 0.7324241078125 0.9121116078125 0.7324241078125 0.9121116078125 0.6328125
8 0.9765625 0.47265625 0.91015625 0.47265625 0.91015625 0.6347678578125 0.9765625 0.6347678578125 0.9765625 0.47265625
8 0.9941428578125 0.3652366078125 0.91796875 0.3652366078125 0.91796875 0.50390625 0.9941428578125 0.50390625 0.9941428578125 0.3652366078125
8 0.9003928578125 0.2050803578125 0.86328125 0.2050803578125 0.86328125 0.2578125 0.9003928578125 0.2578125 0.9003928578125 0.2050803578125
8 0.9921875 0.1933616078125 0.9277366078125 0.1933616078125 0.9277366078125 0.33984375 0.9921875 0.33984375 0.9921875 0.1933616078125
8 1 0.6464866078125 0.953125 0.6464866078125 0.953125 0.7246116078125 1 0.7246116078125 1 0.6464866078125
8 0.9941428578125 0.7207053578125 0.8828125 0.7207053578125 0.8828125 0.84375 0.9941428578125 0.84375 0.9941428578125 0.7207053578125
8 0.5800803578125 0.029299107812500003 0.40429910781249995 0.029299107812500003 0.40429910781249995 0.2011741078125 0.5800803578125 0.2011741078125 0.5800803578125 0.029299107812500003
8 0.5996116078125 0.1035178578125 0.5 0.1035178578125 0.5 0.1894553578125 0.5996116078125 0.1894553578125 0.5996116078125 0.1035178578125
8 0.6816428578125 0.1269553578125 0.578125 0.1269553578125 0.578125 0.2558616078125 0.6816428578125 0.2558616078125 0.6816428578125 0.1269553578125
8 0.5527366078125 0.21484375 0.49023660781249995 0.21484375 0.49023660781249995 0.2890625 0.5527366078125 0.2890625 0.5527366078125 0.21484375
8 0.44140625 0.2519553578125 0.3691428578125 0.2519553578125 0.3691428578125 0.33203125 0.44140625 0.33203125 0.44140625 0.2519553578125
8 0.42578125 0.015625 0.26953125 0.015625 0.26953125 0.23828125 0.42578125 0.23828125 0.42578125 0.015625
8 0.14453125 0 0.14453125 0.078125 0.26171875 0.078125 0.26171875 0 0.14453125 0
8 0.20703125 0.1074241078125 0.1640625 0.1074241078125 0.1640625 0.2480491078125 0.20703125 0.2480491078125 0.20703125 0.1074241078125
8 0.41015625 0.3496116078125 0.3535178578125 0.3496116078125 0.3535178578125 0.3925803578125 0.41015625 0.3925803578125 0.41015625 0.3496116078125
8 0.5253928578125 0.2910178578125 0.484375 0.2910178578125 0.484375 0.3359375 0.5253928578125 0.3359375 0.5253928578125 0.2910178578125
8 0.59765625 0.3769553578125 0.5605491078125 0.3769553578125 0.5605491078125 0.44336160781249995 0.59765625 0.44336160781249995 0.59765625 0.3769553578125
3 0.515625 0.3847678578125 0.45703125 0.3847678578125 0.45703125 0.45508035781249995 0.515625 0.45508035781249995 0.515625 0.3847678578125
3 0.49609375 0.8359375 0.44140625 0.8359375 0.44140625 0.87109375 0.49609375 0.87109375 0.49609375 0.8359375
3 0.48633035781249995 0.9511741078125 0.4296875 0.9511741078125 0.4296875 0.9863303578125 0.48633035781249995 0.9863303578125 0.48633035781249995 0.9511741078125
3 0.3183616078125 0.9296875 0.1972678578125 0.9296875 0.1972678578125 0.9941428578125 0.3183616078125 0.9941428578125 0.3183616078125 0.9296875
3 0.1953125 0.7109375 0.1074241078125 0.7109375 0.1074241078125 0.7910178578125 0.1953125 0.7910178578125 0.1953125 0.7109375
3 0.5410178578125 0.6972678578125 0.44140625 0.6972678578125 0.44140625 0.7480491078125 0.5410178578125 0.7480491078125 0.5410178578125 0.6972678578125
3 0.40429910781249995 0.7402366078125 0.375 0.7402366078125 0.375 0.76171875 0.40429910781249995 0.76171875 0.40429910781249995 0.7402366078125
3 0.43945535781249995 0.7050803578125 0.41015625 0.7050803578125 0.41015625 0.734375 0.43945535781249995 0.734375 0.43945535781249995 0.7050803578125
3 0.3339866078125 0.48633035781249995 0.2753928578125 0.48633035781249995 0.2753928578125 0.55078125 0.3339866078125 0.55078125 0.3339866078125 0.48633035781249995
3 0.3066428578125 0.73046875 0.2675803578125 0.73046875 0.2675803578125 0.78125 0.3066428578125 0.78125 0.3066428578125 0.73046875
3 0.2246116078125 0.82421875 0.1894553578125 0.82421875 0.1894553578125 0.8535178578125 0.2246116078125 0.8535178578125 0.2246116078125 0.82421875
5 0.078125 0.3203125 0.00390625 0.3203125 0.00390625 0.6464866078125 0.078125 0.6464866078125 0.078125 0.3203125
3 0.11328125 0.7128928578125 0.07421875 0.7128928578125 0.07421875 0.7636741078125 0.11328125 0.7636741078125 0.11328125 0.7128928578125