3 0.9863303578125 0.1035178578125 0.6386741078125 0.1035178578125 0.6386741078125 0.32421875 0.9863303578125 0.32421875 0.9863303578125 0.1035178578125
3 0.8964866078125 0.3984375 0.765625 0.3984375 0.765625 0.49414285781249995 0.8964866078125 0.49414285781249995 0.8964866078125 0.3984375
3 0.65234375 0.6269553578125 0.57421875 0.6269553578125 0.57421875 0.6855491078125 0.65234375 0.6855491078125 0.65234375 0.6269553578125
3 0.66015625 0.703125 0.6035178578125 0.703125 0.6035178578125 0.82421875 0.66015625 0.82421875 0.66015625 0.703125
3 0.6113303578125 0.81640625 0.453125 0.81640625 0.453125 0.98828125 0.6113303578125 0.98828125 0.6113303578125 0.81640625
3 0.2714866078125 0.68359375 0.16796875 0.68359375 0.16796875 0.79296875 0.2714866078125 0.79296875 0.2714866078125 0.68359375
5 0.8046875 0.1738303578125 0.1699241078125 0.1738303578125 0.1699241078125 0.6191428578125 0.8046875 0.6191428578125 0.8046875 0.1738303578125
3 0.375 0.6386741078125 0.3105491078125 0.6386741078125 0.3105491078125 0.69140625 0.375 0.69140625 0.375 0.6386741078125
7 0.90625 0.88671875 0.7597678578125 0.88671875 0.7597678578125 0.9941428578125 0.90625 0.9941428578125 0.90625 0.88671875
3 0.6816428578125 0.8671875 0.640625 0.8671875 0.640625 0.89453125 0.6816428578125 0.89453125 0.6816428578125 0.8671875
3 0.921875 0.48046875 0.89453125 0.48046875 0.89453125 0.5097678578125 0.921875 0.5097678578125 0.921875 0.48046875
3 0.5683616078125 0.6972678578125 0.5410178578125 0.6972678578125 0.5410178578125 0.72265625 0.5683616078125 0.72265625 0.5683616078125 0.6972678578125
3 0.9628928578125 0.515625 0.93359375 0.515625 0.93359375 0.54296875 0.9628928578125 0.54296875 0.9628928578125 0.515625
3 0.81640625 0.6425803578125 0.78515625 0.6425803578125 0.78515625 0.671875 0.81640625 0.671875 0.81640625 0.6425803578125
4 0.578125 0.8339866078125 0.47265625 0.8339866078125 0.47265625 0.9824241078125 0.578125 0.9824241078125 0.578125 0.8339866078125
4 0.6542991078125 0.7050803578125 0.6191428578125 0.7050803578125 0.6191428578125 0.8105491078125 0.6542991078125 0.8105491078125 0.6542991078125 0.7050803578125
4 0.9609375 0.13671875 0.9316428578125 0.13671875 0.9316428578125 0.171875 0.9609375 0.171875 0.9609375 0.13671875