8 0.739375 0.63645238125 0.701133928125 0.63645238125 0.701133928125 0.6808333328125 0.739375 0.6808333328125 0.739375 0.63645238125
8 0.6777633921875 0.094428571875 0.6048169640625 0.094428571875 0.6048169640625 0.16902976249999999 0.6777633921875 0.16902976249999999 0.6777633921875 0.094428571875
8 0.5842767859375 0.024553571875 0.48229464218749996 0.024553571875 0.48229464218749996 0.070821428125 0.5842767859375 0.070821428125 0.5842767859375 0.024553571875
8 0.4022678578125 0.012273809375 0.3328616078125 0.012273809375 0.3328616078125 0.037773809375 0.4022678578125 0.037773809375 0.4022678578125 0.012273809375
8 0.2648705359375 0.0594880953125 0.2067991078125 0.0594880953125 0.2067991078125 0.1133154765625 0.2648705359375 0.1133154765625 0.2648705359375 0.0594880953125
8 0.30240625 0.0594880953125 0.2152991078125 0.0594880953125 0.2152991078125 0.124648809375 0.30240625 0.124648809375 0.30240625 0.0594880953125
8 0.2223794640625 0.1303095234375 0.20821428593750002 0.1303095234375 0.20821428593750002 0.16902976249999999 0.2223794640625 0.16902976249999999 0.2223794640625 0.1303095234375
8 0.2415 0.13503571406249998 0.2223794640625 0.13503571406249998 0.2223794640625 0.20774404687499998 0.2415 0.20774404687499998 0.2415 0.13503571406249998
8 0.17705357187499998 0.1680833328125 0.168553571875 0.1680833328125 0.168553571875 0.1803571421875 0.17705357187499998 0.1803571421875 0.17705357187499998 0.1680833328125
8 0.1572232140625 0.20207738125 0.1487232140625 0.20207738125 0.1487232140625 0.2209642859375 0.1572232140625 0.2209642859375 0.1572232140625 0.20207738125
8 0.1720982140625 0.1926369046875 0.166428571875 0.1926369046875 0.166428571875 0.2058571421875 0.1720982140625 0.2058571421875 0.1720982140625 0.1926369046875
8 0.2917857140625 0.12842261875 0.24575 0.12842261875 0.24575 0.2823392859375 0.2917857140625 0.2823392859375 0.2917857140625 0.12842261875
8 0.262040178125 0.29933928593750003 0.253540178125 0.29933928593750003 0.253540178125 0.309726190625 0.262040178125 0.309726190625 0.262040178125 0.29933928593750003
8 0.34702678593749997 0.0727083328125 0.292491071875 0.0727083328125 0.292491071875 0.27856547656249997 0.34702678593749997 0.27856547656249997 0.34702678593749997 0.0727083328125
8 0.3378169640625 0.05004761875 0.329321428125 0.05004761875 0.329321428125 0.062321428125 0.3378169640625 0.062321428125 0.3378169640625 0.05004761875
8 0.37039732187499996 0.052880953125 0.3491517859375 0.052880953125 0.3491517859375 0.11520238125 0.37039732187499996 0.11520238125 0.37039732187499996 0.052880953125
8 0.3569419640625 0.12370238125 0.3413616078125 0.12370238125 0.3413616078125 0.14542261875 0.3569419640625 0.14542261875 0.3569419640625 0.12370238125
8 0.3824375 0.16525 0.325071428125 0.16525 0.325071428125 0.2700654765625 0.3824375 0.2700654765625 0.3824375 0.16525
8 0.361897321875 0.1803571421875 0.35269196406250003 0.1803571421875 0.35269196406250003 0.20868452343750002 0.361897321875 0.20868452343750002 0.361897321875 0.1803571421875
8 0.38456250000000003 0.15675 0.3611919640625 0.15675 0.3611919640625 0.19357738124999999 0.38456250000000003 0.19357738124999999 0.38456250000000003 0.15675
8 0.3958928578125 0.04532738125 0.38172767812499997 0.04532738125 0.38172767812499997 0.149196428125 0.3958928578125 0.149196428125 0.3958928578125 0.04532738125
8 0.5382455359375 0.0481607140625 0.441928571875 0.0481607140625 0.441928571875 0.2587321421875 0.5382455359375 0.2587321421875 0.5382455359375 0.0481607140625
8 0.4199732140625 0.3116130953125 0.40439285781249995 0.3116130953125 0.40439285781249995 0.359773809375 0.4199732140625 0.359773809375 0.4199732140625 0.3116130953125
8 0.3824375 0.3201130953125 0.3718125 0.3201130953125 0.3718125 0.3531607140625 0.3824375 0.3531607140625 0.3824375 0.3201130953125
8 0.364022321875 0.3201130953125 0.355522321875 0.3201130953125 0.355522321875 0.3446666671875 0.364022321875 0.3446666671875 0.364022321875 0.3201130953125
8 0.3300267859375 0.34750000000000003 0.31586607187500004 0.34750000000000003 0.31586607187500004 0.366380953125 0.3300267859375 0.366380953125 0.3300267859375 0.34750000000000003
8 0.56090625 0.10386904687500001 0.5212455359375 0.10386904687500001 0.5212455359375 0.20207738125 0.56090625 0.20207738125 0.56090625 0.10386904687500001
8 0.55878125 0.1605297625 0.5375357140625 0.1605297625 0.5375357140625 0.2474047625 0.55878125 0.2474047625 0.55878125 0.1605297625
8 0.605522321875 0.1784702375 0.565866071875 0.1784702375 0.565866071875 0.29367261875 0.605522321875 0.29367261875 0.605522321875 0.1784702375
8 0.623227678125 0.231351190625 0.5963169640625 0.231351190625 0.5963169640625 0.3172797625 0.623227678125 0.3172797625 0.623227678125 0.231351190625
8 0.6451830359375 0.2559047625 0.6154375 0.2559047625 0.6154375 0.33144642812499997 0.6451830359375 0.33144642812499997 0.6451830359375 0.2559047625
8 0.6260625 0.3408869046875 0.6189821421875 0.3408869046875 0.6189821421875 0.35127380937499997 0.6260625 0.35127380937499997 0.6260625 0.3408869046875
8 0.6593482140625 0.3305 0.6281875 0.3305 0.6281875 0.40037500000000004 0.6593482140625 0.40037500000000004 0.6593482140625 0.3305
8 0.5779017859375 0.42115476249999995 0.5594910718749999 0.42115476249999995 0.5594910718749999 0.46175595312500006 0.5779017859375 0.46175595312500006 0.5779017859375 0.42115476249999995
8 0.49858482187500003 0.3408869046875 0.4830044640625 0.3408869046875 0.4830044640625 0.41832142812499995 0.49858482187500003 0.41832142812499995 0.49858482187500003 0.3408869046875
8 0.628897321875 0.4844166671875 0.5998571421875 0.4844166671875 0.5998571421875 0.5212440468749999 0.628897321875 0.5212440468749999 0.628897321875 0.4844166671875
8 0.6458928578124999 0.5240773812499999 0.6331428578125 0.5240773812499999 0.6331428578125 0.5590178578125 0.6458928578124999 0.5590178578125 0.6458928578124999 0.5240773812499999
8 0.6550982140625 0.5476845234375001 0.646602678125 0.5476845234375001 0.646602678125 0.5561845234375 0.6550982140625 0.5561845234375 0.6550982140625 0.5476845234375001
8 0.684133928125 0.53729761875 0.6607633921875 0.53729761875 0.6607633921875 0.5845119046875 0.684133928125 0.5845119046875 0.684133928125 0.53729761875
8 0.69759375 0.5712916671875 0.685553571875 0.5712916671875 0.685553571875 0.5920654765625 0.69759375 0.5920654765625 0.69759375 0.5712916671875
8 0.7117544640625 0.5845119046875 0.6940491078125001 0.5845119046875 0.6940491078125001 0.61945238125 0.7117544640625 0.61945238125 0.7117544640625 0.5845119046875
8 0.635977678125 0.40510119062500005 0.625352678125 0.40510119062500005 0.625352678125 0.41642857187500004 0.635977678125 0.41642857187500004 0.635977678125 0.40510119062500005
8 0.1515580359375 0.309726190625 0.1430580359375 0.309726190625 0.1430580359375 0.3371130953125 0.1515580359375 0.3371130953125 0.1515580359375 0.309726190625
8 0.609772321875 1 0.609772321875 0.9754464281249999 0.5375357140625 0.9754464281249999 0.5375357140625 1 0.609772321875 1
4 0.07153125 0.1869702375 0.000709821875 0.1869702375 0.000709821875 0.20963095312500002 0.07153125 0.20963095312500002 0.07153125 0.1869702375
4 0.0453258921875 0.21813095312500003 0.002125 0.21813095312500003 0.002125 0.23607142812499998 0.0453258921875 0.23607142812499998 0.0453258921875 0.21813095312500003
4 0.1310178578125 0.3305 0.002834821875 0.3305 0.002834821875 0.3522202375 0.1310178578125 0.3522202375 0.1310178578125 0.3305
4 0.0233705359375 0.35882738125 0.002125 0.35882738125 0.002125 0.37582738125000004 0.0233705359375 0.37582738125000004 0.0233705359375 0.35882738125
4 0.063741071875 0.35882738125 0.0269107140625 0.35882738125 0.0269107140625 0.3777142859375 0.063741071875 0.3777142859375 0.063741071875 0.35882738125
4 0.979459821875 0.04532738125 0.933428571875 0.04532738125 0.933428571875 0.1010416671875 0.979459821875 0.1010416671875 0.979459821875 0.04532738125
5 0.570821428125 0.690273809375 0.2252142859375 0.690273809375 0.2252142859375 0.9943333328125 0.570821428125 0.9943333328125 0.570821428125 0.690273809375