4 0.98828125 0.0605491078125 0.0136741078125 0.0605491078125 0.0136741078125 0.30859375 0.98828125 0.30859375 0.98828125 0.0605491078125
4 0.51953125 0.8359375 0.3359375 0.8359375 0.3359375 0.9980491078125 0.51953125 0.9980491078125 0.51953125 0.8359375
4 0.52734375 0.5292991078125 0.39453125 0.5292991078125 0.39453125 0.7558616078125 0.52734375 0.7558616078125 0.52734375 0.5292991078125
4 0.7988303578125 0.40039285781249995 0.6816428578125 0.40039285781249995 0.6816428578125 0.71484375 0.7988303578125 0.71484375 0.7988303578125 0.40039285781249995
4 0.1660178578125 0.3261741078125 0.0058616078125 0.3261741078125 0.0058616078125 0.48046875 0.1660178578125 0.48046875 0.1660178578125 0.3261741078125
4 0.2871116078125 0.3203125 0.19921875 0.3203125 0.19921875 0.45703125 0.2871116078125 0.45703125 0.2871116078125 0.3203125
4 0.4375 0.4140625 0.3730491078125 0.4140625 0.3730491078125 0.48046875 0.4375 0.48046875 0.4375 0.4140625
4 0.36328125 0.48828125 0.2167991078125 0.48828125 0.2167991078125 0.7167991078125 0.36328125 0.7167991078125 0.36328125 0.48828125
4 0.1171875 0.56640625 0.0058616078125 0.56640625 0.0058616078125 0.71875 0.1171875 0.71875 0.1171875 0.56640625
4 0.1855491078125 0.6074241078125 0.1269553578125 0.6074241078125 0.1269553578125 0.69140625 0.1855491078125 0.69140625 0.1855491078125 0.6074241078125
4 0.2128928578125 0.546875 0.1582053578125 0.546875 0.1582053578125 0.5878928578125 0.2128928578125 0.5878928578125 0.2128928578125 0.546875
4 0 0.7988303578125 0.0488303578125 0.7988303578125 0.0488303578125 0.7324241078125 0 0.7324241078125 0 0.7988303578125
4 0 0.921875 0.1308616078125 0.921875 0.1308616078125 0.8046875 0 0.8046875 0 0.921875
4 0.30078125 0.69140625 0.1269553578125 0.69140625 0.1269553578125 0.9042991078125 0.30078125 0.9042991078125 0.30078125 0.69140625
4 0 0 0 0.9941428578125 0.9921875 0.9941428578125 0.9921875 0 0 0