3 0.2480491078125 0.0644553578125 0.1542991078125 0.0644553578125 0.1542991078125 0.140625 0.2480491078125 0.140625 0.2480491078125 0.0644553578125
3 0.2734375 0.34375 0.1152366078125 0.34375 0.1152366078125 0.48046875 0.2734375 0.48046875 0.2734375 0.34375
3 0.375 0.5019553578125 0.3183616078125 0.5019553578125 0.3183616078125 0.5683616078125 0.375 0.5683616078125 0.375 0.5019553578125
3 0.7832053578125 0.46679910781249995 0.7207053578125 0.46679910781249995 0.7207053578125 0.546875 0.7832053578125 0.546875 0.7832053578125 0.46679910781249995
3 0.8984375 0.3066428578125 0.8144553578125 0.3066428578125 0.8144553578125 0.40820535781249995 0.8984375 0.40820535781249995 0.8984375 0.3066428578125
4 0.7265625 0.56640625 0.6425803578125 0.56640625 0.6425803578125 0.64453125 0.7265625 0.64453125 0.7265625 0.56640625
4 0.4921875 0.5527366078125 0.453125 0.5527366078125 0.453125 0.5996116078125 0.4921875 0.5996116078125 0.4921875 0.5527366078125
4 0.3457053578125 0.6230491078125 0.30859375 0.6230491078125 0.30859375 0.671875 0.3457053578125 0.671875 0.3457053578125 0.6230491078125
4 0.43945535781249995 0.8769553578125 0.359375 0.8769553578125 0.359375 0.9316428578125 0.43945535781249995 0.9316428578125 0.43945535781249995 0.8769553578125
4 0.5605491078125 0.6464866078125 0.48242410781249995 0.6464866078125 0.48242410781249995 0.7285178578125 0.5605491078125 0.7285178578125 0.5605491078125 0.6464866078125
4 0.6015625 0.7050803578125 0.5175803578125 0.7050803578125 0.5175803578125 0.8457053578125 0.6015625 0.8457053578125 0.6015625 0.7050803578125
3 0.91796875 0.48828125 0.8417991078125 0.48828125 0.8417991078125 0.5859375 0.91796875 0.5859375 0.91796875 0.48828125
3 0.8613303578125 0.5625 0.8066428578125 0.5625 0.8066428578125 0.6347678578125 0.8613303578125 0.6347678578125 0.8613303578125 0.5625
3 0.77734375 0.6308616078125 0.72265625 0.6308616078125 0.72265625 0.6953125 0.77734375 0.6953125 0.77734375 0.6308616078125
3 0.43164285781249995 0.37109375 0.3808616078125 0.37109375 0.3808616078125 0.4375 0.43164285781249995 0.4375 0.43164285781249995 0.37109375
3 0.5625 0.40820535781249995 0.42773660781249995 0.40820535781249995 0.42773660781249995 0.46484375 0.5625 0.46484375 0.5625 0.40820535781249995
4 0.3046875 0.2089866078125 0.2421875 0.2089866078125 0.2421875 0.2753928578125 0.3046875 0.2753928578125 0.3046875 0.2089866078125
7 0.6542991078125 0.0078125 0.41211160781249995 0.0078125 0.41211160781249995 0.15234375 0.6542991078125 0.15234375 0.6542991078125 0.0078125
4 0.27734375 0.6972678578125 0.22265625 0.6972678578125 0.22265625 0.7402366078125 0.27734375 0.7402366078125 0.27734375 0.6972678578125
4 0.66796875 0.546875 0.55859375 0.546875 0.55859375 0.6484375 0.66796875 0.6484375 0.66796875 0.546875
4 0.7207053578125 0.63671875 0.671875 0.63671875 0.671875 0.70703125 0.7207053578125 0.70703125 0.7207053578125 0.63671875
4 0.76953125 0.6386741078125 0.73046875 0.6386741078125 0.73046875 0.69140625 0.76953125 0.69140625 0.76953125 0.6386741078125
4 0.26953125 0.3515625 0.1308616078125 0.3515625 0.1308616078125 0.47851785781249995 0.26953125 0.47851785781249995 0.26953125 0.3515625
4 0.88671875 0.3144553578125 0.8515625 0.3144553578125 0.8515625 0.37109375 0.88671875 0.37109375 0.88671875 0.3144553578125
4 0.8808616078125 0.37109375 0.85546875 0.37109375 0.85546875 0.41015625 0.8808616078125 0.41015625 0.8808616078125 0.37109375
4 0.5136741078125 0.7207053578125 0.42578125 0.7207053578125 0.42578125 0.84375 0.5136741078125 0.84375 0.5136741078125 0.7207053578125
4 0.55078125 0.8496116078125 0.5078125 0.8496116078125 0.5078125 0.8964866078125 0.55078125 0.8964866078125 0.55078125 0.8496116078125
4 0.6308616078125 0.9375 0.5859375 0.9375 0.5859375 0.9785178578125 0.6308616078125 0.9785178578125 0.6308616078125 0.9375
4 0.5566428578125 0.8925803578125 0.44140625 0.8925803578125 0.44140625 0.9941428578125 0.5566428578125 0.9941428578125 0.5566428578125 0.8925803578125
4 0.42578125 0.78515625 0.3691428578125 0.78515625 0.3691428578125 0.87109375 0.42578125 0.87109375 0.42578125 0.78515625
3 0.0390625 0.8300803578125 0.0175803578125 0.8300803578125 0.0175803578125 0.859375 0.0390625 0.859375 0.0390625 0.8300803578125
3 0.1640625 0.8339866078125 0.1328125 0.8339866078125 0.1328125 0.87109375 0.1640625 0.87109375 0.1640625 0.8339866078125
3 0.0332053578125 0.4609375 0.00390625 0.4609375 0.00390625 0.4921875 0.0332053578125 0.4921875 0.0332053578125 0.4609375
3 0.0996116078125 0.265625 0.0683616078125 0.265625 0.0683616078125 0.3105491078125 0.0996116078125 0.3105491078125 0.0996116078125 0.265625
4 0.2109375 0.0722678578125 0.1933616078125 0.0722678578125 0.1933616078125 0.08984375 0.2109375 0.08984375 0.2109375 0.0722678578125
4 0.2089866078125 0.109375 0.1875 0.109375 0.1875 0.1308616078125 0.2089866078125 0.1308616078125 0.2089866078125 0.109375
4 0.55078125 0.40820535781249995 0.47070535781249995 0.40820535781249995 0.47070535781249995 0.45898660781249995 0.55078125 0.45898660781249995 0.55078125 0.40820535781249995
3 0.82421875 0.921875 0.7871116078125 0.921875 0.7871116078125 0.9550803578125 0.82421875 0.9550803578125 0.82421875 0.921875
3 0.6640625 0.953125 0.6464866078125 0.953125 0.6464866078125 0.9765625 0.6640625 0.9765625 0.6640625 0.953125
4 0.703125 0.8027366078125 0.6738303578125 0.8027366078125 0.6738303578125 0.8515625 0.703125 0.8515625 0.703125 0.8027366078125