7 0.34766517812500003 0.000927375 0.0437366078125 0.000927375 0.0437366078125 0.13358100625 0.34766517812500003 0.13358100625 0.34766517812500003 0.000927375
8 0.6664196421875 0.379407821875 0.6174955359375 0.379407821875 0.6174955359375 0.4536201125 0.6664196421875 0.4536201125 0.6664196421875 0.379407821875
8 0.0837678578125 0.8005586593749999 0.0244642859375 0.8005586593749999 0.0244642859375 0.8645698328125 0.0837678578125 0.8645698328125 0.0837678578125 0.8005586593749999
8 0.0793169640625 0.49350837968750005 0.01853125 0.49350837968750005 0.01853125 0.6808938546875 0.0793169640625 0.6808938546875 0.0793169640625 0.49350837968750005
8 0.38028125 0.6873854749999999 0.315790178125 0.6873854749999999 0.315790178125 0.8367374296874999 0.38028125 0.8367374296874999 0.38028125 0.6873854749999999
8 0.3780580359375 0.8729162015625 0.3461830359375 0.8729162015625 0.3461830359375 0.9350670390625 0.3780580359375 0.9350670390625 0.3780580359375 0.8729162015625
8 0.46182142812500004 0.5102067046875 0.3765758921875 0.5102067046875 0.3765758921875 0.6428603359375 0.46182142812500004 0.6428603359375 0.46182142812500004 0.5102067046875
8 0.3506294640625 0.564938546875 0.307633928125 0.564938546875 0.307633928125 0.6465698328125 0.3506294640625 0.6465698328125 0.3506294640625 0.564938546875
8 0.2965178578125 0.6512067046875 0.2594508921875 0.6512067046875 0.2594508921875 0.699446928125 0.2965178578125 0.699446928125 0.2965178578125 0.6512067046875
8 0.510008928125 0.7940670390625 0.478133928125 0.7940670390625 0.478133928125 0.8580726249999999 0.510008928125 0.8580726249999999 0.510008928125 0.7940670390625
8 0.5329866078125 0.7903575421875 0.5137142859375 0.7903575421875 0.5137142859375 0.846944134375 0.5329866078125 0.846944134375 0.5329866078125 0.7903575421875
8 0.5181607140625 0.8645698328125 0.4877678578125 0.8645698328125 0.4877678578125 0.9211564250000001 0.5181607140625 0.9211564250000001 0.5181607140625 0.8645698328125
8 0.4877678578125 0.909094971875 0.4188303578125 0.909094971875 0.4188303578125 0.9833072625 0.4877678578125 0.9833072625 0.4877678578125 0.909094971875
8 0.6805044640625 0.9211564250000001 0.6449241078125 0.9211564250000001 0.6449241078125 0.9675363125 0.6805044640625 0.9675363125 0.6805044640625 0.9211564250000001
8 0.7190491078125001 0.9044581 0.6901428578125001 0.9044581 0.6901428578125001 0.9350670390625 0.7190491078125001 0.9350670390625 0.7190491078125001 0.9044581
8 0.8220892859375001 0.40723463750000005 0.7998526781249999 0.40723463750000005 0.7998526781249999 0.44526815624999994 0.8220892859375001 0.44526815624999994 0.8220892859375001 0.40723463750000005
8 0.312084821875 0.718 0.2868794640625 0.718 0.2868794640625 0.761597765625 0.312084821875 0.761597765625 0.312084821875 0.718
3 0.5455892859375 0.5408212296875 0.4729419640625 0.5408212296875 0.4729419640625 0.6029720671875001 0.5455892859375 0.6029720671875001 0.5455892859375 0.5408212296875
3 0.6212008921875001 0.9192960890625 0.5515178578125 0.9192960890625 0.5515178578125 0.9833072625 0.6212008921875001 0.9833072625 0.6212008921875001 0.9192960890625
3 0.8813928578124999 0.8729162015625 0.7724241078125 0.8729162015625 0.7724241078125 0.933212290625 0.8813928578124999 0.933212290625 0.8813928578124999 0.8729162015625
3 0.6856919640625 0.6252346375 0.64640625 0.6252346375 0.64640625 0.6734748609375 0.6856919640625 0.6734748609375 0.6856919640625 0.6252346375
3 0.742772321875 0.5844189937500001 0.709415178125 0.5844189937500001 0.709415178125 0.6307988828125 0.742772321875 0.6307988828125 0.742772321875 0.5844189937500001
3 0.7516696421875 0.5064972062499999 0.716084821875 0.5064972062499999 0.716084821875 0.5723575421875 0.7516696421875 0.5723575421875 0.7516696421875 0.5064972062499999
3 0.2461071421875 0.6836759781249999 0.194959821875 0.6836759781249999 0.194959821875 0.7393351953125 0.2461071421875 0.7393351953125 0.2461071421875 0.6836759781249999
3 0.285397321875 0.7439720671875001 0.25278125 0.7439720671875001 0.25278125 0.7782960890624999 0.285397321875 0.7782960890624999 0.285397321875 0.7439720671875001
3 0.11119196406250001 0.1493519546875 0.0570803578125 0.1493519546875 0.0570803578125 0.2040837984375 0.11119196406250001 0.2040837984375 0.11119196406250001 0.1493519546875
3 0.9229062499999999 0.051022346875 0.8302455359375 0.051022346875 0.8302455359375 0.11781005625 0.9229062499999999 0.11781005625 0.9229062499999999 0.051022346875
2 0.9955535718749999 0.0027821234375 0.0037053578125 0.0027821234375 0.0037053578125 0.99165363125 0.9955535718749999 0.99165363125 0.9955535718749999 0.0027821234375
8 0.09859375000000001 0.8627094968750001 0.07635267812499999 0.8627094968750001 0.07635267812499999 0.9063128484374999 0.09859375000000001 0.9063128484374999 0.09859375000000001 0.8627094968750001
3 0.7524107140625 0.746754190625 0.5767232140624999 0.746754190625 0.5767232140624999 0.8274636875000001 0.7524107140625 0.8274636875000001 0.7524107140625 0.746754190625
3 0.5492946421875 0.7792234640625 0.5248348218750001 0.7792234640625 0.5248348218750001 0.8181843578124999 0.5492946421875 0.8181843578124999 0.5492946421875 0.7792234640625
3 0.7516696421875 0.10760893906249999 0.677540178125 0.10760893906249999 0.677540178125 0.18089385468750002 0.7516696421875 0.18089385468750002 0.7516696421875 0.10760893906249999
3 0.407709821875 0.60111731875 0.000741071875 0.60111731875 0.000741071875 0.84322905 0.407709821875 0.84322905 0.407709821875 0.60111731875
3 0.35359375000000004 0.9508379890624999 0.22683482187499998 0.9508379890624999 0.22683482187499998 0.9981508375000001 0.35359375000000004 0.9981508375000001 0.35359375000000004 0.9508379890624999
8 0.530022321875 0.6614134078125 0.49147321406250005 0.6614134078125 0.49147321406250005 0.706865921875 0.530022321875 0.706865921875 0.530022321875 0.6614134078125
8 0.826540178125 0.901675978125 0.8176428578125 0.901675978125 0.8176428578125 0.9155865921874999 0.826540178125 0.9155865921874999 0.826540178125 0.901675978125