8 0.530741071875 0.0075357140625 0.41554910781250004 0.0075357140625 0.41554910781250004 0.048053571875 0.530741071875 0.048053571875 0.530741071875 0.0075357140625
8 0.4 0.010363095312499999 0.3257946421875 0.010363095312499999 0.3257946421875 0.0923452375 0.4 0.0923452375 0.4 0.010363095312499999
8 0.31519642812500004 0.030154762499999998 0.24946875 0.030154762499999998 0.24946875 0.08857738125 0.31519642812500004 0.08857738125 0.31519642812500004 0.030154762499999998
8 0.48339285781249997 0.0565357140625 0.389397321875 0.0565357140625 0.389397321875 0.14416666718749999 0.48339285781249997 0.14416666718749999 0.48339285781249997 0.0565357140625
8 0.49540625 0.1328630953125 0.478446428125 0.1328630953125 0.478446428125 0.15359523749999998 0.49540625 0.15359523749999998 0.49540625 0.1328630953125
8 0.6763258921874999 0.133803571875 0.6508839281250001 0.133803571875 0.6508839281250001 0.162071428125 0.6763258921874999 0.162071428125 0.6763258921874999 0.133803571875
8 0.5505312499999999 0.177148809375 0.48621875000000003 0.177148809375 0.48621875000000003 0.2525297625 0.5505312499999999 0.2525297625 0.5505312499999999 0.177148809375
8 0.6480580359375 0.155476190625 0.6190803578125 0.155476190625 0.6190803578125 0.179976190625 0.6480580359375 0.179976190625 0.6480580359375 0.155476190625
8 0.6381607140625001 0.192226190625 0.631803571875 0.192226190625 0.631803571875 0.1997619046875 0.6381607140625001 0.1997619046875 0.6381607140625001 0.192226190625
8 0.6480580359375 0.20730357187499998 0.626147321875 0.20730357187499998 0.626147321875 0.226148809375 0.6480580359375 0.226148809375 0.6480580359375 0.20730357187499998
8 0.6113080359375 0.369375 0.5964642859375 0.369375 0.5964642859375 0.4004702375 0.6113080359375 0.4004702375 0.6113080359375 0.369375
8 0.68621875 0.355244046875 0.6742053578125 0.355244046875 0.6742053578125 0.37220238125 0.68621875 0.37220238125 0.68621875 0.355244046875
8 0.636040178125 0.8376904765625 0.6190803578125 0.8376904765625 0.6190803578125 0.850880953125 0.636040178125 0.850880953125 0.636040178125 0.8376904765625
8 0.6459374999999999 0.8442857140625 0.6332142859375 0.8442857140625 0.6332142859375 0.8687857140625 0.6459374999999999 0.8687857140625 0.6459374999999999 0.8442857140625
8 0.7568883921875 0.946053571875 0.7371026781250001 0.946053571875 0.7371026781250001 0.964898809375 0.7568883921875 0.964898809375 0.7568883921875 0.946053571875
8 0.7519419640625 1 0.7519419640625 0.986571428125 0.715196428125 0.986571428125 0.715196428125 1 0.7519419640625 1
8 0.1222633921875 0.2374583328125 0.108834821875 0.2374583328125 0.108834821875 0.2581845234375 0.1222633921875 0.2581845234375 0.1222633921875 0.2374583328125
8 0.0713794640625 0.1639583328125 0.059366071875 0.1639583328125 0.059366071875 0.185630953125 0.0713794640625 0.185630953125 0.0713794640625 0.1639583328125
6 0.2091875 0.5446428578125 0.0240267859375 0.5446428578125 0.0240267859375 0.9055357140625 0.2091875 0.9055357140625 0.2091875 0.5446428578125
4 0.0763258921875 0.17903571406250002 0.0021205359375 0.17903571406250002 0.0021205359375 0.198821428125 0.0763258921875 0.198821428125 0.0763258921875 0.17903571406250002
4 0.050883928125 0.20824404687500003 0.001415178125 0.20824404687500003 0.001415178125 0.2280357140625 0.050883928125 0.2280357140625 0.050883928125 0.20824404687500003
4 0.1349821421875 0.32037499999999997 0.001415178125 0.32037499999999997 0.001415178125 0.3411071421875 0.1349821421875 0.3411071421875 0.1349821421875 0.32037499999999997
4 0.0254419640625 0.3495892859375 0.001415178125 0.3495892859375 0.001415178125 0.3656071421875 0.0254419640625 0.3656071421875 0.0254419640625 0.3495892859375
4 0.06713839218749999 0.3486428578125 0.031803571875 0.3486428578125 0.031803571875 0.3684345234375 0.06713839218749999 0.3684345234375 0.06713839218749999 0.3486428578125
8 0.0607767859375 0.6030595234375 0.0247366078125 0.6030595234375 0.0247366078125 0.653946428125 0.0607767859375 0.653946428125 0.0607767859375 0.6030595234375
5 0.398584821875 0.7227321421874999 0.20141517812499998 0.7227321421874999 0.20141517812499998 0.9780892859374999 0.398584821875 0.9780892859374999 0.398584821875 0.7227321421874999
5 0.19929464218749998 0.36654761874999997 0.0685491078125 0.36654761874999997 0.0685491078125 0.5540654765624999 0.19929464218749998 0.5540654765624999 0.19929464218749998 0.36654761874999997
5 0.2749107140625 0.5625416671875 0.173852678125 0.5625416671875 0.173852678125 0.6671369046875 0.2749107140625 0.6671369046875 0.2749107140625 0.5625416671875