3 0.96875 0.1660178578125 0.6796875 0.1660178578125 0.6796875 0.41015625 0.96875 0.41015625 0.96875 0.1660178578125
3 0.87109375 0.75 0.8203125 0.75 0.8203125 0.83203125 0.87109375 0.83203125 0.87109375 0.75
3 0.8886741078125 0.8613303578125 0.828125 0.8613303578125 0.828125 0.953125 0.8886741078125 0.953125 0.8886741078125 0.8613303578125
3 0.68359375 0.89453125 0.6347678578125 0.89453125 0.6347678578125 0.953125 0.68359375 0.953125 0.68359375 0.89453125
3 0.41992410781249995 0.9394553578125 0.3769553578125 0.9394553578125 0.3769553578125 0.98828125 0.41992410781249995 0.98828125 0.41992410781249995 0.9394553578125
3 0.6191428578125 0.8144553578125 0.5625 0.8144553578125 0.5625 0.8886741078125 0.6191428578125 0.8886741078125 0.6191428578125 0.8144553578125
3 0.1816428578125 0.5566428578125 0.1230491078125 0.5566428578125 0.1230491078125 0.59375 0.1816428578125 0.59375 0.1816428578125 0.5566428578125
3 0.11328125 0.5722678578125 0.0175803578125 0.5722678578125 0.0175803578125 0.64453125 0.11328125 0.64453125 0.11328125 0.5722678578125
3 0.9765625 0.11328125 0.859375 0.11328125 0.859375 0.2128928578125 0.9765625 0.2128928578125 0.9765625 0.11328125
3 0.9980491078125 0.734375 0.96875 0.734375 0.96875 0.7949241078125 0.9980491078125 0.7949241078125 0.9980491078125 0.734375
3 0.328125 0.7949241078125 0.296875 0.7949241078125 0.296875 0.8261741078125 0.328125 0.8261741078125 0.328125 0.7949241078125
3 0.40429910781249995 0.80078125 0.37109375 0.80078125 0.37109375 0.8378928578125 0.40429910781249995 0.8378928578125 0.40429910781249995 0.80078125
3 0.578125 0.7675803578125 0.5410178578125 0.7675803578125 0.5410178578125 0.8046875 0.578125 0.8046875 0.578125 0.7675803578125
3 0.6152366078125 0.7285178578125 0.5878928578125 0.7285178578125 0.5878928578125 0.7480491078125 0.6152366078125 0.7480491078125 0.6152366078125 0.7285178578125
3 0.7480491078125 0.73046875 0.7109375 0.73046875 0.7109375 0.7675803578125 0.7480491078125 0.7675803578125 0.7480491078125 0.73046875
3 0.83984375 0.71484375 0.8046875 0.71484375 0.8046875 0.73828125 0.83984375 0.73828125 0.83984375 0.71484375
3 0.9707053578125 0.6464866078125 0.9453125 0.6464866078125 0.9453125 0.6699241078125 0.9707053578125 0.6699241078125 0.9707053578125 0.6464866078125
3 0.99609375 0.3964866078125 0.9082053578125 0.3964866078125 0.9082053578125 0.49804910781249995 0.99609375 0.49804910781249995 0.99609375 0.3964866078125
5 0.5527366078125 0.31640625 0.4375 0.31640625 0.4375 0.375 0.5527366078125 0.375 0.5527366078125 0.31640625