7 0.98828125 0.80859375 0.7714866078125 0.80859375 0.7714866078125 0.98828125 0.98828125 0.98828125 0.98828125 0.80859375
3 0.96484375 0.68359375 0.859375 0.68359375 0.859375 0.82421875 0.96484375 0.82421875 0.96484375 0.68359375
3 0.8828125 0.6230491078125 0.7910178578125 0.6230491078125 0.7910178578125 0.6777366078125 0.8828125 0.6777366078125 0.8828125 0.6230491078125
3 0.921875 0.1816428578125 0.50390625 0.1816428578125 0.50390625 0.328125 0.921875 0.328125 0.921875 0.1816428578125
3 0.7402366078125 0.5332053578125 0.64453125 0.5332053578125 0.64453125 0.5800803578125 0.7402366078125 0.5800803578125 0.7402366078125 0.5332053578125
5 0.7050803578125 0.1503928578125 0.15234375 0.1503928578125 0.15234375 0.6542991078125 0.7050803578125 0.6542991078125 0.7050803578125 0.1503928578125
3 0.47070535781249995 0.5996116078125 0.42773660781249995 0.5996116078125 0.42773660781249995 0.765625 0.47070535781249995 0.765625 0.47070535781249995 0.5996116078125
3 0.7441428578125 0.6328125 0.7207053578125 0.6328125 0.7207053578125 0.6640625 0.7441428578125 0.6640625 0.7441428578125 0.6328125
4 0.7792991078125 0.21875 0.703125 0.21875 0.703125 0.2558616078125 0.7792991078125 0.2558616078125 0.7792991078125 0.21875
4 0.8535178578125 0.6191428578125 0.8027366078125 0.6191428578125 0.8027366078125 0.6699241078125 0.8535178578125 0.6699241078125 0.8535178578125 0.6191428578125
4 0.9238303578125 0.2734375 0.87109375 0.2734375 0.87109375 0.3125 0.9238303578125 0.3125 0.9238303578125 0.2734375
4 0.46679910781249995 0.6074241078125 0.43164285781249995 0.6074241078125 0.43164285781249995 0.76171875 0.46679910781249995 0.76171875 0.46679910781249995 0.6074241078125