3 0.28317410781249996 0.46011173124999993 0.225352678125 0.46011173124999993 0.225352678125 0.534324021875 0.28317410781249996 0.534324021875 0.28317410781249996 0.46011173124999993
3 0.476647321875 0.254173184375 0.434397321875 0.254173184375 0.434397321875 0.2903519546875 0.476647321875 0.2903519546875 0.476647321875 0.254173184375
3 0.43958482187500003 0.2680893859375 0.384727678125 0.2680893859375 0.384727678125 0.32931284843749997 0.43958482187500003 0.32931284843749997 0.43958482187500003 0.2680893859375
3 0.14677678593750002 0.5825642453125 0.0793169640625 0.5825642453125 0.0793169640625 0.6706871515625 0.14677678593750002 0.6706871515625 0.14677678593750002 0.5825642453125
3 0.6278705359375001 0.5398882687500001 0.6004464281249999 0.5398882687500001 0.6004464281249999 0.564938546875 0.6278705359375001 0.564938546875 0.6278705359375001 0.5398882687500001
3 0.6241651781249999 0.5825642453125 0.5967366078125 0.5825642453125 0.5967366078125 0.6187430171875 0.6241651781249999 0.6187430171875 0.6241651781249999 0.5825642453125
3 0.9325446421875 0.1660502796875 0.9117857140625001 0.1660502796875 0.9117857140625001 0.19758659218750002 0.9325446421875 0.19758659218750002 0.9325446421875 0.1660502796875
8 0.46997767812499996 0.7736592171875001 0.434397321875 0.7736592171875001 0.434397321875 0.824675978125 0.46997767812499996 0.824675978125 0.46997767812499996 0.7736592171875001
8 0.503334821875 0.792212290625 0.48258035781249997 0.792212290625 0.48258035781249997 0.82003910625 0.503334821875 0.82003910625 0.503334821875 0.792212290625
8 0.5997053578125 0.761597765625 0.5196428578125001 0.761597765625 0.5196428578125001 0.8116927374999999 0.5997053578125 0.8116927374999999 0.5997053578125 0.761597765625
8 0.873241071875 0.8766256984374999 0.8317276781249999 0.8766256984374999 0.8317276781249999 0.918368715625 0.873241071875 0.918368715625 0.873241071875 0.8766256984374999
8 0.5885848218749999 0.5927653625 0.5678258921875 0.5927653625 0.5678258921875 0.6270893859375 0.5885848218749999 0.6270893859375 0.5885848218749999 0.5927653625
8 0.503334821875 0.49443575468749995 0.466272321875 0.49443575468749995 0.466272321875 0.5176256984375 0.503334821875 0.5176256984375 0.503334821875 0.49443575468749995
8 0.47590625 0.520407821875 0.45070535781250004 0.520407821875 0.45070535781250004 0.542675978125 0.47590625 0.542675978125 0.47590625 0.520407821875
8 0.29503124999999997 0.5296871515625 0.23647321406250002 0.5296871515625 0.23647321406250002 0.6224525140625 0.29503124999999997 0.6224525140625 0.29503124999999997 0.5296871515625
8 0.4188303578125 0.3849720671875 0.3639732140625 0.3849720671875 0.3639732140625 0.457329609375 0.4188303578125 0.457329609375 0.4188303578125 0.3849720671875
8 0.5374330359374999 0.22356424531250002 0.5055580359375 0.22356424531250002 0.5055580359375 0.28478770937500003 0.5374330359374999 0.28478770937500003 0.5374330359374999 0.22356424531250002
8 0.49221428593749994 0.2365474859375 0.45885714218749996 0.2365474859375 0.45885714218749996 0.26252513906249997 0.49221428593749994 0.26252513906249997 0.49221428593749994 0.2365474859375
8 0.779834821875 0.1512067046875 0.587102678125 0.1512067046875 0.587102678125 0.1818212296875 0.779834821875 0.1818212296875 0.779834821875 0.1512067046875
8 0.9325446421875 0.159553071875 0.878428571875 0.159553071875 0.878428571875 0.2003743015625 0.9325446421875 0.2003743015625 0.9325446421875 0.159553071875
8 0.2498125 0.0371061453125 0.1341741078125 0.0371061453125 0.1341741078125 0.121519553125 0.2498125 0.121519553125 0.2498125 0.0371061453125
8 0.10304017812499999 0.6614134078125 0.07561160781250001 0.6614134078125 0.07561160781250001 0.6938826812500001 0.10304017812499999 0.6938826812500001 0.10304017812499999 0.6614134078125
8 0.11119196406250001 0.63265363125 0.0919196421875 0.63265363125 0.0919196421875 0.659558659375 0.11119196406250001 0.659558659375 0.11119196406250001 0.63265363125
8 0.1289866078125 0.5964748609375 0.109709821875 0.5964748609375 0.109709821875 0.613173184375 0.1289866078125 0.613173184375 0.1289866078125 0.5964748609375
8 0.2802053578125 0.0027821234375 0.2416607140625 0.0027821234375 0.2416607140625 0.0463798875 0.2802053578125 0.0463798875 0.2802053578125 0.0027821234375
8 0.7702008921875 0.4703184359375 0.746477678125 0.4703184359375 0.746477678125 0.503715084375 0.7702008921875 0.503715084375 0.7702008921875 0.4703184359375
8 0.7753883921875 0.5064972062499999 0.7383258921875 0.5064972062499999 0.7383258921875 0.5398882687500001 0.7753883921875 0.5398882687500001 0.7753883921875 0.5064972062499999
8 0.65159375 0.7356256984375 0.6278705359375001 0.7356256984375 0.6278705359375001 0.7653072625 0.65159375 0.7653072625 0.65159375 0.7356256984375
8 0.6805044640625 0.705938546875 0.6501116078125 0.705938546875 0.6501116078125 0.7476815640625001 0.6805044640625 0.7476815640625001 0.6805044640625 0.705938546875
3 0.16753125 0.9369217875 0.13565624999999998 0.9369217875 0.13565624999999998 0.9712458093749999 0.16753125 0.9712458093749999 0.16753125 0.9369217875
3 0.1423258921875 0.8970335203124999 0.11267410781250001 0.8970335203124999 0.11267410781250001 0.933212290625 0.1423258921875 0.933212290625 0.1423258921875 0.8970335203124999
3 0.2194196421875 0.7096480453125 0.180133928125 0.7096480453125 0.180133928125 0.768094971875 0.2194196421875 0.768094971875 0.2194196421875 0.7096480453125
5 0.6493705359375 0.4842346375 0.5307633921875 0.4842346375 0.5307633921875 0.5825642453125 0.6493705359375 0.5825642453125 0.6493705359375 0.4842346375
8 0.63825 0.9072402234375 0.6212008921875001 0.9072402234375 0.6212008921875001 0.9220837984375001 0.63825 0.9220837984375001 0.63825 0.9072402234375
8 0.7183080359375 0.9508379890624999 0.7079330359375 0.9508379890624999 0.7079330359375 0.9656815640625 0.7183080359375 0.9656815640625 0.7183080359375 0.9508379890624999
8 0.4091919640625 0.2940670390625 0.3973303578125 0.2940670390625 0.3973303578125 0.307977653125 0.4091919640625 0.307977653125 0.4091919640625 0.2940670390625
8 0.4277232140625 0.30983240156249997 0.4203125 0.30983240156249997 0.4203125 0.3181843578125 0.4277232140625 0.3181843578125 0.4277232140625 0.30983240156249997
8 0.4692366078125 0.269016759375 0.45292857187499996 0.269016759375 0.45292857187499996 0.28664245781250003 0.4692366078125 0.28664245781250003 0.4692366078125 0.269016759375
8 0.4988883921875 0.2801508375 0.48258035781249997 0.2801508375 0.48258035781249997 0.2912793296875 0.4988883921875 0.2912793296875 0.4988883921875 0.2801508375
8 0.26760714218750004 0.49721787656250005 0.2461071421875 0.49721787656250005 0.2461071421875 0.5157709500000001 0.26760714218750004 0.5157709500000001 0.26760714218750004 0.49721787656250005
8 0.25796874999999997 0.4740279328125 0.2372142859375 0.4740279328125 0.2372142859375 0.49165363125 0.25796874999999997 0.49165363125 0.25796874999999997 0.4740279328125
8 0.109709821875 0.1382178765625 0.09784821406250001 0.1382178765625 0.09784821406250001 0.152134078125 0.109709821875 0.152134078125 0.109709821875 0.1382178765625
8 0.9503348218750001 0.14842458125 0.9384732140625 0.14842458125 0.9384732140625 0.166977653125 0.9503348218750001 0.166977653125 0.9503348218750001 0.14842458125
8 0.6782812500000001 0.49350837968750005 0.6619732140625 0.49350837968750005 0.6619732140625 0.5139162015625 0.6782812500000001 0.5139162015625 0.6782812500000001 0.49350837968750005
8 0.76871875 0.61688826875 0.746477678125 0.61688826875 0.746477678125 0.6382234640625 0.76871875 0.6382234640625 0.76871875 0.61688826875
8 0.5774642859375 0.7309888265625 0.560415178125 0.7309888265625 0.560415178125 0.744899440625 0.5774642859375 0.744899440625 0.5774642859375 0.7309888265625
3 0.37138839218749997 0.613173184375 0.3550758921875 0.613173184375 0.3550758921875 0.63358100625 0.37138839218749997 0.63358100625 0.37138839218749997 0.613173184375
3 0.7694598218750001 0.5556592171875 0.7123794640625001 0.5556592171875 0.7123794640625001 0.6948100562499999 0.7694598218750001 0.6948100562499999 0.7694598218750001 0.5556592171875
3 0.046700892187499995 0.21243016718750002 0.000741071875 0.21243016718750002 0.000741071875 0.3181843578125 0.046700892187499995 0.3181843578125 0.046700892187499995 0.21243016718750002
8 0.402522321875 0.7977765359375 0.393625 0.7977765359375 0.393625 0.8116927374999999 0.402522321875 0.8116927374999999 0.402522321875 0.7977765359375
8 0.5626383921875 0.6558491625 0.5507767859375 0.6558491625 0.5507767859375 0.6697597765625 0.5626383921875 0.6697597765625 0.5626383921875 0.6558491625
8 0.6100803578125 0.8460167593750001 0.5989642859375001 0.8460167593750001 0.5989642859375001 0.8562178765624999 0.6100803578125 0.8562178765624999 0.6100803578125 0.8460167593750001
8 0.5678258921875 0.9378491625 0.553 0.9378491625 0.553 0.9536201125 0.5678258921875 0.9536201125 0.5678258921875 0.9378491625
8 0.47071874999999996 0.9675363125 0.4603392859375 0.9675363125 0.4603392859375 0.978670390625 0.47071874999999996 0.978670390625 0.47071874999999996 0.9675363125
8 0.7746473218750001 0.70222905 0.7642678578125001 0.70222905 0.7642678578125001 0.7152178765625 0.7746473218750001 0.7152178765625 0.7746473218750001 0.70222905
8 0.7257232140625 0.718 0.710897321875 0.718 0.710897321875 0.7309888265625 0.7257232140625 0.7309888265625 0.7257232140625 0.718
8 0.7894732140625 0.72727374375 0.77909375 0.72727374375 0.77909375 0.737480446875 0.7894732140625 0.737480446875 0.7894732140625 0.72727374375
8 0.6130446421875 0.589983240625 0.6034107140625 0.589983240625 0.6034107140625 0.6020446921875 0.6130446421875 0.6020446921875 0.6130446421875 0.589983240625