4 0.6484375 0.3925803578125 0.51953125 0.3925803578125 0.51953125 0.5449241078125 0.6484375 0.5449241078125 0.6484375 0.3925803578125
4 0.5078125 0.2480491078125 0.3222678578125 0.2480491078125 0.3222678578125 0.3574241078125 0.5078125 0.3574241078125 0.5078125 0.2480491078125
4 0 0.3652366078125 0.0839866078125 0.3652366078125 0.0839866078125 0.1796875 0 0.1796875 0 0.3652366078125
4 0.5800803578125 0.5292991078125 0.44726785781249995 0.5292991078125 0.44726785781249995 0.6621116078125 0.5800803578125 0.6621116078125 0.5800803578125 0.5292991078125
5 0.6035178578125 0.44140625 0.025392857812500003 0.44140625 0.025392857812500003 0.9824241078125 0.6035178578125 0.9824241078125 0.6035178578125 0.44140625
6 0.5058616078125 0.52734375 0.2089866078125 0.52734375 0.2089866078125 0.9902366078125 0.5058616078125 0.9902366078125 0.5058616078125 0.52734375
8 0.4453125 0.69921875 0.41015625 0.69921875 0.41015625 0.7402366078125 0.4453125 0.7402366078125 0.4453125 0.69921875
8 0.39453125 0.75390625 0.375 0.75390625 0.375 0.7753928578125 0.39453125 0.7753928578125 0.39453125 0.75390625
8 0.43164285781249995 0.76953125 0.40234375 0.76953125 0.40234375 0.7871116078125 0.43164285781249995 0.7871116078125 0.43164285781249995 0.76953125
8 0.43945535781249995 0.640625 0.41601785781249995 0.640625 0.41601785781249995 0.66015625 0.43945535781249995 0.66015625 0.43945535781249995 0.640625
8 0.453125 0.5488303578125 0.4140625 0.5488303578125 0.4140625 0.578125 0.453125 0.578125 0.453125 0.5488303578125
8 0.3535178578125 0.8339866078125 0.3359375 0.8339866078125 0.3359375 0.8535178578125 0.3535178578125 0.8535178578125 0.3535178578125 0.8339866078125
1 0.8203125 0.015625 0.2890625 0.015625 0.2890625 0.99609375 0.8203125 0.99609375 0.8203125 0.015625