3 0.9863303578125 0.3144553578125 0.8691428578125 0.3144553578125 0.8691428578125 0.39453125 0.9863303578125 0.39453125 0.9863303578125 0.3144553578125
3 0.78515625 0.65625 0.6933616078125 0.65625 0.6933616078125 0.76953125 0.78515625 0.76953125 0.78515625 0.65625
3 0.5058616078125 0.73046875 0.44726785781249995 0.73046875 0.44726785781249995 0.7675803578125 0.5058616078125 0.7675803578125 0.5058616078125 0.73046875
5 0.6933616078125 0.1875 0.2792991078125 0.1875 0.2792991078125 0.43359375 0.6933616078125 0.43359375 0.6933616078125 0.1875
3 0.8828125 0.0078125 0.6738303578125 0.0078125 0.6738303578125 0.0859375 0.8828125 0.0859375 0.8828125 0.0078125
3 0.18359375 0.3574241078125 0.11328125 0.3574241078125 0.11328125 0.41211160781249995 0.18359375 0.41211160781249995 0.18359375 0.3574241078125
3 0.2265625 0.41992410781249995 0.1328125 0.41992410781249995 0.1328125 0.51171875 0.2265625 0.51171875 0.2265625 0.41992410781249995
3 0.16796875 0.67578125 0.1328125 0.67578125 0.1328125 0.72265625 0.16796875 0.72265625 0.16796875 0.67578125
4 0.73046875 0.71484375 0.7089866078125 0.71484375 0.7089866078125 0.7402366078125 0.73046875 0.7402366078125 0.73046875 0.71484375
4 0.7519553578125 0.73046875 0.73046875 0.73046875 0.73046875 0.75390625 0.7519553578125 0.75390625 0.7519553578125 0.73046875
3 0.9980491078125 0.19921875 0.9550803578125 0.19921875 0.9550803578125 0.3535178578125 0.9980491078125 0.3535178578125 0.9980491078125 0.19921875
3 0.8417991078125 0.3925803578125 0.8027366078125 0.3925803578125 0.8027366078125 0.4609375 0.8417991078125 0.4609375 0.8417991078125 0.3925803578125
3 0.7402366078125 0.5078125 0.7167991078125 0.5078125 0.7167991078125 0.53515625 0.7402366078125 0.53515625 0.7402366078125 0.5078125
3 0.9980491078125 0.73046875 0.9824241078125 0.73046875 0.9824241078125 0.76953125 0.9980491078125 0.76953125 0.9980491078125 0.73046875
3 0.27734375 0.41992410781249995 0.2578125 0.41992410781249995 0.2578125 0.45117410781249995 0.27734375 0.45117410781249995 0.27734375 0.41992410781249995
3 0.2753928578125 0.2753928578125 0.24609375 0.2753928578125 0.24609375 0.3183616078125 0.2753928578125 0.3183616078125 0.2753928578125 0.2753928578125