4 0.3886741078125 0.73828125 0.2988303578125 0.73828125 0.2988303578125 0.81640625 0.3886741078125 0.81640625 0.3886741078125 0.73828125
4 0.2519553578125 0.6269553578125 0.1972678578125 0.6269553578125 0.1972678578125 0.734375 0.2519553578125 0.734375 0.2519553578125 0.6269553578125
7 0.41211160781249995 0.0058616078125 0.015625 0.0058616078125 0.015625 0.1816428578125 0.41211160781249995 0.1816428578125 0.41211160781249995 0.0058616078125
3 0.74609375 0.78515625 0.6796875 0.78515625 0.6796875 0.83203125 0.74609375 0.83203125 0.74609375 0.78515625
3 0.7421875 0.8496116078125 0.6855491078125 0.8496116078125 0.6855491078125 0.88671875 0.7421875 0.88671875 0.7421875 0.8496116078125
3 0.6953125 0.89453125 0.65234375 0.89453125 0.65234375 0.9375 0.6953125 0.9375 0.6953125 0.89453125
3 0.25 0.7636741078125 0.0527366078125 0.7636741078125 0.0527366078125 0.98828125 0.25 0.98828125 0.25 0.7636741078125
3 0.2480491078125 0.2363303578125 0.16796875 0.2363303578125 0.16796875 0.2792991078125 0.2480491078125 0.2792991078125 0.2480491078125 0.2363303578125
3 0.4140625 0.23828125 0.328125 0.23828125 0.328125 0.3125 0.4140625 0.3125 0.4140625 0.23828125
3 0.7324241078125 0.3886741078125 0.5722678578125 0.3886741078125 0.5722678578125 0.5 0.7324241078125 0.5 0.7324241078125 0.3886741078125
8 0.6074241078125 0.7207053578125 0.5292991078125 0.7207053578125 0.5292991078125 0.8496116078125 0.6074241078125 0.8496116078125 0.6074241078125 0.7207053578125
8 0.47851785781249995 0.77734375 0.4140625 0.77734375 0.4140625 0.8847678578125 0.47851785781249995 0.8847678578125 0.47851785781249995 0.77734375
8 0.5214866078125 0.8984375 0.44140625 0.8984375 0.44140625 0.94921875 0.5214866078125 0.94921875 0.5214866078125 0.8984375
8 0.3984375 0.8261741078125 0.30859375 0.8261741078125 0.30859375 0.9277366078125 0.3984375 0.9277366078125 0.3984375 0.8261741078125
8 0.3027366078125 0.71875 0.2558616078125 0.71875 0.2558616078125 0.8105491078125 0.3027366078125 0.8105491078125 0.3027366078125 0.71875
3 0.43164285781249995 0.55078125 0.359375 0.55078125 0.359375 0.609375 0.43164285781249995 0.609375 0.43164285781249995 0.55078125
3 0.53515625 0.2714866078125 0.49023660781249995 0.2714866078125 0.49023660781249995 0.3105491078125 0.53515625 0.3105491078125 0.53515625 0.2714866078125
5 0.43945535781249995 0.3378928578125 0.01171875 0.3378928578125 0.01171875 0.8359375 0.43945535781249995 0.8359375 0.43945535781249995 0.3378928578125
8 0.3886741078125 0.2636741078125 0.3613303578125 0.2636741078125 0.3613303578125 0.2910178578125 0.3886741078125 0.2910178578125 0.3886741078125 0.2636741078125
3 0.17578125 0.5761741078125 0.029299107812500003 0.5761741078125 0.029299107812500003 0.7089866078125 0.17578125 0.7089866078125 0.17578125 0.5761741078125
3 0.81640625 0.7265625 0.75 0.7265625 0.75 0.8144553578125 0.81640625 0.8144553578125 0.81640625 0.7265625