4 0.98828125 0.0097678578125 0.0097678578125 0.0097678578125 0.0097678578125 0.98828125 0.98828125 0.98828125 0.98828125 0.0097678578125
4 0.546875 0.1464866078125 0.40820535781249995 0.1464866078125 0.40820535781249995 0.3261741078125 0.546875 0.3261741078125 0.546875 0.1464866078125
4 0.3066428578125 0.3652366078125 0.1308616078125 0.3652366078125 0.1308616078125 0.6152366078125 0.3066428578125 0.6152366078125 0.3066428578125 0.3652366078125
4 0.2675803578125 0.6816428578125 0.1191428578125 0.6816428578125 0.1191428578125 0.87890625 0.2675803578125 0.87890625 0.2675803578125 0.6816428578125
3 0.7324241078125 0.66796875 0.69140625 0.66796875 0.69140625 0.7128928578125 0.7324241078125 0.7128928578125 0.7324241078125 0.66796875
3 0.7128928578125 0.6308616078125 0.6816428578125 0.6308616078125 0.6816428578125 0.6621116078125 0.7128928578125 0.6621116078125 0.7128928578125 0.6308616078125
3 0.5371116078125 0.6875 0.5097678578125 0.6875 0.5097678578125 0.71484375 0.5371116078125 0.71484375 0.5371116078125 0.6875
3 0.6386741078125 0.5917991078125 0.6015625 0.5917991078125 0.6015625 0.6308616078125 0.6386741078125 0.6308616078125 0.6386741078125 0.5917991078125
3 0.5058616078125 0.5878928578125 0.48242410781249995 0.5878928578125 0.48242410781249995 0.61328125 0.5058616078125 0.61328125 0.5058616078125 0.5878928578125
3 0.45898660781249995 0.61328125 0.43945535781249995 0.61328125 0.43945535781249995 0.6386741078125 0.45898660781249995 0.6386741078125 0.45898660781249995 0.61328125
3 0.46484375 0.44726785781249995 0.4375 0.44726785781249995 0.4375 0.48046875 0.46484375 0.48046875 0.46484375 0.44726785781249995
3 0.7753928578125 0.8144553578125 0.73828125 0.8144553578125 0.73828125 0.8515625 0.7753928578125 0.8515625 0.7753928578125 0.8144553578125
3 0.48242410781249995 0.6640625 0.45117410781249995 0.6640625 0.45117410781249995 0.703125 0.48242410781249995 0.703125 0.48242410781249995 0.6640625