4 0.46484375 0.7871116078125 0.3984375 0.7871116078125 0.3984375 0.9824241078125 0.46484375 0.9824241078125 0.46484375 0.7871116078125
4 0.5605491078125 0.8496116078125 0.5097678578125 0.8496116078125 0.5097678578125 0.953125 0.5605491078125 0.953125 0.5605491078125 0.8496116078125
4 0.6972678578125 0.8105491078125 0.5957053578125 0.8105491078125 0.5957053578125 0.9394553578125 0.6972678578125 0.9394553578125 0.6972678578125 0.8105491078125
4 0.1035178578125 0.3300803578125 0.0058616078125 0.3300803578125 0.0058616078125 0.44336160781249995 0.1035178578125 0.44336160781249995 0.1035178578125 0.3300803578125
4 0.3183616078125 0.7246116078125 0.24609375 0.7246116078125 0.24609375 0.78515625 0.3183616078125 0.78515625 0.3183616078125 0.7246116078125
4 0.3300803578125 0.8203125 0.28125 0.8203125 0.28125 0.87890625 0.3300803578125 0.87890625 0.3300803578125 0.8203125
4 0.5019553578125 0.6191428578125 0.44726785781249995 0.6191428578125 0.44726785781249995 0.6621116078125 0.5019553578125 0.6621116078125 0.5019553578125 0.6191428578125
4 0.12890625 0.46289285781249995 0.0859375 0.46289285781249995 0.0859375 0.5019553578125 0.12890625 0.5019553578125 0.12890625 0.46289285781249995
3 0.60546875 0.1660178578125 0.2734375 0.1660178578125 0.2734375 0.3496116078125 0.60546875 0.3496116078125 0.60546875 0.1660178578125
3 0.88671875 0.40625 0.7109375 0.40625 0.7109375 0.5683616078125 0.88671875 0.5683616078125 0.88671875 0.40625
3 0.23828125 0.73828125 0.09765625 0.73828125 0.09765625 0.96875 0.23828125 0.96875 0.23828125 0.73828125
3 0.1484375 0.609375 0.0136741078125 0.609375 0.0136741078125 0.71484375 0.1484375 0.71484375 0.1484375 0.609375
3 0.8847678578125 0.734375 0.7207053578125 0.734375 0.7207053578125 0.9785178578125 0.8847678578125 0.9785178578125 0.8847678578125 0.734375
4 0.48633035781249995 0.0449241078125 0.42773660781249995 0.0449241078125 0.42773660781249995 0.1738303578125 0.48633035781249995 0.1738303578125 0.48633035781249995 0.0449241078125
4 0.734375 0.1347678578125 0.6796875 0.1347678578125 0.6796875 0.203125 0.734375 0.203125 0.734375 0.1347678578125
4 0.3496116078125 0 0.3496116078125 0.0683616078125 0.3925803578125 0.0683616078125 0.3925803578125 0 0.3496116078125 0
4 0.6738303578125 0.5 0.6308616078125 0.5 0.6308616078125 0.56640625 0.6738303578125 0.56640625 0.6738303578125 0.5
3 0.62890625 0.4375 0.6035178578125 0.4375 0.6035178578125 0.46484375 0.62890625 0.46484375 0.62890625 0.4375
4 0.5625 0.05078125 0.48828125 0.05078125 0.48828125 0.1113303578125 0.5625 0.1113303578125 0.5625 0.05078125
3 0.5625 0.12109375 0.53125 0.12109375 0.53125 0.1660178578125 0.5625 0.1660178578125 0.5625 0.12109375
4 0.6074241078125 0.1699241078125 0.27734375 0.1699241078125 0.27734375 0.3300803578125 0.6074241078125 0.3300803578125 0.6074241078125 0.1699241078125
4 0.4453125 0.0878928578125 0.390625 0.0878928578125 0.390625 0.16796875 0.4453125 0.16796875 0.4453125 0.0878928578125
4 0.1484375 0.3730491078125 0.109375 0.3730491078125 0.109375 0.45117410781249995 0.1484375 0.45117410781249995 0.1484375 0.3730491078125
4 0.06640625 0.48828125 0.0410178578125 0.48828125 0.0410178578125 0.5175803578125 0.06640625 0.5175803578125 0.06640625 0.48828125
4 0.203125 0.7988303578125 0.1796875 0.7988303578125 0.1796875 0.828125 0.203125 0.828125 0.203125 0.7988303578125
4 0.2285178578125 0.84375 0.203125 0.84375 0.203125 0.87890625 0.2285178578125 0.87890625 0.2285178578125 0.84375
4 0.19921875 0.87890625 0.1699241078125 0.87890625 0.1699241078125 0.9003928578125 0.19921875 0.9003928578125 0.19921875 0.87890625
4 0.2089866078125 0.921875 0.1777366078125 0.921875 0.1777366078125 0.953125 0.2089866078125 0.953125 0.2089866078125 0.921875
4 0.1386741078125 0.765625 0.11328125 0.765625 0.11328125 0.7890625 0.1386741078125 0.7890625 0.1386741078125 0.765625
4 0.5019553578125 0.5566428578125 0.48046875 0.5566428578125 0.48046875 0.58203125 0.5019553578125 0.58203125 0.5019553578125 0.5566428578125
8 0.44921875 0.8222678578125 0.4140625 0.8222678578125 0.4140625 0.8613303578125 0.44921875 0.8613303578125 0.44921875 0.8222678578125
8 0.42773660781249995 0.9121116078125 0.40234375 0.9121116078125 0.40234375 0.94140625 0.42773660781249995 0.94140625 0.42773660781249995 0.9121116078125
8 0.546875 0.890625 0.5214866078125 0.890625 0.5214866078125 0.9355491078125 0.546875 0.9355491078125 0.546875 0.890625
8 0.44921875 0.0019553578125 0.40234375 0.0019553578125 0.40234375 0.025392857812500003 0.44921875 0.025392857812500003 0.44921875 0.0019553578125
8 0.46289285781249995 0.0527366078125 0.4375 0.0527366078125 0.4375 0.15234375 0.46289285781249995 0.15234375 0.46289285781249995 0.0527366078125
8 0.87890625 0.49023660781249995 0.8652366078125 0.49023660781249995 0.8652366078125 0.5058616078125 0.87890625 0.5058616078125 0.87890625 0.49023660781249995