4 0.57421875 0.3027366078125 0.35546875 0.3027366078125 0.35546875 0.8828125 0.57421875 0.8828125 0.57421875 0.3027366078125
4 0.10546875 0.33984375 0.0019553578125 0.33984375 0.0019553578125 0.453125 0.10546875 0.453125 0.10546875 0.33984375
4 0.2714866078125 0.42578125 0.00390625 0.42578125 0.00390625 0.7734375 0.2714866078125 0.7734375 0.2714866078125 0.42578125
4 0.17578125 0.7871116078125 0.03515625 0.7871116078125 0.03515625 0.8535178578125 0.17578125 0.8535178578125 0.17578125 0.7871116078125
4 0.43164285781249995 0.51171875 0.2207053578125 0.51171875 0.2207053578125 0.77734375 0.43164285781249995 0.77734375 0.43164285781249995 0.51171875
4 0.5253928578125 0.953125 0.47461160781249995 0.953125 0.47461160781249995 0.9941428578125 0.5253928578125 0.9941428578125 0.5253928578125 0.953125
4 0.71875 0.9394553578125 0.671875 0.9394553578125 0.671875 0.98046875 0.71875 0.98046875 0.71875 0.9394553578125
4 0.99609375 0.49414285781249995 0.9550803578125 0.49414285781249995 0.9550803578125 0.7910178578125 0.99609375 0.7910178578125 0.99609375 0.49414285781249995
4 0.390625 0.9550803578125 0.3222678578125 0.9550803578125 0.3222678578125 0.9941428578125 0.390625 0.9941428578125 0.390625 0.9550803578125
4 0.34765625 0.2910178578125 0.21484375 0.2910178578125 0.21484375 0.42578125 0.34765625 0.42578125 0.34765625 0.2910178578125
3 0.3105491078125 0.0390625 0.0214866078125 0.0390625 0.0214866078125 0.2597678578125 0.3105491078125 0.2597678578125 0.3105491078125 0.0390625
3 0.39453125 0.6035178578125 0.2265625 0.6035178578125 0.2265625 0.7402366078125 0.39453125 0.7402366078125 0.39453125 0.6035178578125
3 0.0957053578125 0.6699241078125 0.03125 0.6699241078125 0.03125 0.7363303578125 0.0957053578125 0.7363303578125 0.0957053578125 0.6699241078125
4 0.296875 0.05078125 0.025392857812500003 0.05078125 0.025392857812500003 0.26953125 0.296875 0.26953125 0.296875 0.05078125
4 0.2558616078125 0.30078125 0.1171875 0.30078125 0.1171875 0.46679910781249995 0.2558616078125 0.46679910781249995 0.2558616078125 0.30078125
4 0.0371116078125 0.8359375 0.0058616078125 0.8359375 0.0058616078125 0.8828125 0.0371116078125 0.8828125 0.0371116078125 0.8359375
4 0.0761741078125 0.89453125 0.04296875 0.89453125 0.04296875 0.93359375 0.0761741078125 0.93359375 0.0761741078125 0.89453125
4 0.2050803578125 0.7441428578125 0.1425803578125 0.7441428578125 0.1425803578125 0.7792991078125 0.2050803578125 0.7792991078125 0.2050803578125 0.7441428578125
4 0.28125 0.7832053578125 0.23828125 0.7832053578125 0.23828125 0.8203125 0.28125 0.8203125 0.28125 0.7832053578125
4 0.41992410781249995 0.890625 0.3574241078125 0.890625 0.3574241078125 0.9453125 0.41992410781249995 0.9453125 0.41992410781249995 0.890625
4 0.55078125 0.87890625 0.45508035781249995 0.87890625 0.45508035781249995 0.94140625 0.55078125 0.94140625 0.55078125 0.87890625
4 0.65234375 0.97265625 0.6015625 0.97265625 0.6015625 0.9980491078125 0.65234375 0.9980491078125 0.65234375 0.97265625
4 0.2050803578125 0.9042991078125 0.1425803578125 0.9042991078125 0.1425803578125 0.9941428578125 0.2050803578125 0.9941428578125 0.2050803578125 0.9042991078125
8 0.27734375 0.5917991078125 0.2265625 0.5917991078125 0.2265625 0.6191428578125 0.27734375 0.6191428578125 0.27734375 0.5917991078125
8 0.3535178578125 0.58984375 0.3359375 0.58984375 0.3359375 0.6113303578125 0.3535178578125 0.6113303578125 0.3535178578125 0.58984375
8 0.15625 0.47851785781249995 0.1386741078125 0.47851785781249995 0.1386741078125 0.5 0.15625 0.5 0.15625 0.47851785781249995
8 0.0625 0.1308616078125 0.0449241078125 0.1308616078125 0.0449241078125 0.1425803578125 0.0625 0.1425803578125 0.0625 0.1308616078125
8 0.1152366078125 0.16796875 0.1035178578125 0.16796875 0.1035178578125 0.1816428578125 0.1152366078125 0.1816428578125 0.1152366078125 0.16796875
8 0.1425803578125 0.1660178578125 0.12109375 0.1660178578125 0.12109375 0.1777366078125 0.1425803578125 0.1777366078125 0.1425803578125 0.1660178578125
8 0.0800803578125 0.296875 0.0605491078125 0.296875 0.0605491078125 0.3105491078125 0.0800803578125 0.3105491078125 0.0800803578125 0.296875
8 0.09765625 0.2832053578125 0.0800803578125 0.2832053578125 0.0800803578125 0.2988303578125 0.09765625 0.2988303578125 0.09765625 0.2832053578125
8 0.12890625 0.5214866078125 0.1074241078125 0.5214866078125 0.1074241078125 0.5703125 0.12890625 0.5703125 0.12890625 0.5214866078125
8 0.0878928578125 0.6582053578125 0.0722678578125 0.6582053578125 0.0722678578125 0.68359375 0.0878928578125 0.68359375 0.0878928578125 0.6582053578125
8 0.05859375 0.6386741078125 0.03515625 0.6386741078125 0.03515625 0.6621116078125 0.05859375 0.6621116078125 0.05859375 0.6386741078125