4 0.1660178578125 0.1328125 0.0058616078125 0.1328125 0.0058616078125 0.98046875 0.1660178578125 0.98046875 0.1660178578125 0.1328125
4 0.49804910781249995 0.15234375 0.4609375 0.15234375 0.4609375 0.2285178578125 0.49804910781249995 0.2285178578125 0.49804910781249995 0.15234375
4 0.5410178578125 0.2558616078125 0.5078125 0.2558616078125 0.5078125 0.328125 0.5410178578125 0.328125 0.5410178578125 0.2558616078125
4 0.9394553578125 0.7421875 0.8203125 0.7421875 0.8203125 0.9121116078125 0.9394553578125 0.9121116078125 0.9394553578125 0.7421875
4 0.7011741078125 0.6464866078125 0.6328125 0.6464866078125 0.6328125 0.7285178578125 0.7011741078125 0.7285178578125 0.7011741078125 0.6464866078125
4 0.8652366078125 0.4453125 0.78125 0.4453125 0.78125 0.5332053578125 0.8652366078125 0.5332053578125 0.8652366078125 0.4453125
4 0.6894553578125 0.8378928578125 0.5566428578125 0.8378928578125 0.5566428578125 0.99609375 0.6894553578125 0.99609375 0.6894553578125 0.8378928578125
4 0.19140625 0.7792991078125 0.0390625 0.7792991078125 0.0390625 0.98828125 0.19140625 0.98828125 0.19140625 0.7792991078125
4 0.1796875 0.5136741078125 0.09375 0.5136741078125 0.09375 0.5839866078125 0.1796875 0.5839866078125 0.1796875 0.5136741078125
4 0.42383035781249995 0.34375 0.2265625 0.34375 0.2265625 0.5175803578125 0.42383035781249995 0.5175803578125 0.42383035781249995 0.34375
5 0.98828125 0.0390625 0.6894553578125 0.0390625 0.6894553578125 0.8671875 0.98828125 0.8671875 0.98828125 0.0390625
5 0.390625 0.0019553578125 0.00390625 0.0019553578125 0.00390625 0.2207053578125 0.390625 0.2207053578125 0.390625 0.0019553578125
2 0.66015625 0.3300803578125 0.1230491078125 0.3300803578125 0.1230491078125 0.9980491078125 0.66015625 0.9980491078125 0.66015625 0.3300803578125
4 0.4921875 0.41796875 0.45898660781249995 0.41796875 0.45898660781249995 0.484375 0.4921875 0.484375 0.4921875 0.41796875
4 0.43359375 0.25 0.40234375 0.25 0.40234375 0.29296875 0.43359375 0.29296875 0.43359375 0.25
4 0.3730491078125 0.73828125 0.3203125 0.73828125 0.3203125 0.8144553578125 0.3730491078125 0.8144553578125 0.3730491078125 0.73828125