3 0.44180803593749995 0.39888826875 0.0066696421875 0.39888826875 0.0066696421875 0.6076089390625 0.44180803593749995 0.6076089390625 0.44180803593749995 0.39888826875
3 0.6679017859374999 0.760670390625 0.5997053578125 0.760670390625 0.5997053578125 0.8617821234375 0.6679017859374999 0.8617821234375 0.6679017859374999 0.760670390625
3 0.41734821406249994 0.6419329609375 0.3817633921875 0.6419329609375 0.3817633921875 0.6938826812500001 0.41734821406249994 0.6938826812500001 0.41734821406249994 0.6419329609375
3 0.6174955359375 0.25696089375 0.5848794640625 0.25696089375 0.5848794640625 0.2912793296875 0.6174955359375 0.2912793296875 0.6174955359375 0.25696089375
3 0.9518169640625 0.0408156421875 0.8354330359375 0.0408156421875 0.8354330359375 0.24304469218750002 0.9518169640625 0.24304469218750002 0.9518169640625 0.0408156421875
3 0.9903616078124999 0.6641955312500001 0.9258705359375 0.6641955312500001 0.9258705359375 0.7755139671875 0.9903616078124999 0.7755139671875 0.9903616078124999 0.6641955312500001
3 0.7079330359375 0.7894301671874999 0.679022321875 0.7894301671874999 0.679022321875 0.8339553078125 0.7079330359375 0.8339553078125 0.7079330359375 0.7894301671874999
8 0.4803571421875 0.6372960890625 0.4492232140625 0.6372960890625 0.4492232140625 0.6577039109375 0.4803571421875 0.6577039109375 0.4803571421875 0.6372960890625
8 0.51075 0.6697597765625 0.46553125 0.6697597765625 0.46553125 0.705938546875 0.51075 0.705938546875 0.51075 0.6697597765625
8 0.3965892859375 0.692022346875 0.3706428578125 0.692022346875 0.3706428578125 0.7124357546875 0.3965892859375 0.7124357546875 0.3965892859375 0.692022346875
8 0.3461830359375 0.7643798875 0.32171875 0.7643798875 0.32171875 0.7949944140625 0.3461830359375 0.7949944140625 0.3461830359375 0.7643798875
8 0.3832455359375 0.7810782125 0.34766517812500003 0.7810782125 0.34766517812500003 0.8218938546875 0.3832455359375 0.8218938546875 0.3832455359375 0.7810782125
8 0.47368303593750005 0.831173184375 0.4366205359375 0.831173184375 0.4366205359375 0.8719888265625 0.47368303593750005 0.8719888265625 0.47368303593750005 0.831173184375
8 0.089696428125 0.732843575 0.01853125 0.732843575 0.01853125 0.799631284375 0.089696428125 0.799631284375 0.089696428125 0.732843575
8 0.6434375 0.5102067046875 0.6078571421875 0.5102067046875 0.6078571421875 0.564938546875 0.6434375 0.564938546875 0.6434375 0.5102067046875
8 0.4091919640625 0.307977653125 0.3832455359375 0.307977653125 0.3832455359375 0.35621787656250004 0.4091919640625 0.35621787656250004 0.4091919640625 0.307977653125
3 0.32987500000000003 0.285715084375 0.2461071421875 0.285715084375 0.2461071421875 0.344156425 0.32987500000000003 0.344156425 0.32987500000000003 0.285715084375
8 0.18458035781249998 0.52226815625 0.13120982187500002 0.52226815625 0.13120982187500002 0.5751396640625 0.18458035781249998 0.5751396640625 0.18458035781249998 0.52226815625
8 0.1704955359375 0.5686480453125 0.149 0.5686480453125 0.149 0.6215251390625001 0.1704955359375 0.6215251390625001 0.1704955359375 0.5686480453125
7 0.756116071875 0.8682793296875 0.483321428125 0.8682793296875 0.483321428125 0.9990782125000001 0.756116071875 0.9990782125000001 0.756116071875 0.8682793296875
7 0.1927366078125 0.004636871875 0.08450892812500001 0.004636871875 0.08450892812500001 0.0677206703125 0.1927366078125 0.0677206703125 0.1927366078125 0.004636871875
8 0.302446428125 0.6502793296875 0.29429017812499997 0.6502793296875 0.29429017812499997 0.6651229046875 0.302446428125 0.6651229046875 0.302446428125 0.6502793296875
8 0.5500357140625 0.4740279328125 0.5315044640625 0.4740279328125 0.5315044640625 0.49072625625 0.5500357140625 0.49072625625 0.5500357140625 0.4740279328125
8 0.4862857140625 0.5018547484375 0.475165178125 0.5018547484375 0.475165178125 0.5139162015625 0.4862857140625 0.5139162015625 0.4862857140625 0.5018547484375
8 0.180133928125 0.4499106140625 0.16530803593750001 0.4499106140625 0.16530803593750001 0.4666089390625 0.180133928125 0.4666089390625 0.180133928125 0.4499106140625
8 0.08228125 0.495363128125 0.056339285937500004 0.495363128125 0.056339285937500004 0.5296871515625 0.08228125 0.5296871515625 0.08228125 0.495363128125
8 0.051147321875 0.5556592171875 0.0370625 0.5556592171875 0.0370625 0.5769944140625001 0.051147321875 0.5769944140625001 0.051147321875 0.5556592171875
8 0.0333571421875 0.5250502796875 0.00815625 0.5250502796875 0.00815625 0.542675978125 0.0333571421875 0.542675978125 0.0333571421875 0.5250502796875
8 0.0289107140625 0.56122905 0.017790178125 0.56122905 0.017790178125 0.5788547484375 0.0289107140625 0.5788547484375 0.0289107140625 0.56122905
8 0.13862053593749998 0.472173184375 0.128241071875 0.472173184375 0.128241071875 0.49350837968750005 0.13862053593749998 0.49350837968750005 0.13862053593749998 0.472173184375
8 0.35359375000000004 0.44063128437500004 0.343959821875 0.44063128437500004 0.343959821875 0.45269273749999994 0.35359375000000004 0.45269273749999994 0.35359375000000004 0.44063128437500004
8 0.28836160781250003 0.4313575421875 0.2802053578125 0.4313575421875 0.2802053578125 0.44155865937499994 0.28836160781250003 0.44155865937499994 0.28836160781250003 0.4313575421875
8 0.2357321421875 0.4508379890625 0.225352678125 0.4508379890625 0.225352678125 0.46382122968750006 0.2357321421875 0.46382122968750006 0.2357321421875 0.4508379890625
8 0.2616741078125 0.4777374296875 0.244625 0.4777374296875 0.244625 0.49350837968750005 0.2616741078125 0.49350837968750005 0.2616741078125 0.4777374296875
8 0.38620982187499997 0.5231955312500001 0.3773169640625 0.5231955312500001 0.3773169640625 0.5361787703124999 0.38620982187499997 0.5361787703124999 0.38620982187499997 0.5231955312500001
8 0.3565625 0.5046424578125001 0.3194955359375 0.5046424578125001 0.3194955359375 0.5417486031250001 0.3565625 0.5417486031250001 0.3565625 0.5046424578125001
3 0.393625 0.0630782125 0.375834821875 0.0630782125 0.375834821875 0.08627374374999999 0.393625 0.08627374374999999 0.393625 0.0630782125
3 0.43810267812500003 0.11781005625 0.416602678125 0.11781005625 0.416602678125 0.141 0.43810267812500003 0.141 0.43810267812500003 0.11781005625
3 0.1423258921875 0.0955474859375 0.1252767859375 0.0955474859375 0.1252767859375 0.11224580937499999 0.1423258921875 0.11224580937499999 0.1423258921875 0.0955474859375