8 0.5441071421875 0.8283910609375 0.45885714218749996 0.8283910609375 0.45885714218749996 0.9369217875 0.5441071421875 0.9369217875 0.5441071421875 0.8283910609375
8 0.3832455359375 0.9573296093750001 0.339508928125 0.9573296093750001 0.339508928125 0.9972234640625001 0.3832455359375 0.9972234640625001 0.3832455359375 0.9573296093750001
8 0.5226071421875 0.058441340625000004 0.45070535781250004 0.058441340625000004 0.45070535781250004 0.11781005625 0.5226071421875 0.11781005625 0.5226071421875 0.058441340625000004
8 0.555227678125 0.192022346875 0.5196428578125001 0.192022346875 0.5196428578125001 0.22820111718749997 0.555227678125 0.22820111718749997 0.555227678125 0.192022346875
8 0.6664196421875 0.0473072625 0.6093392859375 0.0473072625 0.6093392859375 0.141 0.6664196421875 0.141 0.6664196421875 0.0473072625
8 0.7412901781250001 0.22449162031249997 0.716084821875 0.22449162031249997 0.716084821875 0.25603352031250004 0.7412901781250001 0.25603352031250004 0.7412901781250001 0.22449162031249997
8 0.8398794640625 0.0834860328125 0.8087455359375 0.0834860328125 0.8087455359375 0.11502793281249998 0.8398794640625 0.11502793281249998 0.8398794640625 0.0834860328125
8 0.8028169640625 0.073284915625 0.7805803578125 0.073284915625 0.7805803578125 0.11317318437499999 0.8028169640625 0.11317318437499999 0.8028169640625 0.073284915625
8 0.9392142859374999 0.175324021875 0.908821428125 0.175324021875 0.908821428125 0.21150279374999997 0.9392142859374999 0.21150279374999997 0.9392142859374999 0.175324021875
8 0.955522321875 0.3729162015625 0.9325446421875 0.3729162015625 0.9325446421875 0.41373184375000005 0.955522321875 0.41373184375000005 0.955522321875 0.3729162015625
8 0.9325446421875 0.40723463750000005 0.9117857140625001 0.40723463750000005 0.9117857140625001 0.4313575421875 0.9325446421875 0.4313575421875 0.9325446421875 0.40723463750000005
8 0.9310580359375 0.5120614531250001 0.9132678578125001 0.5120614531250001 0.9132678578125001 0.5380335203125 0.9310580359375 0.5380335203125 0.9310580359375 0.5120614531250001
8 0.0919196421875 0.472173184375 0.063008928125 0.472173184375 0.063008928125 0.5120614531250001 0.0919196421875 0.5120614531250001 0.0919196421875 0.472173184375
8 0.10007589218749999 0.4109497203125 0.077834821875 0.4109497203125 0.077834821875 0.44526815624999994 0.10007589218749999 0.44526815624999994 0.10007589218749999 0.4109497203125
8 0.1341741078125 0.387754190625 0.094883928125 0.387754190625 0.094883928125 0.46382122968750006 0.1341741078125 0.46382122968750006 0.1341741078125 0.387754190625
8 0.1771696421875 0.2040837984375 0.1275 0.2040837984375 0.1275 0.28293296093750003 0.1771696421875 0.28293296093750003 0.1771696421875 0.2040837984375
8 0.4284642859375 0.0936927375 0.3899196421875 0.0936927375 0.3899196421875 0.1493519546875 0.4284642859375 0.1493519546875 0.4284642859375 0.0936927375
8 0.36249107187499996 0.00834636875 0.32987500000000003 0.00834636875 0.32987500000000003 0.0751396640625 0.36249107187499996 0.0751396640625 0.36249107187499996 0.00834636875
8 0.4358794640625 0.0408156421875 0.40845089218749997 0.0408156421875 0.40845089218749997 0.0872011171875 0.4358794640625 0.0872011171875 0.4358794640625 0.0408156421875
8 0.387696428125 0.061223464062499997 0.36249107187499996 0.061223464062499997 0.36249107187499996 0.10760893906249999 0.387696428125 0.10760893906249999 0.387696428125 0.061223464062499997
8 0.3313571421875 0.081631284375 0.29503124999999997 0.081631284375 0.29503124999999997 0.1354357546875 0.3313571421875 0.1354357546875 0.3313571421875 0.081631284375
8 0.27724107187499997 0.061223464062499997 0.24758928593750001 0.061223464062499997 0.24758928593750001 0.10760893906249999 0.27724107187499997 0.10760893906249999 0.27724107187499997 0.061223464062499997
8 0.22831696406250002 0.0324692734375 0.200147321875 0.0324692734375 0.200147321875 0.0807039109375 0.22831696406250002 0.0807039109375 0.22831696406250002 0.0324692734375
8 0.32171875 0.038960893749999996 0.2965178578125 0.038960893749999996 0.2965178578125 0.0788491625 0.32171875 0.0788491625 0.32171875 0.038960893749999996
8 0.5693125 0.0473072625 0.5389196421875 0.0473072625 0.5389196421875 0.0872011171875 0.5693125 0.0872011171875 0.5693125 0.0473072625
8 0.49740624999999994 0.17346927343750002 0.4729419640625 0.17346927343750002 0.4729419640625 0.21613966406250001 0.49740624999999994 0.21613966406250001 0.49740624999999994 0.17346927343750002
8 0.515196428125 0.16326815625 0.4937008921875 0.16326815625 0.4937008921875 0.21243016718750002 0.515196428125 0.21243016718750002 0.515196428125 0.16326815625
8 0.4536696421875 0.1901675984375 0.4203125 0.1901675984375 0.4203125 0.23376536250000002 0.4536696421875 0.23376536250000002 0.4536696421875 0.1901675984375
8 0.19199553593750002 0.6706871515625 0.1645669640625 0.6706871515625 0.1645669640625 0.705938546875 0.19199553593750002 0.705938546875 0.19199553593750002 0.6706871515625
8 0.2075625 0.7152178765625 0.17271875 0.7152178765625 0.17271875 0.7495419 0.2075625 0.7495419 0.2075625 0.7152178765625
8 0.2965178578125 0.5807094968750001 0.25796874999999997 0.5807094968750001 0.25796874999999997 0.6150279328125 0.2965178578125 0.6150279328125 0.2965178578125 0.5807094968750001
8 0.32023660781249996 0.612245809375 0.2816919640625 0.612245809375 0.2816919640625 0.6827486031250001 0.32023660781249996 0.6827486031250001 0.32023660781249996 0.612245809375
8 0.315790178125 0.3608547484375 0.28836160781250003 0.3608547484375 0.28836160781250003 0.3970335203125 0.315790178125 0.3970335203125 0.315790178125 0.3608547484375
7 0.3699017859375 0.49814525156249995 0.1882857140625 0.49814525156249995 0.1882857140625 0.74211731875 0.3699017859375 0.74211731875 0.3699017859375 0.49814525156249995
3 0.1319508921875 0.2940670390625 0.10304017812499999 0.2940670390625 0.10304017812499999 0.32653072656250004 0.1319508921875 0.32653072656250004 0.1319508921875 0.2940670390625
3 0.154928571875 0.28664245781250003 0.1319508921875 0.28664245781250003 0.1319508921875 0.3209664796875 0.154928571875 0.3209664796875 0.154928571875 0.28664245781250003
3 0.19199553593750002 0.27644134062500003 0.154928571875 0.27644134062500003 0.154928571875 0.31911173125 0.19199553593750002 0.31911173125 0.19199553593750002 0.27644134062500003
3 0.232022321875 0.2820055859375 0.193477678125 0.2820055859375 0.193477678125 0.32467597812500004 0.232022321875 0.32467597812500004 0.232022321875 0.2820055859375
3 0.307633928125 0.27644134062500003 0.23499107187499998 0.27644134062500003 0.23499107187499998 0.32838547500000004 0.307633928125 0.32838547500000004 0.307633928125 0.27644134062500003
3 0.37954017812499996 0.2588156421875 0.3143080359375 0.2588156421875 0.3143080359375 0.32467597812500004 0.37954017812499996 0.32467597812500004 0.37954017812499996 0.2588156421875
3 0.4729419640625 0.387754190625 0.394366071875 0.387754190625 0.394366071875 0.457329609375 0.4729419640625 0.457329609375 0.4729419640625 0.387754190625
3 0.5596741078125 0.389614525 0.47442410781250005 0.389614525 0.47442410781250005 0.49165363125 0.5596741078125 0.49165363125 0.5596741078125 0.389614525
3 0.352852678125 0.3970335203125 0.3269107140625 0.3970335203125 0.3269107140625 0.4313575421875 0.352852678125 0.4313575421875 0.352852678125 0.3970335203125
3 0.387696428125 0.39888826875 0.354334821875 0.39888826875 0.354334821875 0.4276480453125 0.387696428125 0.4276480453125 0.387696428125 0.39888826875
3 0.2097857140625 0.4619664796875 0.1275 0.4619664796875 0.1275 0.5241229046875 0.2097857140625 0.5241229046875 0.2097857140625 0.4619664796875
3 0.2609330359375 0.44805586562500005 0.21423214218750003 0.44805586562500005 0.21423214218750003 0.49814525156249995 0.2609330359375 0.49814525156249995 0.2609330359375 0.44805586562500005
3 0.22831696406250002 0.496290503125 0.2075625 0.496290503125 0.2075625 0.5241229046875 0.22831696406250002 0.5241229046875 0.22831696406250002 0.496290503125
3 0.153446428125 0.5296871515625 0.08525 0.5296871515625 0.08525 0.5825642453125 0.153446428125 0.5825642453125 0.153446428125 0.5296871515625
3 0.18235714218750002 0.5324692734375 0.154928571875 0.5324692734375 0.154928571875 0.5881284921875001 0.18235714218750002 0.5881284921875001 0.18235714218750002 0.5324692734375
3 0.0807991078125 0.5408212296875 0.021495535937499997 0.5408212296875 0.021495535937499997 0.5909106140625 0.0807991078125 0.5909106140625 0.0807991078125 0.5408212296875
3 0.25129910781250003 0.5296871515625 0.230540178125 0.5296871515625 0.230540178125 0.5528770953125 0.25129910781250003 0.5528770953125 0.25129910781250003 0.5296871515625
3 0.0229821421875 0.5528770953125 0.000741071875 0.5528770953125 0.000741071875 0.589055865625 0.0229821421875 0.589055865625 0.0229821421875 0.5528770953125
3 0.17420089218749998 0.0788491625 0.117866071875 0.0788491625 0.117866071875 0.13172625625 0.17420089218749998 0.13172625625 0.17420089218749998 0.0788491625
3 0.2045982140625 0.0769944140625 0.18680357187500002 0.0769944140625 0.18680357187500002 0.13172625625 0.2045982140625 0.13172625625 0.2045982140625 0.0769944140625
3 0.2735357140625 0.14378770937500002 0.2461071421875 0.14378770937500002 0.2461071421875 0.1781061453125 0.2735357140625 0.1781061453125 0.2735357140625 0.14378770937500002
3 0.11638392812500001 0.0769944140625 0.0793169640625 0.0769944140625 0.0793169640625 0.13172625625 0.11638392812500001 0.13172625625 0.11638392812500001 0.0769944140625
3 0.0889553578125 0.13172625625 0.061526785937499995 0.13172625625 0.061526785937499995 0.16419553125 0.0889553578125 0.16419553125 0.0889553578125 0.13172625625
3 0.0437366078125 0.1855307265625 0.01853125 0.1855307265625 0.01853125 0.23376536250000002 0.0437366078125 0.23376536250000002 0.0437366078125 0.1855307265625
3 0.035580357812500005 0.21613966406250001 0.0022232140625000002 0.21613966406250001 0.0022232140625000002 0.2940670390625 0.035580357812500005 0.2940670390625 0.035580357812500005 0.21613966406250001
3 0.0163080359375 0.3070502796875 0.0022232140625000002 0.3070502796875 0.0022232140625000002 0.3692011171875 0.0163080359375 0.3692011171875 0.0163080359375 0.3070502796875
3 0.5774642859375 0.4591843578125 0.552258928125 0.4591843578125 0.552258928125 0.49350837968750005 0.5774642859375 0.49350837968750005 0.5774642859375 0.4591843578125
3 0.6078571421875 0.472173184375 0.5745 0.472173184375 0.5745 0.5176256984375 0.6078571421875 0.5176256984375 0.6078571421875 0.472173184375
8 0.5722767859375 0.6076089390625 0.552258928125 0.6076089390625 0.552258928125 0.6307988828125 0.5722767859375 0.6307988828125 0.5722767859375 0.6076089390625
8 0.43884375000000003 0.4155865921875 0.4099330359375 0.4155865921875 0.4099330359375 0.4434134078125 0.43884375000000003 0.4434134078125 0.43884375000000003 0.4155865921875
8 0.5426249999999999 0.4276480453125 0.5196428578125001 0.4276480453125 0.5196428578125001 0.45640223437499994 0.5426249999999999 0.45640223437499994 0.5426249999999999 0.4276480453125
8 0.5092678578125 0.44155865937499994 0.4810982140625 0.44155865937499994 0.4810982140625 0.47124580937499994 0.5092678578125 0.47124580937499994 0.5092678578125 0.44155865937499994
8 0.40622767812499994 0.41002234687500005 0.3921428578125 0.41002234687500005 0.3921428578125 0.4276480453125 0.40622767812499994 0.4276480453125 0.40622767812499994 0.41002234687500005
8 0.3498883921875 0.4053798875 0.334321428125 0.4053798875 0.334321428125 0.4248603359375 0.3498883921875 0.4248603359375 0.3498883921875 0.4053798875
8 0.432915178125 0.92022905 0.41734821406249994 0.92022905 0.41734821406249994 0.9359944140625001 0.432915178125 0.9359944140625001 0.432915178125 0.92022905
8 0.7575982140625 0.901675978125 0.7353616078125 0.901675978125 0.7353616078125 0.92857541875 0.7575982140625 0.92857541875 0.7575982140625 0.901675978125
8 0.855446428125 0.00741899375 0.8361741078125 0.00741899375 0.8361741078125 0.029687151562500003 0.855446428125 0.029687151562500003 0.855446428125 0.00741899375
8 0.181616071875 0.2912793296875 0.16382589218750002 0.2912793296875 0.16382589218750002 0.3144748609375 0.181616071875 0.3144748609375 0.181616071875 0.2912793296875
8 0.221647321875 0.2912793296875 0.2045982140625 0.2912793296875 0.2045982140625 0.31168715156250004 0.221647321875 0.31168715156250004 0.221647321875 0.2912793296875
8 0.2045982140625 0.2903519546875 0.1927366078125 0.2903519546875 0.1927366078125 0.30983240156249997 0.2045982140625 0.30983240156249997 0.2045982140625 0.2903519546875
8 0.25055803593750003 0.2875698328125 0.2372142859375 0.2875698328125 0.2372142859375 0.3181843578125 0.25055803593750003 0.3181843578125 0.25055803593750003 0.2875698328125
8 0.2750178578125 0.2940670390625 0.2616741078125 0.2940670390625 0.2616741078125 0.32003910625 0.2750178578125 0.32003910625 0.2750178578125 0.2940670390625
8 0.366196428125 0.2680893859375 0.3454419640625 0.2680893859375 0.3454419640625 0.2940670390625 0.366196428125 0.2940670390625 0.366196428125 0.2680893859375
8 0.3409955359375 0.28664245781250003 0.3239419640625 0.28664245781250003 0.3239419640625 0.3135474859375 0.3409955359375 0.3135474859375 0.3409955359375 0.28664245781250003
8 0.1275 0.293134078125 0.1067455359375 0.293134078125 0.1067455359375 0.32467597812500004 0.1275 0.32467597812500004 0.1275 0.293134078125
8 0.1430669640625 0.0927653625 0.12305357187499999 0.0927653625 0.12305357187499999 0.121519553125 0.1430669640625 0.121519553125 0.1430669640625 0.0927653625
8 0.07487053593750001 0.1391452515625 0.060785714062499996 0.1391452515625 0.060785714062499996 0.16419553125 0.07487053593750001 0.16419553125 0.07487053593750001 0.1391452515625
8 0.1341741078125 0.5677206703125 0.1067455359375 0.5677206703125 0.1067455359375 0.589055865625 0.1341741078125 0.589055865625 0.1341741078125 0.5677206703125
8 0.19199553593750002 0.5 0.16382589218750002 0.5 0.16382589218750002 0.5315419 0.19199553593750002 0.5315419 0.19199553593750002 0.5
8 0.2616741078125 0.4545474859375 0.2461071421875 0.4545474859375 0.2461071421875 0.480519553125 0.2616741078125 0.480519553125 0.2616741078125 0.4545474859375
8 0.23499107187499998 0.4684636875 0.21497321406249997 0.4684636875 0.21497321406249997 0.49350837968750005 0.23499107187499998 0.49350837968750005 0.23499107187499998 0.4684636875
8 0.056339285937500004 0.5584413406250001 0.0370625 0.5584413406250001 0.0370625 0.5760670390625 0.056339285937500004 0.5760670390625 0.056339285937500004 0.5584413406250001
8 0.9955535718749999 0.495363128125 0.9799866078124999 0.495363128125 0.9799866078124999 0.5194804468750001 0.9955535718749999 0.5194804468750001 0.9955535718749999 0.495363128125
8 0.9985178578125 0.473100559375 0.9792455359375 0.473100559375 0.9792455359375 0.49350837968750005 0.9985178578125 0.49350837968750005 0.9985178578125 0.473100559375
3 0.6649375 0.5046424578125001 0.642696428125 0.5046424578125001 0.642696428125 0.535251396875 0.6649375 0.535251396875 0.6649375 0.5046424578125001
3 0.6338035718749999 0.49072625625 0.6130446421875 0.49072625625 0.6130446421875 0.52226815625 0.6338035718749999 0.52226815625 0.6338035718749999 0.49072625625