2 0.15234375 0 0.15234375 0.79296875 0.98828125 0.79296875 0.98828125 0 0.15234375 0
7 0.99609375 0.7285178578125 0.00390625 0.7285178578125 0.00390625 0.9980491078125 0.99609375 0.9980491078125 0.99609375 0.7285178578125
7 0.09765625 0.0019553578125 0.00390625 0.0019553578125 0.00390625 0.69921875 0.09765625 0.69921875 0.09765625 0.0019553578125
7 0.0996116078125 0 0.0996116078125 0.0859375 0.28515625 0.0859375 0.28515625 0 0.0996116078125 0
7 0.28515625 0.41601785781249995 0.1347678578125 0.41601785781249995 0.1347678578125 0.63671875 0.28515625 0.63671875 0.28515625 0.41601785781249995
4 0.3203125 0.3964866078125 0.1171875 0.3964866078125 0.1171875 0.6972678578125 0.3203125 0.6972678578125 0.3203125 0.3964866078125
4 0.48633035781249995 0.5410178578125 0.4140625 0.5410178578125 0.4140625 0.67578125 0.48633035781249995 0.67578125 0.48633035781249995 0.5410178578125
4 0.6640625 0.48633035781249995 0.6171875 0.48633035781249995 0.6171875 0.5390625 0.6640625 0.5390625 0.6640625 0.48633035781249995
4 0.40625 0.3359375 0.3457053578125 0.3359375 0.3457053578125 0.3925803578125 0.40625 0.3925803578125 0.40625 0.3359375
4 0.3984375 0.515625 0.3730491078125 0.515625 0.3730491078125 0.5800803578125 0.3984375 0.5800803578125 0.3984375 0.515625
4 0.6425803578125 0.72265625 0.18359375 0.72265625 0.18359375 0.8496116078125 0.6425803578125 0.8496116078125 0.6425803578125 0.72265625
4 0.1425803578125 0.08984375 0.0410178578125 0.08984375 0.0410178578125 0.70703125 0.1425803578125 0.70703125 0.1425803578125 0.08984375
4 0.85546875 0.67578125 0.6542991078125 0.67578125 0.6542991078125 0.80859375 0.85546875 0.80859375 0.85546875 0.67578125