3 0.8691428578125 0.76953125 0.8203125 0.76953125 0.8203125 0.8183616078125 0.8691428578125 0.8183616078125 0.8691428578125 0.76953125
3 0.8886741078125 0.84765625 0.8359375 0.84765625 0.8359375 0.9003928578125 0.8886741078125 0.9003928578125 0.8886741078125 0.84765625
3 0.6875 0.9003928578125 0.640625 0.9003928578125 0.640625 0.9453125 0.6875 0.9453125 0.6875 0.9003928578125
3 0.41992410781249995 0.953125 0.37890625 0.953125 0.37890625 0.984375 0.41992410781249995 0.984375 0.41992410781249995 0.953125
3 0.98046875 0.3984375 0.9140625 0.3984375 0.9140625 0.4453125 0.98046875 0.4453125 0.98046875 0.3984375
3 0.92578125 0.16796875 0.8417991078125 0.16796875 0.8417991078125 0.3105491078125 0.92578125 0.3105491078125 0.92578125 0.16796875
3 0.8417991078125 0.265625 0.7265625 0.265625 0.7265625 0.33203125 0.8417991078125 0.33203125 0.8417991078125 0.265625
3 0.8515625 0.3261741078125 0.7949241078125 0.3261741078125 0.7949241078125 0.41601785781249995 0.8515625 0.41601785781249995 0.8515625 0.3261741078125
3 0.7421875 0.30078125 0.6796875 0.30078125 0.6796875 0.3808616078125 0.7421875 0.3808616078125 0.7421875 0.30078125
3 0.6074241078125 0.8515625 0.56640625 0.8515625 0.56640625 0.890625 0.6074241078125 0.890625 0.6074241078125 0.8515625
3 0.5800803578125 0.76171875 0.5410178578125 0.76171875 0.5410178578125 0.8144553578125 0.5800803578125 0.8144553578125 0.5800803578125 0.76171875
4 0.9765625 0.125 0.8847678578125 0.125 0.8847678578125 0.2675803578125 0.9765625 0.2675803578125 0.9765625 0.125
3 0.05859375 0.57421875 0.0214866078125 0.57421875 0.0214866078125 0.62890625 0.05859375 0.62890625 0.05859375 0.57421875
3 0.8964866078125 0.0996116078125 0.8378928578125 0.0996116078125 0.8378928578125 0.1621116078125 0.8964866078125 0.1621116078125 0.8964866078125 0.0996116078125
3 0.65234375 0.11328125 0.60546875 0.11328125 0.60546875 0.1582053578125 0.65234375 0.1582053578125 0.65234375 0.11328125
3 0.18359375 0.5605491078125 0.140625 0.5605491078125 0.140625 0.5878928578125 0.18359375 0.5878928578125 0.18359375 0.5605491078125
3 0.3339866078125 0.7890625 0.2949241078125 0.7890625 0.2949241078125 0.8359375 0.3339866078125 0.8359375 0.3339866078125 0.7890625
5 0.546875 0.3339866078125 0.44921875 0.3339866078125 0.44921875 0.3691428578125 0.546875 0.3691428578125 0.546875 0.3339866078125
3 0.97265625 0.6464866078125 0.9453125 0.6464866078125 0.9453125 0.671875 0.97265625 0.671875 0.97265625 0.6464866078125
3 0.99609375 0.7402366078125 0.9707053578125 0.7402366078125 0.9707053578125 0.7753928578125 0.99609375 0.7753928578125 0.99609375 0.7402366078125
3 0.40429910781249995 0.7949241078125 0.3730491078125 0.7949241078125 0.3730491078125 0.8300803578125 0.40429910781249995 0.8300803578125 0.40429910781249995 0.7949241078125
3 0.8964866078125 0.91015625 0.8535178578125 0.91015625 0.8535178578125 0.94921875 0.8964866078125 0.94921875 0.8964866078125 0.91015625
3 0.0957053578125 0.5800803578125 0.0625 0.5800803578125 0.0625 0.625 0.0957053578125 0.625 0.0957053578125 0.5800803578125
3 0.9316428578125 0.46679910781249995 0.90234375 0.46679910781249995 0.90234375 0.49023660781249995 0.9316428578125 0.49023660781249995 0.9316428578125 0.46679910781249995
3 0.9980491078125 0.4296875 0.9628928578125 0.4296875 0.9628928578125 0.47070535781249995 0.9980491078125 0.47070535781249995 0.9980491078125 0.4296875