8 0.8673080359374999 0.27272625625 0.8458125000000001 0.27272625625 0.8458125000000001 0.3024134078125 0.8673080359374999 0.3024134078125 0.8673080359374999 0.27272625625
8 0.555227678125 0.21428491562500002 0.5248348218750001 0.21428491562500002 0.5248348218750001 0.245826815625 0.555227678125 0.245826815625 0.555227678125 0.21428491562500002
8 0.5426249999999999 0.2402625703125 0.523352678125 0.2402625703125 0.523352678125 0.2588156421875 0.5426249999999999 0.2588156421875 0.5426249999999999 0.2402625703125
8 0.7902142859375 0.004636871875 0.7724241078125 0.004636871875 0.7724241078125 0.02318994375 0.7902142859375 0.02318994375 0.7902142859375 0.004636871875
8 0.37361160781249997 0.27272625625 0.354334821875 0.27272625625 0.354334821875 0.2949944140625 0.37361160781249997 0.2949944140625 0.37361160781249997 0.27272625625
8 0.471459821875 0.1196648046875 0.4603392859375 0.1196648046875 0.4603392859375 0.1391452515625 0.471459821875 0.1391452515625 0.471459821875 0.1196648046875
8 0.4951830359375 0.1298715078125 0.47961607187500005 0.1298715078125 0.47961607187500005 0.14564245781250001 0.4951830359375 0.14564245781250001 0.4951830359375 0.1298715078125
7 0.000741071875 0 0.000741071875 0.737480446875 0.2483303578125 0.737480446875 0.2483303578125 0 0.000741071875 0
7 0.5908080359375 0.9313575421875001 0.309116071875 0.9313575421875001 0.309116071875 0.9990782125000001 0.5908080359375 0.9990782125000001 0.5908080359375 0.9313575421875001
7 0.670866071875 0.7319162015625 0.06671428593749999 0.7319162015625 0.06671428593749999 0.9990782125000001 0.670866071875 0.9990782125000001 0.670866071875 0.7319162015625
7 0.2097857140625 0.7662346375 0.0889553578125 0.7662346375 0.0889553578125 0.9935083796875 0.2097857140625 0.9935083796875 0.2097857140625 0.7662346375
3 0.677540178125 0.3998156421875 0.6486294640625 0.3998156421875 0.6486294640625 0.4359944140625 0.677540178125 0.4359944140625 0.677540178125 0.3998156421875
3 0.5715357140624999 0.26067039062499997 0.5389196421875 0.26067039062499997 0.5389196421875 0.3061229046875 0.5715357140624999 0.3061229046875 0.5715357140624999 0.26067039062499997
3 0.47961607187500005 0.038960893749999996 0.44699999999999995 0.038960893749999996 0.44699999999999995 0.14378770937500002 0.47961607187500005 0.14378770937500002 0.47961607187500005 0.038960893749999996
3 0.5263169640625 0.1233798875 0.476647321875 0.1233798875 0.476647321875 0.19758659218750002 0.5263169640625 0.19758659218750002 0.5263169640625 0.1233798875
3 0.523352678125 0.21428491562500002 0.46997767812499996 0.21428491562500002 0.46997767812499996 0.2708715078125 0.523352678125 0.2708715078125 0.523352678125 0.21428491562500002
3 0.7702008921875 0.153061453125 0.7509285718750001 0.153061453125 0.7509285718750001 0.176251396875 0.7702008921875 0.176251396875 0.7702008921875 0.153061453125
3 0.70496875 0.0955474859375 0.6856919640625 0.0955474859375 0.6856919640625 0.1252346375 0.70496875 0.1252346375 0.70496875 0.0955474859375
3 0.4425491078125 0.3506480453125 0.42327678593750007 0.3506480453125 0.42327678593750007 0.3766256984375 0.4425491078125 0.3766256984375 0.4425491078125 0.3506480453125
3 0.45885714218749996 0.371061453125 0.4425491078125 0.371061453125 0.4425491078125 0.3951787703125 0.45885714218749996 0.3951787703125 0.45885714218749996 0.371061453125
3 0.45737500000000003 0.26437988749999997 0.4373616078125 0.26437988749999997 0.4373616078125 0.2903519546875 0.45737500000000003 0.2903519546875 0.45737500000000003 0.26437988749999997
3 0.47590625 0.2486089390625 0.45885714218749996 0.2486089390625 0.45885714218749996 0.27458100625 0.47590625 0.27458100625 0.47590625 0.2486089390625
5 0.9940714281249999 0.0027821234375 0.44106696406249996 0.0027821234375 0.44106696406249996 0.9972234640625001 0.9940714281249999 0.9972234640625001 0.9940714281249999 0.0027821234375