3 0.9941428578125 0.1953125 0.8417991078125 0.1953125 0.8417991078125 0.4765625 0.9941428578125 0.4765625 0.9941428578125 0.1953125
3 0.35546875 0.73828125 0.1152366078125 0.73828125 0.1152366078125 0.984375 0.35546875 0.984375 0.35546875 0.73828125
3 0.8144553578125 0.78125 0.7558616078125 0.78125 0.7558616078125 0.890625 0.8144553578125 0.890625 0.8144553578125 0.78125
4 0.6796875 0.2441428578125 0.5878928578125 0.2441428578125 0.5878928578125 0.32421875 0.6796875 0.32421875 0.6796875 0.2441428578125
3 0.8339866078125 0.296875 0.6855491078125 0.296875 0.6855491078125 0.41211160781249995 0.8339866078125 0.41211160781249995 0.8339866078125 0.296875
5 0.75390625 0.2597678578125 0.33203125 0.2597678578125 0.33203125 0.5605491078125 0.75390625 0.5605491078125 0.75390625 0.2597678578125
3 0.46484375 0.6660178578125 0.41601785781249995 0.6660178578125 0.41601785781249995 0.71484375 0.46484375 0.71484375 0.46484375 0.6660178578125
3 0.21484375 0.38671875 0.1738303578125 0.38671875 0.1738303578125 0.43164285781249995 0.21484375 0.43164285781249995 0.21484375 0.38671875
3 0.09765625 0.125 0.0625 0.125 0.0625 0.1699241078125 0.09765625 0.1699241078125 0.09765625 0.125
3 0.17578125 0.16015625 0.1328125 0.16015625 0.1328125 0.2011741078125 0.17578125 0.2011741078125 0.17578125 0.16015625
3 0.2441428578125 0.0839866078125 0.203125 0.0839866078125 0.203125 0.1308616078125 0.2441428578125 0.1308616078125 0.2441428578125 0.0839866078125
3 0.984375 0.5019553578125 0.9316428578125 0.5019553578125 0.9316428578125 0.57421875 0.984375 0.57421875 0.984375 0.5019553578125
3 0.2246116078125 0.171875 0.2011741078125 0.171875 0.2011741078125 0.1894553578125 0.2246116078125 0.1894553578125 0.2246116078125 0.171875
4 0.3378928578125 0.74609375 0.24609375 0.74609375 0.24609375 0.8574241078125 0.3378928578125 0.8574241078125 0.3378928578125 0.74609375
4 0.2285178578125 0.8457053578125 0.1308616078125 0.8457053578125 0.1308616078125 0.98046875 0.2285178578125 0.98046875 0.2285178578125 0.8457053578125
4 0.3066428578125 0.8730491078125 0.25 0.8730491078125 0.25 0.9394553578125 0.3066428578125 0.9394553578125 0.3066428578125 0.8730491078125
4 0.45898660781249995 0.67578125 0.43164285781249995 0.67578125 0.43164285781249995 0.703125 0.45898660781249995 0.703125 0.45898660781249995 0.67578125
4 0.0371116078125 0.8066428578125 0.0019553578125 0.8066428578125 0.0019553578125 0.859375 0.0371116078125 0.859375 0.0371116078125 0.8066428578125