3 0.98828125 0.08203125 0.8203125 0.08203125 0.8203125 0.40625 0.98828125 0.40625 0.98828125 0.08203125
3 0.89453125 0.2519553578125 0.68359375 0.2519553578125 0.68359375 0.3808616078125 0.89453125 0.3808616078125 0.89453125 0.2519553578125
3 0.4765625 0.7832053578125 0.43164285781249995 0.7832053578125 0.43164285781249995 0.82421875 0.4765625 0.82421875 0.4765625 0.7832053578125
3 0.41796875 0.8144553578125 0.3769553578125 0.8144553578125 0.3769553578125 0.8691428578125 0.41796875 0.8691428578125 0.41796875 0.8144553578125
3 0.3378928578125 0.9296875 0.2753928578125 0.9296875 0.2753928578125 0.9785178578125 0.3378928578125 0.9785178578125 0.3378928578125 0.9296875
3 0.6972678578125 0.87890625 0.6484375 0.87890625 0.6484375 0.9765625 0.6972678578125 0.9765625 0.6972678578125 0.87890625
3 0.83203125 0.7167991078125 0.7890625 0.7167991078125 0.7890625 0.80859375 0.83203125 0.80859375 0.83203125 0.7167991078125
3 0.92578125 0.6425803578125 0.88671875 0.6425803578125 0.88671875 0.6894553578125 0.92578125 0.6894553578125 0.92578125 0.6425803578125
3 0.8105491078125 0.6660178578125 0.7734375 0.6660178578125 0.7734375 0.71875 0.8105491078125 0.71875 0.8105491078125 0.6660178578125
3 0.69921875 0.75390625 0.6328125 0.75390625 0.6328125 0.7949241078125 0.69921875 0.7949241078125 0.69921875 0.75390625
3 0.046875 0.5546875 0.0078125 0.5546875 0.0078125 0.62109375 0.046875 0.62109375 0.046875 0.5546875
3 0.2011741078125 0.66015625 0.1738303578125 0.66015625 0.1738303578125 0.7089866078125 0.2011741078125 0.7089866078125 0.2011741078125 0.66015625
3 0.99609375 0.40820535781249995 0.86328125 0.40820535781249995 0.86328125 0.46679910781249995 0.99609375 0.46679910781249995 0.99609375 0.40820535781249995
3 0.8828125 0.7753928578125 0.859375 0.7753928578125 0.859375 0.80078125 0.8828125 0.80078125 0.8828125 0.7753928578125
3 0.921875 0.8183616078125 0.88671875 0.8183616078125 0.88671875 0.8652366078125 0.921875 0.8652366078125 0.921875 0.8183616078125
3 0.09375 0.6640625 0.0566428578125 0.6640625 0.0566428578125 0.6972678578125 0.09375 0.6972678578125 0.09375 0.6640625
3 0.6816428578125 0.0390625 0.6464866078125 0.0390625 0.6464866078125 0.0800803578125 0.6816428578125 0.0800803578125 0.6816428578125 0.0390625
3 0.66015625 0.0800803578125 0.6347678578125 0.0800803578125 0.6347678578125 0.1113303578125 0.66015625 0.1113303578125 0.66015625 0.0800803578125
3 0.9980491078125 0.65234375 0.9824241078125 0.65234375 0.9824241078125 0.6738303578125 0.9980491078125 0.6738303578125 0.9980491078125 0.65234375
3 0.6894553578125 0.7832053578125 0.6640625 0.7832053578125 0.6640625 0.8125 0.6894553578125 0.8125 0.6894553578125 0.7832053578125
3 0.8496116078125 0.875 0.828125 0.875 0.828125 0.9042991078125 0.8496116078125 0.9042991078125 0.8496116078125 0.875
3 0.8808616078125 0.9355491078125 0.8417991078125 0.9355491078125 0.8417991078125 0.98828125 0.8808616078125 0.98828125 0.8808616078125 0.9355491078125
5 0.56640625 0.30859375 0.41211160781249995 0.30859375 0.41211160781249995 0.37109375 0.56640625 0.37109375 0.56640625 0.30859375