8 0.71484375 0.3339866078125 0.45703125 0.3339866078125 0.45703125 0.54296875 0.71484375 0.54296875 0.71484375 0.3339866078125
4 0.19140625 0.5800803578125 0.09765625 0.5800803578125 0.09765625 0.7734375 0.19140625 0.7734375 0.19140625 0.5800803578125
4 0 0.5566428578125 0.0566428578125 0.5566428578125 0.0566428578125 0.40429910781249995 0 0.40429910781249995 0 0.5566428578125
4 0.23828125 0.3515625 0.1425803578125 0.3515625 0.1425803578125 0.44726785781249995 0.23828125 0.44726785781249995 0.23828125 0.3515625
4 0.58203125 0.640625 0.41992410781249995 0.640625 0.41992410781249995 0.7363303578125 0.58203125 0.7363303578125 0.58203125 0.640625
4 0 0.9199241078125 0.0800803578125 0.9199241078125 0.0800803578125 0.5917991078125 0 0.5917991078125 0 0.9199241078125
4 0.1328125 0.8105491078125 0.0859375 0.8105491078125 0.0859375 0.875 0.1328125 0.875 0.1328125 0.8105491078125
4 0.1621116078125 0.89453125 0.12109375 0.89453125 0.12109375 0.9453125 0.1621116078125 0.9453125 0.1621116078125 0.89453125
4 0.7089866078125 0.3359375 0.46289285781249995 0.3359375 0.46289285781249995 0.5527366078125 0.7089866078125 0.5527366078125 0.7089866078125 0.3359375
4 0.6972678578125 0.1328125 0.6425803578125 0.1328125 0.6425803578125 0.203125 0.6972678578125 0.203125 0.6972678578125 0.1328125
4 0.60546875 0.08984375 0.47070535781249995 0.08984375 0.47070535781249995 0.25 0.60546875 0.25 0.60546875 0.08984375
4 0.47461160781249995 0.1816428578125 0.36328125 0.1816428578125 0.36328125 0.3183616078125 0.47461160781249995 0.3183616078125 0.47461160781249995 0.1816428578125
4 0.1933616078125 0.078125 0.0097678578125 0.078125 0.0097678578125 0.3125 0.1933616078125 0.3125 0.1933616078125 0.078125
4 0.2597678578125 0.0097678578125 0.1191428578125 0.0097678578125 0.1191428578125 0.0996116078125 0.2597678578125 0.0996116078125 0.2597678578125 0.0097678578125
4 0.41992410781249995 0.00390625 0.34765625 0.00390625 0.34765625 0.0605491078125 0.41992410781249995 0.0605491078125 0.41992410781249995 0.00390625
4 0.8691428578125 0.10546875 0.7246116078125 0.10546875 0.7246116078125 0.41211160781249995 0.8691428578125 0.41211160781249995 0.8691428578125 0.10546875
4 0.9472678578125 0.1542991078125 0.87890625 0.1542991078125 0.87890625 0.24609375 0.9472678578125 0.24609375 0.9472678578125 0.1542991078125
4 0.0878928578125 0.19921875 0.0019553578125 0.19921875 0.0019553578125 0.3496116078125 0.0878928578125 0.3496116078125 0.0878928578125 0.19921875
4 0.41211160781249995 0.2949241078125 0.3886741078125 0.2949241078125 0.3886741078125 0.33203125 0.41211160781249995 0.33203125 0.41211160781249995 0.2949241078125
4 0.1152366078125 0 0.1152366078125 0.0996116078125 0.2675803578125 0.0996116078125 0.2675803578125 0 0.1152366078125 0