4 0.63671875 0.59765625 0.1152366078125 0.59765625 0.1152366078125 0.98046875 0.63671875 0.98046875 0.63671875 0.59765625
4 0.62890625 0.5996116078125 0.48242410781249995 0.5996116078125 0.48242410781249995 0.796875 0.62890625 0.796875 0.62890625 0.5996116078125
4 0.49609375 0.6816428578125 0.3496116078125 0.6816428578125 0.3496116078125 0.87109375 0.49609375 0.87109375 0.49609375 0.6816428578125
4 0.2011741078125 0.64453125 0.140625 0.64453125 0.140625 0.8046875 0.2011741078125 0.8046875 0.2011741078125 0.64453125
4 0.3515625 0.6191428578125 0.2246116078125 0.6191428578125 0.2246116078125 0.8261741078125 0.3515625 0.8261741078125 0.3515625 0.6191428578125
4 0.50390625 0.84765625 0.171875 0.84765625 0.171875 0.9667991078125 0.50390625 0.9667991078125 0.50390625 0.84765625
4 0.7480491078125 0.65234375 0.65625 0.65234375 0.65625 0.8496116078125 0.7480491078125 0.8496116078125 0.7480491078125 0.65234375
4 0.90234375 0.48633035781249995 0.7597678578125 0.48633035781249995 0.7597678578125 0.59765625 0.90234375 0.59765625 0.90234375 0.48633035781249995
8 0.0546875 0.56640625 0.0058616078125 0.56640625 0.0058616078125 0.6933616078125 0.0546875 0.6933616078125 0.0546875 0.56640625
5 0.9296875 0.46484375 0.6699241078125 0.46484375 0.6699241078125 0.8066428578125 0.9296875 0.8066428578125 0.9296875 0.46484375
7 0 0.87109375 0.0527366078125 0.87109375 0.0527366078125 0.8027366078125 0 0.8027366078125 0 0.87109375
4 0.81640625 0.6484375 0.7519553578125 0.6484375 0.7519553578125 0.8613303578125 0.81640625 0.8613303578125 0.81640625 0.6484375
4 0.99609375 0.0019553578125 0.0019553578125 0.0019553578125 0.0019553578125 0.9921875 0.99609375 0.9921875 0.99609375 0.0019553578125