3 0.2089866078125 0.1621116078125 0.1191428578125 0.1621116078125 0.1191428578125 0.3027366078125 0.2089866078125 0.3027366078125 0.2089866078125 0.1621116078125
3 0.5566428578125 0.1425803578125 0.5058616078125 0.1425803578125 0.5058616078125 0.2089866078125 0.5566428578125 0.2089866078125 0.5566428578125 0.1425803578125
4 0.45703125 0.4140625 0.3828125 0.4140625 0.3828125 0.49414285781249995 0.45703125 0.49414285781249995 0.45703125 0.4140625
2 0.32421875 0.42383035781249995 0.1035178578125 0.42383035781249995 0.1035178578125 0.6640625 0.32421875 0.6640625 0.32421875 0.42383035781249995
2 0.765625 0.3417991078125 0.5625 0.3417991078125 0.5625 0.609375 0.765625 0.609375 0.765625 0.3417991078125
2 0.6738303578125 0.7402366078125 0.3417991078125 0.7402366078125 0.3417991078125 0.97265625 0.6738303578125 0.97265625 0.6738303578125 0.7402366078125
7 0.3847678578125 0.015625 0.19140625 0.015625 0.19140625 0.1328125 0.3847678578125 0.1328125 0.3847678578125 0.015625
4 0.83984375 0.5917991078125 0.79296875 0.5917991078125 0.79296875 0.6328125 0.83984375 0.6328125 0.83984375 0.5917991078125
4 0.9199241078125 0.6328125 0.8730491078125 0.6328125 0.8730491078125 0.6953125 0.9199241078125 0.6953125 0.9199241078125 0.6328125
4 0.99609375 0.65234375 0.94921875 0.65234375 0.94921875 0.77734375 0.99609375 0.77734375 0.99609375 0.65234375
4 0.4296875 0.60546875 0.3847678578125 0.60546875 0.3847678578125 0.6777366078125 0.4296875 0.6777366078125 0.4296875 0.60546875
4 0.54296875 0.1621116078125 0.5175803578125 0.1621116078125 0.5175803578125 0.1777366078125 0.54296875 0.1777366078125 0.54296875 0.1621116078125