4 0.6816428578125 0.2285178578125 0.35546875 0.2285178578125 0.35546875 0.3515625 0.6816428578125 0.3515625 0.6816428578125 0.2285178578125
4 0.36328125 0.3515625 0.2265625 0.3515625 0.2265625 0.43554910781249995 0.36328125 0.43554910781249995 0.36328125 0.3515625
4 0.7910178578125 0.025392857812500003 0.734375 0.025392857812500003 0.734375 0.0703125 0.7910178578125 0.0703125 0.7910178578125 0.025392857812500003
4 0.9140625 0.0175803578125 0.8261741078125 0.0175803578125 0.8261741078125 0.0996116078125 0.9140625 0.0996116078125 0.9140625 0.0175803578125
4 0.76171875 0.0839866078125 0.703125 0.0839866078125 0.703125 0.1269553578125 0.76171875 0.1269553578125 0.76171875 0.0839866078125
3 0.81640625 0.734375 0.71875 0.734375 0.71875 0.85546875 0.81640625 0.85546875 0.81640625 0.734375
3 0.9980491078125 0.3378928578125 0.9394553578125 0.3378928578125 0.9394553578125 0.44140625 0.9980491078125 0.44140625 0.9980491078125 0.3378928578125
3 0.93359375 0.3652366078125 0.8886741078125 0.3652366078125 0.8886741078125 0.40820535781249995 0.93359375 0.40820535781249995 0.93359375 0.3652366078125
3 0.8613303578125 0.4140625 0.828125 0.4140625 0.828125 0.45898660781249995 0.8613303578125 0.45898660781249995 0.8613303578125 0.4140625
3 0.83984375 0.46484375 0.8105491078125 0.46484375 0.8105491078125 0.5058616078125 0.83984375 0.5058616078125 0.83984375 0.46484375
3 0.75390625 0.5410178578125 0.703125 0.5410178578125 0.703125 0.57421875 0.75390625 0.57421875 0.75390625 0.5410178578125
3 0.47851785781249995 0.8027366078125 0.43945535781249995 0.8027366078125 0.43945535781249995 0.8457053578125 0.47851785781249995 0.8457053578125 0.47851785781249995 0.8027366078125
3 0.13671875 0.7675803578125 0.0996116078125 0.7675803578125 0.0996116078125 0.828125 0.13671875 0.828125 0.13671875 0.7675803578125
3 0.12109375 0.5234375 0.0488303578125 0.5234375 0.0488303578125 0.58203125 0.12109375 0.58203125 0.12109375 0.5234375
3 0.1621116078125 0.546875 0.13671875 0.546875 0.13671875 0.59765625 0.1621116078125 0.59765625 0.1621116078125 0.546875
3 0.19921875 0.5683616078125 0.1699241078125 0.5683616078125 0.1699241078125 0.6113303578125 0.19921875 0.6113303578125 0.19921875 0.5683616078125
3 0.24609375 0.48242410781249995 0.21875 0.48242410781249995 0.21875 0.5234375 0.24609375 0.5234375 0.24609375 0.48242410781249995
8 0.2792991078125 0.97265625 0.234375 0.97265625 0.234375 0.99609375 0.2792991078125 0.99609375 0.2792991078125 0.97265625
8 0 0.859375 0.02734375 0.859375 0.02734375 0.8125 0 0.8125 0 0.859375
4 0.21875 0.34375 0.1816428578125 0.34375 0.1816428578125 0.3925803578125 0.21875 0.3925803578125 0.21875 0.34375
5 0.6933616078125 0.2597678578125 0.28515625 0.2597678578125 0.28515625 0.49023660781249995 0.6933616078125 0.49023660781249995 0.6933616078125 0.2597678578125