5 0.6777366078125 0.13671875 0.1542991078125 0.13671875 0.1542991078125 0.69921875 0.6777366078125 0.69921875 0.6777366078125 0.13671875
3 0.9707053578125 0.1621116078125 0.4921875 0.1621116078125 0.4921875 0.3457053578125 0.9707053578125 0.3457053578125 0.9707053578125 0.1621116078125
3 0.83984375 0.59375 0.7441428578125 0.59375 0.7441428578125 0.6972678578125 0.83984375 0.6972678578125 0.83984375 0.59375
3 0.9082053578125 0.7207053578125 0.8261741078125 0.7207053578125 0.8261741078125 0.84765625 0.9082053578125 0.84765625 0.9082053578125 0.7207053578125
3 0.7246116078125 0.640625 0.68359375 0.640625 0.68359375 0.67578125 0.7246116078125 0.67578125 0.7246116078125 0.640625
3 0.9921875 0.22265625 0.9472678578125 0.22265625 0.9472678578125 0.2949241078125 0.9921875 0.2949241078125 0.9921875 0.22265625
3 0.65625 0.54296875 0.6269553578125 0.54296875 0.6269553578125 0.5859375 0.65625 0.5859375 0.65625 0.54296875
3 0.703125 0.54296875 0.6699241078125 0.54296875 0.6699241078125 0.59765625 0.703125 0.59765625 0.703125 0.54296875
4 0.6015625 0.50390625 0.58203125 0.50390625 0.58203125 0.5332053578125 0.6015625 0.5332053578125 0.6015625 0.50390625
4 0.7167991078125 0.23828125 0.6816428578125 0.23828125 0.6816428578125 0.2734375 0.7167991078125 0.2734375 0.7167991078125 0.23828125
4 0.6230491078125 0.2363303578125 0.5996116078125 0.2363303578125 0.5996116078125 0.2558616078125 0.6230491078125 0.2558616078125 0.6230491078125 0.2363303578125
4 0.6503928578125 0.265625 0.6269553578125 0.265625 0.6269553578125 0.2832053578125 0.6503928578125 0.2832053578125 0.6503928578125 0.265625
7 0.99609375 0.7285178578125 0.7714866078125 0.7285178578125 0.7714866078125 0.99609375 0.99609375 0.99609375 0.99609375 0.7285178578125