2 0.9472678578125 0.1015625 0.1015625 0.1015625 0.1015625 0.9433616078125 0.9472678578125 0.9433616078125 0.9472678578125 0.1015625
3 0.83984375 0.30078125 0.6933616078125 0.30078125 0.6933616078125 0.41796875 0.83984375 0.41796875 0.83984375 0.30078125
3 0.265625 0.8691428578125 0.1699241078125 0.8691428578125 0.1699241078125 0.9941428578125 0.265625 0.9941428578125 0.265625 0.8691428578125
3 0.8808616078125 0.78515625 0.765625 0.78515625 0.765625 0.9785178578125 0.8808616078125 0.9785178578125 0.8808616078125 0.78515625
3 0.6875 0.6953125 0.6152366078125 0.6953125 0.6152366078125 0.8886741078125 0.6875 0.8886741078125 0.6875 0.6953125
3 0.43554910781249995 0.71484375 0.3691428578125 0.71484375 0.3691428578125 0.8144553578125 0.43554910781249995 0.8144553578125 0.43554910781249995 0.71484375
5 0.7558616078125 0.2285178578125 0.26953125 0.2285178578125 0.26953125 0.5625 0.7558616078125 0.5625 0.7558616078125 0.2285178578125
3 0.0761741078125 0.49609375 0.046875 0.49609375 0.046875 0.5292991078125 0.0761741078125 0.5292991078125 0.0761741078125 0.49609375
3 0.7578125 0.6015625 0.71875 0.6015625 0.71875 0.671875 0.7578125 0.671875 0.7578125 0.6015625
3 0.9160178578125 0.59765625 0.890625 0.59765625 0.890625 0.6269553578125 0.9160178578125 0.6269553578125 0.9160178578125 0.59765625
3 0.99609375 0.1621116078125 0.8144553578125 0.1621116078125 0.8144553578125 0.5527366078125 0.99609375 0.5527366078125 0.99609375 0.1621116078125
4 0.1582053578125 0.1738303578125 0.11328125 0.1738303578125 0.11328125 0.1972678578125 0.1582053578125 0.1972678578125 0.1582053578125 0.1738303578125
4 0.1582053578125 0.0878928578125 0.1074241078125 0.0878928578125 0.1074241078125 0.11328125 0.1582053578125 0.11328125 0.1582053578125 0.0878928578125
4 0.41796875 0.7597678578125 0.3964866078125 0.7597678578125 0.3964866078125 0.8125 0.41796875 0.8125 0.41796875 0.7597678578125
4 0.8652366078125 0.8925803578125 0.8417991078125 0.8925803578125 0.8417991078125 0.9296875 0.8652366078125 0.9296875 0.8652366078125 0.8925803578125
4 0.1855491078125 0.9433616078125 0.15625 0.9433616078125 0.15625 0.9941428578125 0.1855491078125 0.9941428578125 0.1855491078125 0.9433616078125