8 0.375 0.484375 0.26171875 0.484375 0.26171875 0.76171875 0.375 0.76171875 0.375 0.484375
2 0.75390625 0.1230491078125 0.2675803578125 0.1230491078125 0.2675803578125 0.828125 0.75390625 0.828125 0.75390625 0.1230491078125
8 0.25 0.5996116078125 0.2265625 0.5996116078125 0.2265625 0.62890625 0.25 0.62890625 0.25 0.5996116078125
8 0.2246116078125 0.5800803578125 0.2011741078125 0.5800803578125 0.2011741078125 0.5996116078125 0.2246116078125 0.5996116078125 0.2246116078125 0.5800803578125
8 0.03125 0.859375 0.01171875 0.859375 0.01171875 0.88671875 0.03125 0.88671875 0.03125 0.859375
8 0 0.8105491078125 0.0136741078125 0.8105491078125 0.0136741078125 0.796875 0 0.796875 0 0.8105491078125
8 0.1152366078125 0.8925803578125 0.0957053578125 0.8925803578125 0.0957053578125 0.91015625 0.1152366078125 0.91015625 0.1152366078125 0.8925803578125
8 0.1738303578125 0.6933616078125 0.1503928578125 0.6933616078125 0.1503928578125 0.7128928578125 0.1738303578125 0.7128928578125 0.1738303578125 0.6933616078125
8 0.2753928578125 0.7246116078125 0.25 0.7246116078125 0.25 0.7714866078125 0.2753928578125 0.7714866078125 0.2753928578125 0.7246116078125
4 0.38671875 0.18359375 0.3496116078125 0.18359375 0.3496116078125 0.234375 0.38671875 0.234375 0.38671875 0.18359375
4 0.578125 0.5917991078125 0.49023660781249995 0.5917991078125 0.49023660781249995 0.6425803578125 0.578125 0.6425803578125 0.578125 0.5917991078125
4 0.5390625 0.6386741078125 0.43945535781249995 0.6386741078125 0.43945535781249995 0.6816428578125 0.5390625 0.6816428578125 0.5390625 0.6386741078125
8 0.42773660781249995 0.41211160781249995 0.3847678578125 0.41211160781249995 0.3847678578125 0.48633035781249995 0.42773660781249995 0.48633035781249995 0.42773660781249995 0.41211160781249995
8 0.5332053578125 0.6347678578125 0.43164285781249995 0.6347678578125 0.43164285781249995 0.73046875 0.5332053578125 0.73046875 0.5332053578125 0.6347678578125
8 0.42578125 0.73046875 0.40429910781249995 0.73046875 0.40429910781249995 0.75 0.42578125 0.75 0.42578125 0.73046875
8 0.41796875 0.76953125 0.3984375 0.76953125 0.3984375 0.7890625 0.41796875 0.7890625 0.41796875 0.76953125
8 0.71484375 0.2832053578125 0.6875 0.2832053578125 0.6875 0.3066428578125 0.71484375 0.3066428578125 0.71484375 0.2832053578125
8 0.7441428578125 0.328125 0.6972678578125 0.328125 0.6972678578125 0.40625 0.7441428578125 0.40625 0.7441428578125 0.328125
8 0.7988303578125 0.3925803578125 0.7441428578125 0.3925803578125 0.7441428578125 0.48046875 0.7988303578125 0.48046875 0.7988303578125 0.3925803578125
8 0.765625 0.45117410781249995 0.73046875 0.45117410781249995 0.73046875 0.51171875 0.765625 0.51171875 0.765625 0.45117410781249995
4 0.76953125 0.2988303578125 0.74609375 0.2988303578125 0.74609375 0.34375 0.76953125 0.34375 0.76953125 0.2988303578125
8 0.33984375 0.0019553578125 0.29296875 0.0019553578125 0.29296875 0.0390625 0.33984375 0.0390625 0.33984375 0.0019553578125
8 0.2792991078125 0.29296875 0.2050803578125 0.29296875 0.2050803578125 0.4296875 0.2792991078125 0.4296875 0.2792991078125 0.29296875
8 0.1621116078125 0.3847678578125 0.04296875 0.3847678578125 0.04296875 0.5058616078125 0.1621116078125 0.5058616078125 0.1621116078125 0.3847678578125
8 0.0175803578125 0.41992410781249995 0.0019553578125 0.41992410781249995 0.0019553578125 0.45898660781249995 0.0175803578125 0.45898660781249995 0.0175803578125 0.41992410781249995
8 0.046875 0.47265625 0.0332053578125 0.47265625 0.0332053578125 0.4921875 0.046875 0.4921875 0.046875 0.47265625
8 0.03125 0.421875 0.0214866078125 0.421875 0.0214866078125 0.43359375 0.03125 0.43359375 0.03125 0.421875
8 0.078125 0.65625 0.05859375 0.65625 0.05859375 0.6875 0.078125 0.6875 0.078125 0.65625
8 0.1171875 0.66015625 0.0839866078125 0.66015625 0.0839866078125 0.6875 0.1171875 0.6875 0.1171875 0.66015625
8 0.0761741078125 0.6933616078125 0.0566428578125 0.6933616078125 0.0566428578125 0.7207053578125 0.0761741078125 0.7207053578125 0.0761741078125 0.6933616078125
8 0.0878928578125 0.7421875 0.0605491078125 0.7421875 0.0605491078125 0.76953125 0.0878928578125 0.76953125 0.0878928578125 0.7421875
8 0.0410178578125 0.32421875 0.025392857812500003 0.32421875 0.025392857812500003 0.33984375 0.0410178578125 0.33984375 0.0410178578125 0.32421875
8 0.171875 0.81640625 0.1425803578125 0.81640625 0.1425803578125 0.84765625 0.171875 0.84765625 0.171875 0.81640625
8 0.18359375 0.7910178578125 0.1640625 0.7910178578125 0.1640625 0.8222678578125 0.18359375 0.8222678578125 0.18359375 0.7910178578125
8 0.2265625 0.7636741078125 0.18359375 0.7636741078125 0.18359375 0.8046875 0.2265625 0.8046875 0.2265625 0.7636741078125
8 0.28515625 0.7441428578125 0.2167991078125 0.7441428578125 0.2167991078125 0.77734375 0.28515625 0.77734375 0.28515625 0.7441428578125
8 0.2871116078125 0.7636741078125 0.2578125 0.7636741078125 0.2578125 0.80859375 0.2871116078125 0.80859375 0.2871116078125 0.7636741078125
8 0.24609375 0.8144553578125 0.2109375 0.8144553578125 0.2109375 0.8457053578125 0.24609375 0.8457053578125 0.24609375 0.8144553578125
8 0.2167991078125 0.8574241078125 0.2011741078125 0.8574241078125 0.2011741078125 0.87109375 0.2167991078125 0.87109375 0.2167991078125 0.8574241078125
8 0.73828125 0.00390625 0.7207053578125 0.00390625 0.7207053578125 0.02734375 0.73828125 0.02734375 0.73828125 0.00390625
8 0.80078125 0.1816428578125 0.7871116078125 0.1816428578125 0.7871116078125 0.203125 0.80078125 0.203125 0.80078125 0.1816428578125
8 0.8144553578125 0.1230491078125 0.7988303578125 0.1230491078125 0.7988303578125 0.1425803578125 0.8144553578125 0.1425803578125 0.8144553578125 0.1230491078125
8 0.75390625 0.046875 0.7050803578125 0.046875 0.7050803578125 0.1074241078125 0.75390625 0.1074241078125 0.75390625 0.046875