3 0.8125 0.2128928578125 0.73046875 0.2128928578125 0.73046875 0.2949241078125 0.8125 0.2949241078125 0.8125 0.2128928578125
3 0.80859375 0.2441428578125 0.5019553578125 0.2441428578125 0.5019553578125 0.3925803578125 0.80859375 0.3925803578125 0.80859375 0.2441428578125
3 0.66796875 0.44726785781249995 0.55078125 0.44726785781249995 0.55078125 0.5722678578125 0.66796875 0.5722678578125 0.66796875 0.44726785781249995
3 0.88671875 0.765625 0.7558616078125 0.765625 0.7558616078125 0.9296875 0.88671875 0.9296875 0.88671875 0.765625
7 0.93359375 0.8300803578125 0.7441428578125 0.8300803578125 0.7441428578125 0.98828125 0.93359375 0.98828125 0.93359375 0.8300803578125
5 0.6660178578125 0.19921875 0.19140625 0.19921875 0.19140625 0.6035178578125 0.6660178578125 0.6035178578125 0.6660178578125 0.19921875
3 0.46484375 0.83203125 0.4296875 0.83203125 0.4296875 0.87109375 0.46484375 0.87109375 0.46484375 0.83203125
3 0.8574241078125 0.3300803578125 0.8203125 0.3300803578125 0.8203125 0.390625 0.8574241078125 0.390625 0.8574241078125 0.3300803578125
3 0.73828125 0.5800803578125 0.6894553578125 0.5800803578125 0.6894553578125 0.6308616078125 0.73828125 0.6308616078125 0.73828125 0.5800803578125
3 0.78515625 0.6425803578125 0.72265625 0.6425803578125 0.72265625 0.75390625 0.78515625 0.75390625 0.78515625 0.6425803578125
3 0.9667991078125 0.33984375 0.8730491078125 0.33984375 0.8730491078125 0.4453125 0.9667991078125 0.4453125 0.9667991078125 0.33984375
4 0.96484375 0.3574241078125 0.93359375 0.3574241078125 0.93359375 0.38671875 0.96484375 0.38671875 0.96484375 0.3574241078125
4 0.765625 0.671875 0.7324241078125 0.671875 0.7324241078125 0.7265625 0.765625 0.7265625 0.765625 0.671875