5 0.8904304937499999 0.23107589218750002 0.1560762328125 0.23107589218750002 0.1560762328125 0.564741071875 0.8904304937499999 0.564741071875 0.8904304937499999 0.23107589218750002
8 0.23511210781249997 0.1573705359375 0.1840896859375 0.1573705359375 0.1840896859375 0.19820535781249998 0.23511210781249997 0.19820535781249998 0.23511210781249997 0.1573705359375
8 0.6243004484375 0.07669196406249999 0.4712287 0.07669196406249999 0.4712287 0.15836607187500001 0.6243004484375 0.15836607187500001 0.6243004484375 0.07669196406249999
8 0.5522645734375 0.1573705359375 0.5222511203125 0.1573705359375 0.5222511203125 0.182272321875 0.5522645734375 0.182272321875 0.5522645734375 0.1573705359375
8 0.1610762328125 0.00796875 0.09404484375 0.00796875 0.09404484375 0.0717142859375 0.1610762328125 0.0717142859375 0.1610762328125 0.00796875
8 0.4362107625 0.017928571875 0.41219730937500004 0.017928571875 0.41219730937500004 0.0358571421875 0.4362107625 0.0358571421875 0.4362107625 0.017928571875
8 0.45521973125 0.036852678124999996 0.42820627812499995 0.036852678124999996 0.42820627812499995 0.064741071875 0.45521973125 0.064741071875 0.45521973125 0.036852678124999996
8 0.5282556046875 0.02390625 0.49023766875 0.02390625 0.49023766875 0.048803571875 0.5282556046875 0.048803571875 0.5282556046875 0.02390625
8 0.5832825109375 0.0438258921875 0.5462645734375 0.0438258921875 0.5462645734375 0.072709821875 0.5832825109375 0.072709821875 0.5832825109375 0.0438258921875
8 0.6263004484375 0.009959821875 0.5952869953125 0.009959821875 0.5952869953125 0.0298794640625 0.6263004484375 0.0298794640625 0.6263004484375 0.009959821875
8 0.6293049328125 0.040834821874999996 0.5952869953125 0.040834821874999996 0.5952869953125 0.064741071875 0.6293049328125 0.064741071875 0.6293049328125 0.040834821874999996
8 0.6473139015625 0.06275 0.6172959640625 0.06275 0.6172959640625 0.0816741078125 0.6473139015625 0.0816741078125 0.6473139015625 0.06275
8 0.6853318390625 0.0398392859375 0.6443094171875 0.0398392859375 0.6443094171875 0.11254910781250001 0.6853318390625 0.11254910781250001 0.6853318390625 0.0398392859375
8 0.74835874375 0.0976116078125 0.6443094171875 0.0976116078125 0.6443094171875 0.1404375 0.74835874375 0.1404375 0.74835874375 0.0976116078125
8 0.6543139015625 0.1523883921875 0.6283049328125 0.1523883921875 0.6283049328125 0.1752991078125 0.6543139015625 0.1752991078125 0.6543139015625 0.1523883921875
8 0.6983363234375 0.1553794640625 0.6783273546874999 0.1553794640625 0.6783273546874999 0.177290178125 0.6983363234375 0.177290178125 0.6983363234375 0.1553794640625
8 0.7033408078125001 0.177290178125 0.6783273546874999 0.177290178125 0.6783273546874999 0.2021919640625 0.7033408078125001 0.2021919640625 0.7033408078125001 0.177290178125
8 0.7293497765625 0.150397321875 0.7023408078125 0.150397321875 0.7023408078125 0.1733080359375 0.7293497765625 0.1733080359375 0.7293497765625 0.150397321875
8 0.738354259375 0.1733080359375 0.7133452921875 0.1733080359375 0.7133452921875 0.20020089218749998 0.738354259375 0.20020089218749998 0.738354259375 0.1733080359375
8 0.7683721968749999 0.1683258921875 0.737354259375 0.1683258921875 0.737354259375 0.2181294640625 0.7683721968749999 0.2181294640625 0.7683721968749999 0.1683258921875
8 0.8043856500000001 0.1573705359375 0.769372196875 0.1573705359375 0.769372196875 0.20020089218749998 0.8043856500000001 0.20020089218749998 0.8043856500000001 0.1573705359375
8 0.032013453125 0.6005982140625 0.005004484375 0.6005982140625 0.005004484375 0.6533883921875 0.032013453125 0.6533883921875 0.032013453125 0.6005982140625
8 0.368179371875 0.9023883921875001 0.2401165921875 0.9023883921875001 0.2401165921875 0.9482053578125 0.368179371875 0.9482053578125 0.368179371875 0.9023883921875001
8 0.1510717484375 0.8346607140625 0.103049328125 0.8346607140625 0.103049328125 0.869522321875 0.1510717484375 0.869522321875 0.1510717484375 0.8346607140625
8 0.1580762328125 0.9392410718749999 0.1270627796875 0.9392410718749999 0.1270627796875 0.9701205359375 0.1580762328125 0.9701205359375 0.1580762328125 0.9392410718749999
8 0.14907174843749998 0.9601607140624999 0.12505829531249998 0.9601607140624999 0.12505829531249998 0.987053571875 0.14907174843749998 0.987053571875 0.14907174843749998 0.9601607140624999
8 0.35217040312500003 0.662352678125 0.320152465625 0.662352678125 0.320152465625 0.690241071875 0.35217040312500003 0.690241071875 0.35217040312500003 0.662352678125
4 0.49523766875 0.3784866078125 0.37818385625 0.3784866078125 0.37818385625 0.4641428578125 0.49523766875 0.4641428578125 0.49523766875 0.3784866078125
4 0.38418385625 0.49501785781249996 0.35417040312500003 0.49501785781249996 0.35417040312500003 0.530875 0.38418385625 0.530875 0.38418385625 0.49501785781249996
4 0.81839461875 0.6922321421875 0.74035874375 0.6922321421875 0.74035874375 0.81275 0.81839461875 0.81275 0.81839461875 0.6922321421875
4 0.9444573984375 0.6125491078125 0.921443946875 0.6125491078125 0.921443946875 0.6354598218749999 0.9444573984375 0.6354598218749999 0.9444573984375 0.6125491078125
4 0.9824753359375 0.6494017859375 0.900434978125 0.6494017859375 0.900434978125 0.7002008921875 0.9824753359375 0.7002008921875 0.9824753359375 0.6494017859375
4 0.9624618828125 0.8217142859375001 0.9234439468750001 0.8217142859375001 0.9234439468750001 0.8784866078125001 0.9624618828125 0.8784866078125001 0.9624618828125 0.8217142859375001
4 0.883426009375 0.8575714281250001 0.8384035875 0.8575714281250001 0.8384035875 0.8874508921875 0.883426009375 0.8874508921875 0.883426009375 0.8575714281250001
4 0.9244439468750001 0.9262946421875 0.7583677125 0.9262946421875 0.7583677125 0.9980089281250001 0.9244439468750001 0.9980089281250001 0.9244439468750001 0.9262946421875
4 0.6132959640625 0.8894419640625 0.5782780265625 0.8894419640625 0.5782780265625 0.9143437499999999 0.6132959640625 0.9143437499999999 0.6132959640625 0.8894419640625
4 0.7163452921875 0.9621517859375001 0.6853318390625 0.9621517859375001 0.6853318390625 0.9830669640625 0.7163452921875 0.9830669640625 0.7163452921875 0.9621517859375001
4 0.503242153125 0.9750982140625 0.47923318437500007 0.9750982140625 0.47923318437500007 0.9940223218750001 0.503242153125 0.9940223218750001 0.503242153125 0.9750982140625
4 0.41520179375 0.8844642859375 0.386188340625 0.8844642859375 0.386188340625 0.9143437499999999 0.41520179375 0.9143437499999999 0.41520179375 0.8844642859375
4 0.372179371875 0.900397321875 0.23111210781249997 0.900397321875 0.23111210781249997 0.9541830359375 0.372179371875 0.9541830359375 0.372179371875 0.900397321875
4 0.1950941703125 0.9760937500000001 0.1510717484375 0.9760937500000001 0.1510717484375 0.9970133921875 0.1950941703125 0.9970133921875 0.1950941703125 0.9760937500000001
8 0.024013453125 0.6593616078125 0.002 0.6593616078125 0.002 0.7171294640625 0.024013453125 0.7171294640625 0.024013453125 0.6593616078125
8 0.1820896859375 0.6653392859375 0.1580762328125 0.6653392859375 0.1580762328125 0.729084821875 0.1820896859375 0.729084821875 0.1820896859375 0.6653392859375
8 0.1310627796875 0.716133928125 0.09404484375 0.716133928125 0.09404484375 0.7539821421874999 0.1310627796875 0.7539821421874999 0.1310627796875 0.716133928125
7 0.2321121078125 0.3595625 0.003 0.3595625 0.003 0.5637455359375 0.2321121078125 0.5637455359375 0.2321121078125 0.3595625
7 0.6483139015625 0.0557767859375 0.47722870000000006 0.0557767859375 0.47722870000000006 0.1752991078125 0.6483139015625 0.1752991078125 0.6483139015625 0.0557767859375
6 0.2261076234375 0.548803571875 0.006004484375 0.548803571875 0.006004484375 0.7997991078125 0.2261076234375 0.7997991078125 0.2261076234375 0.548803571875