3 0.2802053578125 0.36734636875 0.2557455359375 0.36734636875 0.2557455359375 0.39888826875 0.2802053578125 0.39888826875 0.2802053578125 0.36734636875
3 0.30466964218750003 0.41373184375000005 0.2802053578125 0.41373184375000005 0.2802053578125 0.4471284921875 0.30466964218750003 0.4471284921875 0.30466964218750003 0.41373184375000005
3 0.30466964218750003 0.105754190625 0.23499107187499998 0.105754190625 0.23499107187499998 0.1883128484375 0.30466964218750003 0.1883128484375 0.30466964218750003 0.105754190625
3 0.45070535781250004 0.0027821234375 0.39140178593749997 0.0027821234375 0.39140178593749997 0.0667932953125 0.45070535781250004 0.0667932953125 0.45070535781250004 0.0027821234375
3 0.9888794640624999 0.5055698328125 0.9503348218750001 0.5055698328125 0.9503348218750001 0.5565865921875 0.9888794640624999 0.5565865921875 0.9888794640624999 0.5055698328125
7 0 0.9990782125000001 0.225352678125 0.9990782125000001 0.225352678125 0.21985474843750002 0 0.21985474843750002 0 0.9990782125000001
7 0.5003705359375 0.628944134375 0.225352678125 0.628944134375 0.225352678125 0.9990782125000001 0.5003705359375 0.9990782125000001 0.5003705359375 0.628944134375
5 0.3602678578125 0.004636871875 0.0741294640625 0.004636871875 0.0741294640625 0.12894413437500002 0.3602678578125 0.12894413437500002 0.3602678578125 0.004636871875
8 0.6100803578125 0.359 0.580428571875 0.359 0.580428571875 0.3849720671875 0.6100803578125 0.3849720671875 0.6100803578125 0.359
8 0.6612321421875 0.3766256984375 0.6174955359375 0.3766256984375 0.6174955359375 0.4109497203125 0.6612321421875 0.4109497203125 0.6612321421875 0.3766256984375
8 0.7605625 0.34322905000000004 0.7235 0.34322905000000004 0.7235 0.37477095 0.7605625 0.37477095 0.7605625 0.34322905000000004
8 0.838397321875 0.3061229046875 0.8087455359375 0.3061229046875 0.8087455359375 0.3311675984375 0.838397321875 0.3311675984375 0.838397321875 0.3061229046875
8 0.7946607140624999 0.1576983234375 0.761303571875 0.1576983234375 0.761303571875 0.1901675984375 0.7946607140624999 0.1901675984375 0.7946607140624999 0.1576983234375
8 0.76871875 0.1901675984375 0.701258928125 0.1901675984375 0.701258928125 0.2179944140625 0.76871875 0.2179944140625 0.76871875 0.1901675984375
8 0.556709821875 0.004636871875 0.5137142859375 0.004636871875 0.5137142859375 0.051022346875 0.556709821875 0.051022346875 0.556709821875 0.004636871875
8 0.6174955359375 0.059368715625 0.5952544640624999 0.059368715625 0.5952544640624999 0.081631284375 0.6174955359375 0.081631284375 0.6174955359375 0.059368715625
8 0.6174955359375 0.0927653625 0.5967366078125 0.0927653625 0.5967366078125 0.11317318437499999 0.6174955359375 0.11317318437499999 0.6174955359375 0.0927653625
8 0.8799107140625001 0.1781061453125 0.8332098218749999 0.1781061453125 0.8332098218749999 0.28293296093750003 0.8799107140625001 0.28293296093750003 0.8799107140625001 0.1781061453125
8 0.8109732140625001 0.52226815625 0.7753883921875 0.52226815625 0.7753883921875 0.620597765625 0.8109732140625001 0.620597765625 0.8109732140625001 0.52226815625
8 0.871758928125 0.10296647968749999 0.8539642859375001 0.10296647968749999 0.8539642859375001 0.1298715078125 0.871758928125 0.1298715078125 0.871758928125 0.10296647968749999
8 0.426241071875 0.02318994375 0.39955357187499996 0.02318994375 0.39955357187499996 0.0630782125 0.426241071875 0.0630782125 0.426241071875 0.02318994375
3 0.5404017859375 0.3951787703125 0.515196428125 0.3951787703125 0.515196428125 0.4350670390625 0.5404017859375 0.4350670390625 0.5404017859375 0.3951787703125
3 0.36249107187499996 0.721709496875 0.3447008921875 0.721709496875 0.3447008921875 0.7541787703125 0.36249107187499996 0.7541787703125 0.36249107187499996 0.721709496875
3 0.3765758921875 0.4109497203125 0.354334821875 0.4109497203125 0.354334821875 0.43784916249999994 0.3765758921875 0.43784916249999994 0.3765758921875 0.4109497203125
3 0.515196428125 0.19573184375 0.49740624999999994 0.19573184375 0.49740624999999994 0.2179944140625 0.515196428125 0.2179944140625 0.515196428125 0.19573184375
3 0.3639732140625 0.21985474843750002 0.3409955359375 0.21985474843750002 0.3409955359375 0.2588156421875 0.3639732140625 0.2588156421875 0.3639732140625 0.21985474843750002
3 0.801334821875 0.06493296093749999 0.778352678125 0.06493296093749999 0.778352678125 0.11502793281249998 0.801334821875 0.11502793281249998 0.801334821875 0.06493296093749999
3 0.756116071875 0.05658659218749999 0.7353616078125 0.05658659218749999 0.7353616078125 0.0872011171875 0.756116071875 0.0872011171875 0.756116071875 0.05658659218749999
3 0.701258928125 0.32838547500000004 0.6819866078125 0.32838547500000004 0.6819866078125 0.3571452515625 0.701258928125 0.3571452515625 0.701258928125 0.32838547500000004
3 0.702741071875 0.2940670390625 0.679022321875 0.2940670390625 0.679022321875 0.316329609375 0.702741071875 0.316329609375 0.702741071875 0.2940670390625
3 0.746477678125 0.28664245781250003 0.7220178578125 0.28664245781250003 0.7220178578125 0.3330279328125 0.746477678125 0.3330279328125 0.746477678125 0.28664245781250003
3 0.7991116078125 0.31911173125 0.7627857140625001 0.31911173125 0.7627857140625001 0.3812625703125 0.7991116078125 0.3812625703125 0.7991116078125 0.31911173125
3 0.7805803578125 0.2346927375 0.7301696421874999 0.2346927375 0.7301696421874999 0.2987039109375 0.7805803578125 0.2987039109375 0.7805803578125 0.2346927375
3 0.8636026781249999 0.5120614531250001 0.8235714281250001 0.5120614531250001 0.8235714281250001 0.5528770953125 0.8636026781249999 0.5528770953125 0.8636026781249999 0.5120614531250001
5 0.7620446421875 0.0723575421875 0.6582633921875 0.0723575421875 0.6582633921875 0.17346927343750002 0.7620446421875 0.17346927343750002 0.7620446421875 0.0723575421875