8 0.38620982187499997 0.18089385468750002 0.3269107140625 0.18089385468750002 0.3269107140625 0.2346927375 0.38620982187499997 0.2346927375 0.38620982187499997 0.18089385468750002
8 0.10896874999999999 0.18460335156250002 0.0570803578125 0.18460335156250002 0.0570803578125 0.230983240625 0.10896874999999999 0.230983240625 0.10896874999999999 0.18460335156250002
8 0.2246116078125 0.044525139062500003 0.1890267859375 0.044525139062500003 0.1890267859375 0.0630782125 0.2246116078125 0.0630782125 0.2246116078125 0.044525139062500003
8 0.2683482140625 0.004636871875 0.22312946406249998 0.004636871875 0.22312946406249998 0.051022346875 0.2683482140625 0.051022346875 0.2683482140625 0.004636871875
8 0.3150491078125 0.000927375 0.258709821875 0.000927375 0.258709821875 0.0222625703125 0.3150491078125 0.0222625703125 0.3150491078125 0.000927375
8 0.2913258921875 0.744899440625 0.252040178125 0.744899440625 0.252040178125 0.7931396640624999 0.2913258921875 0.7931396640624999 0.2913258921875 0.744899440625
8 0.0889553578125 0.6298715078125 0.044477678124999996 0.6298715078125 0.044477678124999996 0.705938546875 0.0889553578125 0.705938546875 0.0889553578125 0.6298715078125
8 0.221647321875 0.8617821234375 0.1779107140625 0.8617821234375 0.1779107140625 0.9044581 0.221647321875 0.9044581 0.221647321875 0.8617821234375
8 0.2957767859375 0.8756983234375 0.225352678125 0.8756983234375 0.225352678125 0.92022905 0.2957767859375 0.92022905 0.2957767859375 0.8756983234375
8 0.37361160781249997 0.9248659218749999 0.24314285781249997 0.9248659218749999 0.24314285781249997 0.995363128125 0.37361160781249997 0.995363128125 0.37361160781249997 0.9248659218749999
7 0.3691607140625 0.8293184359374999 0.037803571875000004 0.8293184359374999 0.037803571875000004 0.9935083796875 0.3691607140625 0.9935083796875 0.3691607140625 0.8293184359374999
2 0.9473705359375 0.061223464062499997 0.1008169640625 0.061223464062499997 0.1008169640625 0.9768156421875 0.9473705359375 0.9768156421875 0.9473705359375 0.061223464062499997
4 0.026687499999999996 0.67811173125 0.0022232140625000002 0.67811173125 0.0022232140625000002 0.7643798875 0.026687499999999996 0.7643798875 0.026687499999999996 0.67811173125
5 0.9985178578125 0.004636871875 0.7664955359375 0.004636871875 0.7664955359375 0.9962960890625 0.9985178578125 0.9962960890625 0.9985178578125 0.004636871875