8 0.41215624999999995 0.10296647968749999 0.384727678125 0.10296647968749999 0.384727678125 0.141 0.41215624999999995 0.141 0.41215624999999995 0.10296647968749999
8 0.3721294640625 0.10946368749999999 0.354334821875 0.10946368749999999 0.354334821875 0.13358100625 0.3721294640625 0.13358100625 0.3721294640625 0.10946368749999999
8 0.37954017812499996 0.192022346875 0.354334821875 0.192022346875 0.354334821875 0.21985474843750002 0.37954017812499996 0.21985474843750002 0.37954017812499996 0.192022346875
8 0.34247767812499996 0 0.34247767812499996 0.0408156421875 0.392883928125 0.0408156421875 0.392883928125 0 0.34247767812499996 0
8 0.2498125 0.0936927375 0.1964419640625 0.0936927375 0.1964419640625 0.12894413437500002 0.2498125 0.12894413437500002 0.2498125 0.0936927375
8 0.19199553593750002 0.10946368749999999 0.17420089218749998 0.10946368749999999 0.17420089218749998 0.13358100625 0.19199553593750002 0.13358100625 0.19199553593750002 0.10946368749999999
8 0.1452946421875 0.02318994375 0.1275 0.02318994375 0.1275 0.054731843749999995 0.1452946421875 0.054731843749999995 0.1452946421875 0.02318994375
8 0.1289866078125 0.05658659218749999 0.11267410781250001 0.05658659218749999 0.11267410781250001 0.089055865625 0.1289866078125 0.089055865625 0.1289866078125 0.05658659218749999
8 0.20162946406249999 0.8923966484375001 0.0889553578125 0.8923966484375001 0.0889553578125 0.9990782125000001 0.20162946406249999 0.9990782125000001 0.20162946406249999 0.8923966484375001
8 0.2557455359375 0.9768156421875 0.22683482187499998 0.9768156421875 0.22683482187499998 0.9990782125000001 0.2557455359375 0.9990782125000001 0.2557455359375 0.9768156421875
8 0.6545580359375001 0.4703184359375 0.6308392859375 0.4703184359375 0.6308392859375 0.5 0.6545580359375001 0.5 0.6545580359375001 0.4703184359375
8 0.6582633921875 0.00834636875 0.6338035718749999 0.00834636875 0.6338035718749999 0.0324692734375 0.6582633921875 0.0324692734375 0.6582633921875 0.00834636875
8 0.6530758921875 0.0287597765625 0.6226830359375 0.0287597765625 0.6226830359375 0.061223464062499997 0.6530758921875 0.061223464062499997 0.6530758921875 0.0287597765625
8 0.656040178125 0.06864804531249999 0.6293571421874999 0.06864804531249999 0.6293571421874999 0.0955474859375 0.656040178125 0.0955474859375 0.656040178125 0.06864804531249999
8 0.6338035718749999 0.1196648046875 0.61453125 0.1196648046875 0.61453125 0.137290503125 0.6338035718749999 0.137290503125 0.6338035718749999 0.1196648046875
8 0.6449241078125 0.1614134078125 0.61453125 0.1614134078125 0.61453125 0.2077932953125 0.6449241078125 0.2077932953125 0.6449241078125 0.1614134078125
8 0.2097857140625 0.45176536250000005 0.154928571875 0.45176536250000005 0.154928571875 0.49814525156249995 0.2097857140625 0.49814525156249995 0.2097857140625 0.45176536250000005
8 0.2483303578125 0.31911173125 0.2223883921875 0.31911173125 0.2223883921875 0.359 0.2483303578125 0.359 0.2483303578125 0.31911173125
8 0.29948214218749997 0.1576983234375 0.2787232140625 0.1576983234375 0.2787232140625 0.1818212296875 0.29948214218749997 0.1818212296875 0.29948214218749997 0.1576983234375
8 0.2223883921875 0.28293296093750003 0.193477678125 0.28293296093750003 0.193477678125 0.4035251390625 0.2223883921875 0.4035251390625 0.2223883921875 0.28293296093750003
7 0 0.8237486031250001 0.17420089218749998 0.8237486031250001 0.17420089218749998 0.17346927343750002 0 0.17346927343750002 0 0.8237486031250001
3 0.2483303578125 0.14749720625 0.20162946406249999 0.14749720625 0.20162946406249999 0.28849720625 0.2483303578125 0.28849720625 0.2483303578125 0.14749720625
3 0.2690892859375 0.30426815625 0.2157142859375 0.30426815625 0.2157142859375 0.4155865921875 0.2690892859375 0.4155865921875 0.2690892859375 0.30426815625
3 0.3269107140625 0.3970335203125 0.285397321875 0.3970335203125 0.285397321875 0.457329609375 0.3269107140625 0.457329609375 0.3269107140625 0.3970335203125
3 0.1578928578125 0.27829608906250003 0.072647321875 0.27829608906250003 0.072647321875 0.4397039109375 0.1578928578125 0.4397039109375 0.1578928578125 0.27829608906250003
3 0.523352678125 0.0807039109375 0.501852678125 0.0807039109375 0.501852678125 0.105754190625 0.523352678125 0.105754190625 0.523352678125 0.0807039109375
3 0.424758928125 0.025044692187500002 0.40845089218749997 0.025044692187500002 0.40845089218749997 0.051022346875 0.424758928125 0.051022346875 0.424758928125 0.025044692187500002
3 0.48554464218750004 0.004636871875 0.45070535781250004 0.004636871875 0.45070535781250004 0.044525139062500003 0.48554464218750004 0.044525139062500003 0.48554464218750004 0.004636871875
3 0.5426249999999999 0.3070502796875 0.5196428578125001 0.3070502796875 0.5196428578125001 0.340446928125 0.5426249999999999 0.340446928125 0.5426249999999999 0.3070502796875
3 0.61971875 0.34508379843750003 0.5922901781250001 0.34508379843750003 0.5922901781250001 0.3766256984375 0.61971875 0.3766256984375 0.61971875 0.34508379843750003
8 0.432915178125 0.479592178125 0.3602678578125 0.479592178125 0.3602678578125 0.5528770953125 0.432915178125 0.5528770953125 0.432915178125 0.479592178125
8 0.2868794640625 0.35250837968750004 0.2690892859375 0.35250837968750004 0.2690892859375 0.4276480453125 0.2868794640625 0.4276480453125 0.2868794640625 0.35250837968750004
5 0.9955535718749999 0.6159553078125 0.801334821875 0.6159553078125 0.801334821875 0.9888715078124999 0.9955535718749999 0.9888715078124999 0.9955535718749999 0.6159553078125
8 0.30541071406250003 0.4044525140625 0.28984375 0.4044525140625 0.28984375 0.4239329609375 0.30541071406250003 0.4239329609375 0.30541071406250003 0.4044525140625
8 0.11119196406250001 0.105754190625 0.09414285781250001 0.105754190625 0.09414285781250001 0.12616201093749999 0.11119196406250001 0.12616201093749999 0.11119196406250001 0.105754190625
3 0.09859375000000001 0.13172625625 0.042254464062500004 0.13172625625 0.042254464062500004 0.35436312812500004 0.09859375000000001 0.35436312812500004 0.09859375000000001 0.13172625625
8 0.1149017859375 0.3070502796875 0.09414285781250001 0.3070502796875 0.09414285781250001 0.32838547500000004 0.1149017859375 0.32838547500000004 0.1149017859375 0.3070502796875
3 0.3647142859375 0.42115083750000004 0.3261696421875 0.42115083750000004 0.3261696421875 0.4619664796875 0.3647142859375 0.4619664796875 0.3647142859375 0.42115083750000004
3 0.394366071875 0.246754190625 0.3721294640625 0.246754190625 0.3721294640625 0.27644134062500003 0.394366071875 0.27644134062500003 0.394366071875 0.246754190625
8 0.3884375 0.25046368750000003 0.375834821875 0.25046368750000003 0.375834821875 0.26437988749999997 0.3884375 0.26437988749999997 0.3884375 0.25046368750000003
8 0.466272321875 0.08534636875 0.4551517859375 0.08534636875 0.4551517859375 0.10018435781249999 0.466272321875 0.10018435781249999 0.466272321875 0.08534636875
3 0.4358794640625 0.47124580937499994 0.3498883921875 0.47124580937499994 0.3498883921875 0.5556592171875 0.4358794640625 0.5556592171875 0.4358794640625 0.47124580937499994
3 0.565602678125 0.613173184375 0.5404017859375 0.613173184375 0.5404017859375 0.644715084375 0.565602678125 0.644715084375 0.565602678125 0.613173184375
3 0.5144553578125 0.22170949687500002 0.4951830359375 0.22170949687500002 0.4951830359375 0.2486089390625 0.5144553578125 0.2486089390625 0.5144553578125 0.22170949687500002