7 0.1503928578125 0.81640625 0.0527366078125 0.81640625 0.0527366078125 0.95703125 0.1503928578125 0.95703125 0.1503928578125 0.81640625
5 0.7675803578125 0.17578125 0.23828125 0.17578125 0.23828125 0.5488303578125 0.7675803578125 0.5488303578125 0.7675803578125 0.17578125
3 0.44921875 0.5957053578125 0.40820535781249995 0.5957053578125 0.40820535781249995 0.6269553578125 0.44921875 0.6269553578125 0.44921875 0.5957053578125
3 0.1464866078125 0.65234375 0.08984375 0.65234375 0.08984375 0.7050803578125 0.1464866078125 0.7050803578125 0.1464866078125 0.65234375
3 0.2324241078125 0.3613303578125 0.1953125 0.3613303578125 0.1953125 0.3964866078125 0.2324241078125 0.3964866078125 0.2324241078125 0.3613303578125
3 0.90234375 0.49609375 0.8652366078125 0.49609375 0.8652366078125 0.5625 0.90234375 0.5625 0.90234375 0.49609375
3 0.9355491078125 0.5683616078125 0.9121116078125 0.5683616078125 0.9121116078125 0.6035178578125 0.9355491078125 0.6035178578125 0.9355491078125 0.5683616078125
3 0.96484375 0.5878928578125 0.9394553578125 0.5878928578125 0.9394553578125 0.62109375 0.96484375 0.62109375 0.96484375 0.5878928578125
3 0.9921875 0.6269553578125 0.96875 0.6269553578125 0.96875 0.66015625 0.9921875 0.66015625 0.9921875 0.6269553578125
3 0.7167991078125 0.6425803578125 0.6542991078125 0.6425803578125 0.6542991078125 0.68359375 0.7167991078125 0.68359375 0.7167991078125 0.6425803578125
3 0.7324241078125 0.6972678578125 0.671875 0.6972678578125 0.671875 0.7636741078125 0.7324241078125 0.7636741078125 0.7324241078125 0.6972678578125
3 0.703125 0.76171875 0.5683616078125 0.76171875 0.5683616078125 0.9980491078125 0.703125 0.9980491078125 0.703125 0.76171875
7 0.6953125 0.90625 0.58984375 0.90625 0.58984375 0.9941428578125 0.6953125 0.9941428578125 0.6953125 0.90625
3 0.1640625 0.19140625 0.1328125 0.19140625 0.1328125 0.2128928578125 0.1640625 0.2128928578125 0.1640625 0.19140625
8 0.0957053578125 0.8652366078125 0.0625 0.8652366078125 0.0625 0.91015625 0.0957053578125 0.91015625 0.0957053578125 0.8652366078125
3 0.9941428578125 0.2578125 0.76171875 0.2578125 0.76171875 0.41015625 0.9941428578125 0.41015625 0.9941428578125 0.2578125
4 0.9042991078125 0.3457053578125 0.88671875 0.3457053578125 0.88671875 0.3886741078125 0.9042991078125 0.3886741078125 0.9042991078125 0.3457053578125
4 0.96484375 0.2636741078125 0.9042991078125 0.2636741078125 0.9042991078125 0.30078125 0.96484375 0.30078125 0.96484375 0.2636741078125
4 0.2519553578125 0.68359375 0.2128928578125 0.68359375 0.2128928578125 0.7578125 0.2519553578125 0.7578125 0.2519553578125 0.68359375
4 0.3339866078125 0.6464866078125 0.2734375 0.6464866078125 0.2734375 0.7363303578125 0.3339866078125 0.7363303578125 0.3339866078125 0.6464866078125
3 0.33984375 0.6503928578125 0.2089866078125 0.6503928578125 0.2089866078125 0.8027366078125 0.33984375 0.8027366078125 0.33984375 0.6503928578125
4 0.1191428578125 0.65625 0.1015625 0.65625 0.1015625 0.6796875 0.1191428578125 0.6796875 0.1191428578125 0.65625