1 0.4547366078125 0.726071428125 0.412303571875 0.726071428125 0.412303571875 0.7873630953124999 0.4547366078125 0.7873630953124999 0.4547366078125 0.726071428125
1 0.7100446421875 0.5271071421875 0.61103125 0.5271071421875 0.61103125 0.614803571875 0.7100446421875 0.614803571875 0.7100446421875 0.5271071421875
1 0.6011294640625 0.45261904687500004 0.4978794640625 0.45261904687500004 0.4978794640625 0.5789702375 0.6011294640625 0.5789702375 0.6011294640625 0.45261904687500004
4 0.1400267859375 0.3158869046875 0.0007053578125 0.3158869046875 0.0007053578125 0.368696428125 0.1400267859375 0.368696428125 0.1400267859375 0.3158869046875
4 0.0785 0.17633333281250002 0.0007053578125 0.17633333281250002 0.0007053578125 0.23196428593750001 0.0785 0.23196428593750001 0.0785 0.17633333281250002
4 0.9738348218749999 0.006601190625 0.946959821875 0.006601190625 0.946959821875 0.0282857140625 0.9738348218749999 0.0282857140625 0.9738348218749999 0.006601190625
3 0.184584821875 0.5667142859375 0.079209821875 0.5667142859375 0.079209821875 0.8514880953124999 0.184584821875 0.8514880953124999 0.184584821875 0.5667142859375
7 0.9398883921875001 0.0047142859375 0.63790625 0.0047142859375 0.63790625 0.5506845234375 0.9398883921875001 0.5506845234375 0.9398883921875001 0.0047142859375
7 0.7206517859375 1 0.7206517859375 0.0028273812499999998 0.051625 0.0028273812499999998 0.051625 1 0.7206517859375 1
7 0.0968883921875 0.6006607140625 0.0763794640625 0.6006607140625 0.0763794640625 0.6317797625 0.0968883921875 0.6317797625 0.0968883921875 0.6006607140625
7 0.18033928593749998 0.6940119046875 0.1697321421875 0.6940119046875 0.1697321421875 0.7449345234375 0.18033928593749998 0.7449345234375 0.18033928593749998 0.6940119046875
7 0.125178571875 0.7298452375 0.11315625 0.7298452375 0.11315625 0.749648809375 0.125178571875 0.749648809375 0.125178571875 0.7298452375
7 0.22135714218749997 0.6110297625000001 0.2086294640625 0.6110297625000001 0.2086294640625 0.6393214281249999 0.22135714218749997 0.6393214281249999 0.22135714218749997 0.6110297625000001
7 0.225602678125 0.6600654765625 0.21145535781250002 0.6600654765625 0.21145535781250002 0.7025 0.225602678125 0.7025 0.225602678125 0.6600654765625
7 0.2355 0.7175833328125 0.2192366078125 0.7175833328125 0.2192366078125 0.7817083328125001 0.2355 0.7817083328125001 0.2355 0.7175833328125
7 0.250352678125 0.8175416671875 0.236915178125 0.8175416671875 0.236915178125 0.83545238125 0.250352678125 0.83545238125 0.250352678125 0.8175416671875
7 0.2977366078125 0.8816607140625001 0.26308482187500004 0.8816607140625001 0.26308482187500004 0.9391785718750001 0.2977366078125 0.9391785718750001 0.2977366078125 0.8816607140625001
7 0.366334821875 0.9269226187499999 0.3005669640625 0.9269226187499999 0.3005669640625 0.990101190625 0.366334821875 0.990101190625 0.366334821875 0.9269226187499999
7 0.3507767859375 0.88920238125 0.3387544640625 0.88920238125 0.3387544640625 0.9024047625 0.3507767859375 0.9024047625 0.3507767859375 0.88920238125
7 0.473125 0.204619046875 0.4632232140625 0.204619046875 0.4632232140625 0.23196428593750001 0.473125 0.23196428593750001 0.473125 0.204619046875
7 0.1478080359375 0.8128214281249999 0.0869866078125 0.8128214281249999 0.0869866078125 0.9146607140624999 0.1478080359375 0.9146607140624999 0.1478080359375 0.8128214281249999
7 0.1817544640625 0.923148809375 0.1619508921875 0.923148809375 0.1619508921875 0.9448392859375 0.1817544640625 0.9448392859375 0.1817544640625 0.923148809375
7 0.27227678593750004 0.966523809375 0.2072142859375 0.966523809375 0.2072142859375 0.9985833328125 0.27227678593750004 0.9985833328125 0.27227678593750004 0.966523809375
7 0.7157008921875 0.78925 0.7043839281250001 0.78925 0.7043839281250001 0.8128214281249999 0.7157008921875 0.8128214281249999 0.7157008921875 0.78925
7 0.796321428125 0.8071666671875001 0.6725580359375 0.8071666671875001 0.6725580359375 0.9429523812499999 0.796321428125 0.9429523812499999 0.796321428125 0.8071666671875001
7 0.7751071421875 0.6694940468749999 0.763790178125 0.6694940468749999 0.763790178125 0.6940119046875 0.7751071421875 0.6940119046875 0.7751071421875 0.6694940468749999
7 0.7899553578125 0.6836369046875 0.78359375 0.6836369046875 0.78359375 0.6977857140625 0.7899553578125 0.6977857140625 0.7899553578125 0.6836369046875
7 0.804102678125 0.5007083328124999 0.78925 0.5007083328124999 0.78925 0.5327678578125 0.804102678125 0.5327678578125 0.804102678125 0.5007083328124999