8 0.64640625 0.46382122968750006 0.625647321875 0.46382122968750006 0.625647321875 0.49443575468749995 0.64640625 0.49443575468749995 0.64640625 0.46382122968750006
8 0.6753169640625 0.4434134078125 0.6545580359375001 0.4434134078125 0.6545580359375001 0.472173184375 0.6753169640625 0.472173184375 0.6753169640625 0.4434134078125
8 0.7079330359375 0.4656815640625 0.6931071421875 0.4656815640625 0.6931071421875 0.487944134375 0.7079330359375 0.487944134375 0.7079330359375 0.4656815640625
8 0.701258928125 0.4239329609375 0.6901428578125001 0.4239329609375 0.6901428578125001 0.44526815624999994 0.701258928125 0.44526815624999994 0.701258928125 0.4239329609375
8 0.7190491078125001 0.4471284921875 0.7064508921875 0.4471284921875 0.7064508921875 0.46753631249999994 0.7190491078125001 0.46753631249999994 0.7190491078125001 0.4471284921875
8 0.7412901781250001 0.183675978125 0.714602678125 0.183675978125 0.714602678125 0.22634636874999997 0.7412901781250001 0.22634636874999997 0.7412901781250001 0.183675978125
8 0.7902142859375 0.16419553125 0.7768705359375 0.16419553125 0.7768705359375 0.1901675984375 0.7902142859375 0.1901675984375 0.7902142859375 0.16419553125
8 0.7894732140625 0.20222905 0.7753883921875 0.20222905 0.7753883921875 0.22449162031249997 0.7894732140625 0.22449162031249997 0.7894732140625 0.20222905
8 0.677540178125 0.2346927375 0.6627142859374999 0.2346927375 0.6627142859374999 0.2588156421875 0.677540178125 0.2588156421875 0.677540178125 0.2346927375
8 0.6945892859375 0.1938770953125 0.6753169640625 0.1938770953125 0.6753169640625 0.21613966406250001 0.6945892859375 0.21613966406250001 0.6945892859375 0.1938770953125
8 0.6901428578125001 0.14564245781250001 0.6738303578125 0.14564245781250001 0.6738303578125 0.1614134078125 0.6901428578125001 0.1614134078125 0.6901428578125001 0.14564245781250001
8 0.7383258921875 0.10760893906249999 0.716084821875 0.10760893906249999 0.716084821875 0.153061453125 0.7383258921875 0.153061453125 0.7383258921875 0.10760893906249999
8 0.7753883921875 0.073284915625 0.7575982140625 0.073284915625 0.7575982140625 0.0936927375 0.7753883921875 0.0936927375 0.7753883921875 0.073284915625
8 0.7724241078125 0.104826815625 0.7605625 0.104826815625 0.7605625 0.12708938593750002 0.7724241078125 0.12708938593750002 0.7724241078125 0.104826815625
8 0.7242410718750001 0.0463798875 0.702741071875 0.0463798875 0.702741071875 0.0788491625 0.7242410718750001 0.0788491625 0.7242410718750001 0.0463798875
8 0.664196428125 0.030614524999999997 0.6419553578125 0.030614524999999997 0.6419553578125 0.054731843749999995 0.664196428125 0.054731843749999995 0.664196428125 0.030614524999999997
8 0.61453125 0.22449162031249997 0.5900669640625 0.22449162031249997 0.5900669640625 0.25603352031250004 0.61453125 0.25603352031250004 0.61453125 0.22449162031249997
8 0.5952544640624999 0.316329609375 0.5759821421875 0.316329609375 0.5759821421875 0.33488268125 0.5952544640624999 0.33488268125 0.5952544640624999 0.316329609375
7 0 0.8237486031250001 0.2290580359375 0.8237486031250001 0.2290580359375 0.016698323437500003 0 0.016698323437500003 0 0.8237486031250001
4 0 0.9897988828125 0.040772321875 0.9897988828125 0.040772321875 0.9063128484374999 0 0.9063128484374999 0 0.9897988828125
1 0.6953303578125001 0.06493296093749999 0.5455892859375 0.06493296093749999 0.5455892859375 0.2365474859375 0.6953303578125001 0.2365474859375 0.6953303578125001 0.06493296093749999
1 0.6916249999999999 0.254173184375 0.515196428125 0.254173184375 0.515196428125 0.5241229046875 0.6916249999999999 0.5241229046875 0.6916249999999999 0.254173184375
1 0.9985178578125 0.332100559375 0.9332857140625 0.332100559375 0.9332857140625 0.4582569828125 0.9985178578125 0.4582569828125 0.9985178578125 0.332100559375
1 0.9325446421875 0.32282122968750004 0.86434375 0.32282122968750004 0.86434375 0.43321229062500005 0.9325446421875 0.43321229062500005 0.9325446421875 0.32282122968750004