5 0.5546875 0.44726785781249995 0.01171875 0.44726785781249995 0.01171875 0.9707053578125 0.5546875 0.9707053578125 0.5546875 0.44726785781249995
6 0.51171875 0.5410178578125 0.1894553578125 0.5410178578125 0.1894553578125 0.984375 0.51171875 0.984375 0.51171875 0.5410178578125
4 0.6386741078125 0.41015625 0.5449241078125 0.41015625 0.5449241078125 0.5410178578125 0.6386741078125 0.5410178578125 0.6386741078125 0.41015625
4 0.47461160781249995 0.2675803578125 0.33203125 0.2675803578125 0.33203125 0.3515625 0.47461160781249995 0.3515625 0.47461160781249995 0.2675803578125
4 0 0.3417991078125 0.0761741078125 0.3417991078125 0.0761741078125 0.20703125 0 0.20703125 0 0.3417991078125
4 0.8183616078125 0.15234375 0.7636741078125 0.15234375 0.7636741078125 0.20703125 0.8183616078125 0.20703125 0.8183616078125 0.15234375
8 0.3925803578125 0.7558616078125 0.3730491078125 0.7558616078125 0.3730491078125 0.7734375 0.3925803578125 0.7734375 0.3925803578125 0.7558616078125
8 0.453125 0.7128928578125 0.41992410781249995 0.7128928578125 0.41992410781249995 0.7402366078125 0.453125 0.7402366078125 0.453125 0.7128928578125
8 0.42578125 0.7675803578125 0.40234375 0.7675803578125 0.40234375 0.7832053578125 0.42578125 0.7832053578125 0.42578125 0.7675803578125
8 0.43945535781249995 0.640625 0.421875 0.640625 0.421875 0.66015625 0.43945535781249995 0.66015625 0.43945535781249995 0.640625
4 0.56640625 0.54296875 0.46289285781249995 0.54296875 0.46289285781249995 0.6582053578125 0.56640625 0.6582053578125 0.56640625 0.54296875
8 0.3613303578125 0.8339866078125 0.3378928578125 0.8339866078125 0.3378928578125 0.8574241078125 0.3613303578125 0.8574241078125 0.3613303578125 0.8339866078125