7 0.871758928125 0.703156425 0.22683482187499998 0.703156425 0.22683482187499998 0.9972234640625001 0.871758928125 0.9972234640625001 0.871758928125 0.703156425
4 0.3521116078125 0.32653072656250004 0.2564866078125 0.32653072656250004 0.2564866078125 0.44155865937499994 0.3521116078125 0.44155865937499994 0.3521116078125 0.32653072656250004
4 0.21126785781250002 0.42115083750000004 0.117866071875 0.42115083750000004 0.117866071875 0.5398882687500001 0.21126785781250002 0.5398882687500001 0.21126785781250002 0.42115083750000004
4 0.0600446421875 0.564938546875 0.000741071875 0.564938546875 0.000741071875 0.7013016765625 0.0600446421875 0.7013016765625 0.0600446421875 0.564938546875
4 0.2075625 0.192022346875 0.1319508921875 0.192022346875 0.1319508921875 0.2949944140625 0.2075625 0.2949944140625 0.2075625 0.192022346875
5 0.2090446421875 0.0102067046875 0.0037053578125 0.0102067046875 0.0037053578125 0.6614134078125 0.2090446421875 0.6614134078125 0.2090446421875 0.0102067046875
5 0.6953303578125001 0.0102067046875 0.21126785781250002 0.0102067046875 0.21126785781250002 0.187385475 0.6953303578125001 0.187385475 0.6953303578125001 0.0102067046875
5 0.507040178125 0.1855307265625 0.2097857140625 0.1855307265625 0.2097857140625 0.3766256984375 0.507040178125 0.3766256984375 0.507040178125 0.1855307265625
5 0.339508928125 0.377553071875 0.2090446421875 0.377553071875 0.2090446421875 0.635441340625 0.339508928125 0.635441340625 0.339508928125 0.377553071875
8 0.3899196421875 0.0491675984375 0.37361160781249997 0.0491675984375 0.37361160781249997 0.0769944140625 0.3899196421875 0.0769944140625 0.3899196421875 0.0491675984375
8 0.4358794640625 0.059368715625 0.42327678593750007 0.059368715625 0.42327678593750007 0.0807039109375 0.4358794640625 0.0807039109375 0.4358794640625 0.059368715625
8 0.4551517859375 0.038960893749999996 0.43958482187500003 0.038960893749999996 0.43958482187500003 0.0667932953125 0.4551517859375 0.0667932953125 0.4551517859375 0.038960893749999996
8 0.46701339218750004 0.035251396875 0.45663392812500003 0.035251396875 0.45663392812500003 0.0630782125 0.46701339218750004 0.0630782125 0.46701339218750004 0.035251396875
8 0.510008928125 0.1576983234375 0.49221428593749994 0.1576983234375 0.49221428593749994 0.17996089375 0.510008928125 0.17996089375 0.510008928125 0.1576983234375
8 0.52928125 0.1391452515625 0.515196428125 0.1391452515625 0.515196428125 0.176251396875 0.52928125 0.176251396875 0.52928125 0.1391452515625
8 0.49073214218750005 0.1252346375 0.476647321875 0.1252346375 0.476647321875 0.16790502812500002 0.49073214218750005 0.16790502812500002 0.49073214218750005 0.1252346375
8 0.6552991078125 0.589055865625 0.5945133921875 0.589055865625 0.5945133921875 0.6614134078125 0.6552991078125 0.6614134078125 0.6552991078125 0.589055865625
8 0.431428571875 0.6549217875 0.3839866078125 0.6549217875 0.3839866078125 0.71057541875 0.431428571875 0.71057541875 0.431428571875 0.6549217875
8 0.5915491078125 0.692022346875 0.45218749999999996 0.692022346875 0.45218749999999996 0.8089106140625001 0.5915491078125 0.8089106140625001 0.5915491078125 0.692022346875
8 0.5848794640625 0.550094971875 0.4284642859375 0.550094971875 0.4284642859375 0.7050111734375 0.5848794640625 0.7050111734375 0.5848794640625 0.550094971875