8 0.422491071875 0.8337525765624999 0.37750892812500003 0.8337525765624999 0.37750892812500003 0.8671391749999999 0.422491071875 0.8671391749999999 0.422491071875 0.8337525765624999
8 0.4337366078125 0.9283505156249999 0.383133928125 0.9283505156249999 0.383133928125 0.966371134375 0.4337366078125 0.966371134375 0.4337366078125 0.9283505156249999
8 0.361446428125 0.88475773125 0.34859375 0.88475773125 0.34859375 0.8968144328125 0.361446428125 0.8968144328125 0.361446428125 0.88475773125
8 0.4056205359375 0.9237113406249999 0.3967857140625 0.9237113406249999 0.3967857140625 0.93020103125 0.4056205359375 0.93020103125 0.4056205359375 0.9237113406249999
8 0.3759017859375 0.8383865984375 0.365459821875 0.8383865984375 0.365459821875 0.8458092781250001 0.3759017859375 0.8458092781250001 0.3759017859375 0.8383865984375
8 0.4771071421875 0.7243144328125 0.4618482140625 0.7243144328125 0.4618482140625 0.740082475 0.4771071421875 0.740082475 0.4771071421875 0.7243144328125
8 0.4779107140625 0.6992731953125 0.46505803593749995 0.6992731953125 0.46505803593749995 0.7131855671875 0.4779107140625 0.7131855671875 0.4779107140625 0.6992731953125
8 0.379116071875 0.7261701031250001 0.3662633921875 0.7261701031250001 0.3662633921875 0.7345154640625 0.379116071875 0.7345154640625 0.379116071875 0.7261701031250001
6 0.48915625 0.6807268046875 0.20482142812499998 0.6807268046875 0.20482142812499998 0.998829896875 0.48915625 0.998829896875 0.48915625 0.6807268046875
4 0.2698794640625 0.56479896875 0.2594375 0.56479896875 0.2594375 0.586128865625 0.2698794640625 0.586128865625 0.2698794640625 0.56479896875
4 0.2562232140625 0.5824226796875001 0.2489955359375 0.5824226796875001 0.2489955359375 0.5981855671874999 0.2562232140625 0.5981855671874999 0.2562232140625 0.5824226796875001
4 0.987147321875 0.9570979375 0.9654598218749999 0.9570979375 0.9654598218749999 0.9802835046875 0.987147321875 0.9802835046875 0.987147321875 0.9570979375
5 0.49879464218749997 0.344072165625 0.266665178125 0.344072165625 0.266665178125 0.6705257734375001 0.49879464218749997 0.6705257734375001 0.49879464218749997 0.344072165625