4 0.9921875 0.0996116078125 0.5859375 0.0996116078125 0.5859375 0.5566428578125 0.9921875 0.5566428578125 0.9921875 0.0996116078125
4 0.9707053578125 0.0019553578125 0.4765625 0.0019553578125 0.4765625 0.1621116078125 0.9707053578125 0.1621116078125 0.9707053578125 0.0019553578125
4 0.9921875 0.5566428578125 0.671875 0.5566428578125 0.671875 0.8515625 0.9921875 0.8515625 0.9921875 0.5566428578125
4 0.7011741078125 0.6972678578125 0.42773660781249995 0.6972678578125 0.42773660781249995 0.9980491078125 0.7011741078125 0.9980491078125 0.7011741078125 0.6972678578125
4 0.37890625 0.4140625 0.1875 0.4140625 0.1875 0.625 0.37890625 0.625 0.37890625 0.4140625
4 0.4296875 0.0019553578125 0.08984375 0.0019553578125 0.08984375 0.1464866078125 0.4296875 0.1464866078125 0.4296875 0.0019553578125
4 0.1386741078125 0.13671875 0.0019553578125 0.13671875 0.0019553578125 0.2890625 0.1386741078125 0.2890625 0.1386741078125 0.13671875
4 0.15234375 0.39453125 0.0019553578125 0.39453125 0.0019553578125 0.6015625 0.15234375 0.6015625 0.15234375 0.39453125
4 0 0.8847678578125 0.22265625 0.8847678578125 0.22265625 0.55078125 0 0.55078125 0 0.8847678578125
4 0.3886741078125 0.8925803578125 0.0566428578125 0.8925803578125 0.0566428578125 0.9902366078125 0.3886741078125 0.9902366078125 0.3886741078125 0.8925803578125
4 0.41015625 0.6699241078125 0.2421875 0.6699241078125 0.2421875 0.8828125 0.41015625 0.8828125 0.41015625 0.6699241078125
4 0.5234375 0.26171875 0.41992410781249995 0.26171875 0.41992410781249995 0.3847678578125 0.5234375 0.3847678578125 0.5234375 0.26171875