4 0.042254464062500004 0.9026033515625 0.000741071875 0.9026033515625 0.000741071875 0.9897988828125 0.042254464062500004 0.9897988828125 0.042254464062500004 0.9026033515625
8 0.7894732140625 0.6493519546875001 0.7627857140625001 0.6493519546875001 0.7627857140625001 0.6808938546875 0.7894732140625 0.6808938546875 0.7894732140625 0.6493519546875001
8 0.9666428578125 0.613173184375 0.923647321875 0.613173184375 0.923647321875 0.6428603359375 0.9666428578125 0.6428603359375 0.9666428578125 0.613173184375
8 0.9925892859375001 0.6827486031250001 0.9710892859375001 0.6827486031250001 0.9710892859375001 0.717072625 0.9925892859375001 0.717072625 0.9925892859375001 0.6827486031250001
8 0.761303571875 0.718 0.733875 0.718 0.733875 0.7439720671875001 0.761303571875 0.7439720671875001 0.761303571875 0.718
8 0.6931071421875 0.5927653625 0.647147321875 0.5927653625 0.647147321875 0.6187430171875 0.6931071421875 0.6187430171875 0.6931071421875 0.5927653625
8 0.7301696421874999 0.4155865921875 0.7042232140625 0.4155865921875 0.7042232140625 0.4619664796875 0.7301696421874999 0.4619664796875 0.7301696421874999 0.4155865921875
8 0.838397321875 0.36734636875 0.8139375 0.36734636875 0.8139375 0.3970335203125 0.838397321875 0.3970335203125 0.838397321875 0.36734636875
8 0.841366071875 0.2346927375 0.8124553578124999 0.2346927375 0.8124553578124999 0.2708715078125 0.841366071875 0.2708715078125 0.841366071875 0.2346927375
8 0.7642678578125001 0.246754190625 0.7235 0.246754190625 0.7235 0.28849720625 0.7642678578125001 0.28849720625 0.7642678578125001 0.246754190625
8 0.6760580359375 0.081631284375 0.6434375 0.081631284375 0.6434375 0.1298715078125 0.6760580359375 0.1298715078125 0.6760580359375 0.081631284375
8 0.6738303578125 0.1576983234375 0.6419553578125 0.1576983234375 0.6419553578125 0.19573184375 0.6738303578125 0.19573184375 0.6738303578125 0.1576983234375
8 0.910303571875 0.355290503125 0.8843571421875 0.355290503125 0.8843571421875 0.3951787703125 0.910303571875 0.3951787703125 0.910303571875 0.355290503125
8 0.8991830359374999 0.386826815625 0.8428482140625 0.386826815625 0.8428482140625 0.41373184375000005 0.8991830359374999 0.41373184375000005 0.8991830359374999 0.386826815625
8 0.6968125 0.92857541875 0.6627142859374999 0.92857541875 0.6627142859374999 0.95918994375 0.6968125 0.95918994375 0.6968125 0.92857541875
8 0.5693125 0.9693910609374999 0.5418839281250001 0.9693910609374999 0.5418839281250001 0.9990782125000001 0.5693125 0.9990782125000001 0.5693125 0.9693910609374999
8 0.4536696421875 0.871061453125 0.4203125 0.871061453125 0.4203125 0.8942513968749999 0.4536696421875 0.8942513968749999 0.4536696421875 0.871061453125
8 0.3328392859375 0.8766256984374999 0.303928571875 0.8766256984374999 0.303928571875 0.8951787703124999 0.3328392859375 0.8951787703124999 0.3328392859375 0.8766256984374999
8 0.265383928125 0.854363128125 0.2379553578125 0.854363128125 0.2379553578125 0.88219553125 0.265383928125 0.88219553125 0.265383928125 0.854363128125
7 0 0.6938826812500001 0.3558169640625 0.6938826812500001 0.3558169640625 0.1354357546875 0 0.1354357546875 0 0.6938826812500001
1 0.6530758921875 0.3330279328125 0.43810267812500003 0.3330279328125 0.43810267812500003 0.7013016765625 0.6530758921875 0.7013016765625 0.6530758921875 0.3330279328125
1 0.5997053578125 0.7597430171874999 0.357303571875 0.7597430171874999 0.357303571875 0.9814525140624999 0.5997053578125 0.9814525140624999 0.5997053578125 0.7597430171874999
1 0.9718303578124999 0.7653072625 0.733875 0.7653072625 0.733875 0.8831229046875 0.9718303578124999 0.8831229046875 0.9718303578124999 0.7653072625
1 0.8139375 0.518553071875 0.7538928578124999 0.518553071875 0.7538928578124999 0.628016759375 0.8139375 0.628016759375 0.8139375 0.518553071875
1 0.859897321875 0.3645642453125 0.78725 0.3645642453125 0.78725 0.4545474859375 0.859897321875 0.4545474859375 0.859897321875 0.3645642453125
1 0.968125 0.3024134078125 0.9140089281250001 0.3024134078125 0.9140089281250001 0.3849720671875 0.968125 0.3849720671875 0.968125 0.3024134078125
1 0.3143080359375 0.807983240625 0.2045982140625 0.807983240625 0.2045982140625 0.893324021875 0.3143080359375 0.893324021875 0.3143080359375 0.807983240625
1 0.3454419640625 0.75788826875 0.29948214218749997 0.75788826875 0.29948214218749997 0.82003910625 0.3454419640625 0.82003910625 0.3454419640625 0.75788826875
1 0.3454419640625 0.7207821234375 0.2683482140625 0.7207821234375 0.2683482140625 0.7643798875 0.3454419640625 0.7643798875 0.3454419640625 0.7207821234375
1 0.4269821421875 0.7597430171874999 0.298 0.7597430171874999 0.298 0.854363128125 0.4269821421875 0.854363128125 0.4269821421875 0.7597430171874999
8 0.8724999999999999 0.643787709375 0.8591562500000001 0.643787709375 0.8591562500000001 0.658631284375 0.8724999999999999 0.658631284375 0.8724999999999999 0.643787709375
8 0.5196428578125001 0.8348826812500001 0.5077857140625001 0.8348826812500001 0.5077857140625001 0.84972625625 0.5196428578125001 0.84972625625 0.5196428578125001 0.8348826812500001
8 0.4862857140625 0.8627094968750001 0.471459821875 0.8627094968750001 0.471459821875 0.8831229046875 0.4862857140625 0.8831229046875 0.4862857140625 0.8627094968750001
8 0.484803571875 0.9146592171875 0.4640491078125 0.9146592171875 0.4640491078125 0.92857541875 0.484803571875 0.92857541875 0.484803571875 0.9146592171875
8 0.42105357187500003 0.9499106140625001 0.4047455359375 0.9499106140625001 0.4047455359375 0.9675363125 0.42105357187500003 0.9675363125 0.42105357187500003 0.9499106140625001