7 0.531772321875 0.5657380953125 0.355727678125 0.5657380953125 0.355727678125 0.79815079375 0.531772321875 0.79815079375 0.531772321875 0.5657380953125
7 0.34895982187499996 0.6148174609375 0.258852678125 0.6148174609375 0.258852678125 0.7592619046875 0.34895982187499996 0.7592619046875 0.34895982187499996 0.6148174609375
7 0.405727678125 0.7703730156249999 0.319790178125 0.7703730156249999 0.319790178125 0.9055555562500001 0.405727678125 0.9055555562500001 0.405727678125 0.7703730156249999
8 0.23489732187499998 0.30184920625 0.225 0.30184920625 0.225 0.32315079375 0.23489732187499998 0.32315079375 0.23489732187499998 0.30184920625
8 0.540625 0.41018253906249996 0.513540178125 0.41018253906249996 0.513540178125 0.44629365156249995 0.540625 0.44629365156249995 0.540625 0.41018253906249996
8 0.490625 0.425 0.473959821875 0.425 0.473959821875 0.4537063484375 0.490625 0.4537063484375 0.490625 0.425
8 0.5796875 0.720373015625 0.558852678125 0.720373015625 0.558852678125 0.7685158734375 0.5796875 0.7685158734375 0.5796875 0.720373015625
8 0.594790178125 0.795373015625 0.570834821875 0.795373015625 0.570834821875 0.84815079375 0.594790178125 0.84815079375 0.594790178125 0.795373015625
8 0.545834821875 0.674071428125 0.5328125 0.674071428125 0.5328125 0.7074047625000001 0.545834821875 0.7074047625000001 0.545834821875 0.674071428125
8 0.5578125 0.7092619046874999 0.540625 0.7092619046874999 0.540625 0.7398174609375 0.5578125 0.7398174609375 0.5578125 0.7092619046874999
8 0.563540178125 0.7379603171875 0.545834821875 0.7379603171875 0.545834821875 0.7629603171875 0.563540178125 0.7629603171875 0.563540178125 0.7379603171875
8 0.569790178125 0.7629603171875 0.555727678125 0.7629603171875 0.555727678125 0.7916666671875 0.569790178125 0.7916666671875 0.569790178125 0.7629603171875
8 0.3796875 0.9407380953125 0.36458482187499996 0.9407380953125 0.36458482187499996 0.9694444437499999 0.3796875 0.9694444437499999 0.3796875 0.9407380953125
8 0.3265625 0.9037063484375001 0.30989732187499996 0.9037063484375001 0.30989732187499996 0.9305555562500001 0.3265625 0.9305555562500001 0.3265625 0.9037063484375001
8 0.4296875 0.8611111109375 0.4046875 0.8611111109375 0.4046875 0.9212936515625 0.4296875 0.9212936515625 0.4296875 0.8611111109375
8 0.4515625 0.8379603171875001 0.42760267812499997 0.8379603171875001 0.42760267812499997 0.86944444375 0.4515625 0.86944444375 0.4515625 0.8379603171875001
8 0.47760267812499996 0.8166666671874999 0.4546875 0.8166666671874999 0.4546875 0.8462936515624999 0.47760267812499996 0.8462936515624999 0.47760267812499996 0.8166666671874999
8 0.49583482187500005 0.8444444437499999 0.475 0.8444444437499999 0.475 0.90184920625 0.49583482187500005 0.90184920625 0.49583482187500005 0.8444444437499999
8 0.47083482187500003 0.85555555625 0.4515625 0.85555555625 0.4515625 0.9157380953125 0.47083482187500003 0.9157380953125 0.47083482187500003 0.85555555625
8 0.484897321875 0.9101825390625 0.473959821875 0.9101825390625 0.473959821875 0.9351825390625 0.484897321875 0.9351825390625 0.484897321875 0.9101825390625
8 0.473959821875 0.92315079375 0.45677232187500005 0.92315079375 0.45677232187500005 0.94815079375 0.473959821875 0.94815079375 0.473959821875 0.92315079375
8 0.408852678125 0.97315079375 0.388540178125 0.97315079375 0.388540178125 0.9962936515624999 0.408852678125 0.9962936515624999 0.408852678125 0.97315079375
8 0.494790178125 0.524071428125 0.4796875 0.524071428125 0.4796875 0.5601825390624999 0.494790178125 0.5601825390624999 0.494790178125 0.524071428125
8 0.505727678125 0.547222221875 0.49791517812499997 0.547222221875 0.49791517812499997 0.574071428125 0.505727678125 0.574071428125 0.505727678125 0.547222221875
8 0.542709821875 0.5601825390624999 0.508852678125 0.5601825390624999 0.508852678125 0.6120396828125 0.542709821875 0.6120396828125 0.542709821875 0.5601825390624999
8 0.5807276781249999 0.6240714281249999 0.569790178125 0.6240714281249999 0.569790178125 0.649071428125 0.5807276781249999 0.649071428125 0.5807276781249999 0.6240714281249999
8 0.22864732187499998 0.26481746093749997 0.21666517812500002 0.26481746093749997 0.21666517812500002 0.28055555625 0.22864732187499998 0.28055555625 0.22864732187499998 0.26481746093749997
8 0.41875 0.029626984375 0.366665178125 0.029626984375 0.366665178125 0.058333332812500006 0.41875 0.058333332812500006 0.41875 0.029626984375
8 0.463540178125 0.3657380953125 0.45520982187500003 0.3657380953125 0.45520982187500003 0.37962698437500003 0.463540178125 0.37962698437500003 0.463540178125 0.3657380953125
8 0.5052098218750001 0.3824047625 0.48802232187500005 0.3824047625 0.48802232187500005 0.40555555625000006 0.5052098218750001 0.40555555625000006 0.5052098218750001 0.3824047625