5 0.5527366078125 0.15234375 0.1425803578125 0.15234375 0.1425803578125 0.60546875 0.5527366078125 0.60546875 0.5527366078125 0.15234375
3 0.89453125 0.3203125 0.671875 0.3203125 0.671875 0.6152366078125 0.89453125 0.6152366078125 0.89453125 0.3203125
7 0.9785178578125 0.7675803578125 0.7480491078125 0.7675803578125 0.7480491078125 0.98046875 0.9785178578125 0.98046875 0.9785178578125 0.7675803578125
8 0.1347678578125 0.90234375 0.109375 0.90234375 0.109375 0.9296875 0.1347678578125 0.9296875 0.1347678578125 0.90234375
8 0.8515625 0.5292991078125 0.828125 0.5292991078125 0.828125 0.5644553578125 0.8515625 0.5644553578125 0.8515625 0.5292991078125
4 0.7988303578125 0.3457053578125 0.7578125 0.3457053578125 0.7578125 0.3828125 0.7988303578125 0.3828125 0.7988303578125 0.3457053578125
4 0.7402366078125 0.3730491078125 0.703125 0.3730491078125 0.703125 0.40625 0.7402366078125 0.40625 0.7402366078125 0.3730491078125
4 0.875 0.4140625 0.6875 0.4140625 0.6875 0.5058616078125 0.875 0.5058616078125 0.875 0.4140625
4 0.8359375 0.5058616078125 0.78125 0.5058616078125 0.78125 0.5332053578125 0.8359375 0.5332053578125 0.8359375 0.5058616078125
4 0.875 0.53515625 0.7578125 0.53515625 0.7578125 0.6035178578125 0.875 0.6035178578125 0.875 0.53515625
4 0.90234375 0.6347678578125 0.8574241078125 0.6347678578125 0.8574241078125 0.69140625 0.90234375 0.69140625 0.90234375 0.6347678578125