8 0.3808616078125 0.2578125 0.15625 0.2578125 0.15625 0.41015625 0.3808616078125 0.41015625 0.3808616078125 0.2578125
8 0.5800803578125 0.38671875 0.1699241078125 0.38671875 0.1699241078125 0.69921875 0.5800803578125 0.69921875 0.5800803578125 0.38671875
8 0.6230491078125 0.2832053578125 0.5488303578125 0.2832053578125 0.5488303578125 0.33984375 0.6230491078125 0.33984375 0.6230491078125 0.2832053578125
8 0.45117410781249995 0.04296875 0.3828125 0.04296875 0.3828125 0.125 0.45117410781249995 0.125 0.45117410781249995 0.04296875
8 0.8339866078125 0.2734375 0.6816428578125 0.2734375 0.6816428578125 0.3457053578125 0.8339866078125 0.3457053578125 0.8339866078125 0.2734375
8 0.9121116078125 0.2910178578125 0.85546875 0.2910178578125 0.85546875 0.3300803578125 0.9121116078125 0.3300803578125 0.9121116078125 0.2910178578125
8 0.9609375 0.28125 0.9199241078125 0.28125 0.9199241078125 0.3769553578125 0.9609375 0.3769553578125 0.9609375 0.28125
8 0.97265625 0.3574241078125 0.875 0.3574241078125 0.875 0.53515625 0.97265625 0.53515625 0.97265625 0.3574241078125
8 0.99609375 0.3300803578125 0.9785178578125 0.3300803578125 0.9785178578125 0.43359375 0.99609375 0.43359375 0.99609375 0.3300803578125
8 0.9082053578125 0.0371116078125 0.8671875 0.0371116078125 0.8671875 0.0859375 0.9082053578125 0.0859375 0.9082053578125 0.0371116078125
8 0.90234375 0.1074241078125 0.8535178578125 0.1074241078125 0.8535178578125 0.1621116078125 0.90234375 0.1621116078125 0.90234375 0.1074241078125
8 0.9394553578125 0.0800803578125 0.91796875 0.0800803578125 0.91796875 0.12109375 0.9394553578125 0.12109375 0.9394553578125 0.0800803578125
8 0.9765625 0.12890625 0.9472678578125 0.12890625 0.9472678578125 0.1933616078125 0.9765625 0.1933616078125 0.9765625 0.12890625
8 0.9550803578125 0.828125 0.9375 0.828125 0.9375 0.8847678578125 0.9550803578125 0.8847678578125 0.9550803578125 0.828125
1 0.703125 0.0097678578125 0.484375 0.0097678578125 0.484375 0.27734375 0.703125 0.27734375 0.703125 0.0097678578125