4 0.095625 0.15584357499999998 0.000741071875 0.15584357499999998 0.000741071875 0.28849720625 0.095625 0.28849720625 0.095625 0.15584357499999998
4 0.37138839218749997 0.46011173124999993 0.2609330359375 0.46011173124999993 0.2609330359375 0.5983351953125 0.37138839218749997 0.5983351953125 0.37138839218749997 0.46011173124999993
8 0.1245357140625 0.5120614531250001 0.0807991078125 0.5120614531250001 0.0807991078125 0.5723575421875 0.1245357140625 0.5723575421875 0.1245357140625 0.5120614531250001
8 0.0570803578125 0.63265363125 0.0281696421875 0.63265363125 0.0281696421875 0.6734748609375 0.0570803578125 0.6734748609375 0.0570803578125 0.63265363125
8 0.1052633921875 0.7903575421875 0.0682008921875 0.7903575421875 0.0682008921875 0.824675978125 0.1052633921875 0.824675978125 0.1052633921875 0.7903575421875
8 0.28836160781250003 0.859 0.2609330359375 0.859 0.2609330359375 0.8942513968749999 0.28836160781250003 0.8942513968749999 0.28836160781250003 0.859
8 0.48554464218750004 0.4118770953125 0.4455133921875 0.4118770953125 0.4455133921875 0.5139162015625 0.48554464218750004 0.5139162015625 0.48554464218750004 0.4118770953125
8 0.4551517859375 0.2003743015625 0.39140178593749997 0.2003743015625 0.39140178593749997 0.26252513906249997 0.4551517859375 0.26252513906249997 0.4551517859375 0.2003743015625
8 0.45737500000000003 0.3144748609375 0.4151205359375 0.3144748609375 0.4151205359375 0.359 0.45737500000000003 0.359 0.45737500000000003 0.3144748609375
8 0.4959241078125 0.3172569828125 0.46701339218750004 0.3172569828125 0.46701339218750004 0.362709496875 0.4959241078125 0.362709496875 0.4959241078125 0.3172569828125
8 0.4091919640625 0.34508379843750003 0.389178571875 0.34508379843750003 0.389178571875 0.36734636875 0.4091919640625 0.36734636875 0.4091919640625 0.34508379843750003
8 0.0296517859375 0.2680893859375 0.0022232140625000002 0.2680893859375 0.0022232140625000002 0.312614525 0.0296517859375 0.312614525 0.0296517859375 0.2680893859375
8 0.8124553578124999 0.25788826875000004 0.7642678578125001 0.25788826875000004 0.7642678578125001 0.3070502796875 0.8124553578124999 0.3070502796875 0.8124553578124999 0.25788826875000004
8 0.8287633921875001 0.2346927375 0.8072633921874999 0.2346927375 0.8072633921874999 0.27644134062500003 0.8287633921875001 0.27644134062500003 0.8287633921875001 0.2346927375
8 0.870272321875 0.2077932953125 0.841366071875 0.2077932953125 0.841366071875 0.2402625703125 0.870272321875 0.2402625703125 0.870272321875 0.2077932953125
8 0.838397321875 0.13358100625 0.779834821875 0.13358100625 0.779834821875 0.187385475 0.838397321875 0.187385475 0.838397321875 0.13358100625
8 0.8524821421875 0.11131843593749999 0.825053571875 0.11131843593749999 0.825053571875 0.14564245781250001 0.8524821421875 0.14564245781250001 0.8524821421875 0.11131843593749999
8 0.148258928125 0.004636871875 0.109709821875 0.004636871875 0.109709821875 0.05658659218749999 0.148258928125 0.05658659218749999 0.148258928125 0.004636871875
8 0.2045982140625 0.034324021875 0.1838392859375 0.034324021875 0.1838392859375 0.059368715625 0.2045982140625 0.059368715625 0.2045982140625 0.034324021875
8 0.3988125 0.5482402234375 0.3765758921875 0.5482402234375 0.3765758921875 0.5844189937500001 0.3988125 0.5844189937500001 0.3988125 0.5482402234375
8 0.6048928578125 0.4035251390625 0.5633794640625001 0.4035251390625 0.5633794640625001 0.4397039109375 0.6048928578125 0.4397039109375 0.6048928578125 0.4035251390625
8 0.5596741078125 0.4035251390625 0.5322455359375 0.4035251390625 0.5322455359375 0.42950279374999994 0.5596741078125 0.42950279374999994 0.5596741078125 0.4035251390625
8 0.5515178578125 0.4359944140625 0.5137142859375 0.4359944140625 0.5137142859375 0.4842346375 0.5515178578125 0.4842346375 0.5515178578125 0.4359944140625
3 0.5329866078125 0.4740279328125 0.511491071875 0.4740279328125 0.511491071875 0.503715084375 0.5329866078125 0.503715084375 0.5329866078125 0.4740279328125
3 0.5226071421875 0.57050279375 0.4988883921875 0.57050279375 0.4988883921875 0.6066815640625001 0.5226071421875 0.6066815640625001 0.5226071421875 0.57050279375
8 0.7976294640625 0.08534636875 0.7753883921875 0.08534636875 0.7753883921875 0.11781005625 0.7976294640625 0.11781005625 0.7976294640625 0.08534636875
8 0.0200133921875 0.472173184375 0.0022232140625000002 0.472173184375 0.0022232140625000002 0.5064972062499999 0.0200133921875 0.5064972062499999 0.0200133921875 0.472173184375
8 0.45218749999999996 0.1233798875 0.42994642812499995 0.1233798875 0.42994642812499995 0.1493519546875 0.45218749999999996 0.1493519546875 0.45218749999999996 0.1233798875
8 0.5003705359375 0.1660502796875 0.46701339218750004 0.1660502796875 0.46701339218750004 0.2003743015625 0.5003705359375 0.2003743015625 0.5003705359375 0.1660502796875
8 0.6434375 0.0064916203125 0.6241651781249999 0.0064916203125 0.6241651781249999 0.030614524999999997 0.6434375 0.030614524999999997 0.6434375 0.0064916203125
3 0.9785044640624999 0.3172569828125 0.7672366078125 0.3172569828125 0.7672366078125 0.4397039109375 0.9785044640624999 0.4397039109375 0.9785044640624999 0.3172569828125
3 0.9955535718749999 0.1929497203125 0.955522321875 0.1929497203125 0.955522321875 0.2792234640625 0.9955535718749999 0.2792234640625 0.9955535718749999 0.1929497203125
3 0.511491071875 0.16790502812500002 0.3187544640625 0.16790502812500002 0.3187544640625 0.3014860328125 0.511491071875 0.3014860328125 0.511491071875 0.16790502812500002
3 0.7383258921875 0.393324021875 0.5255758921875 0.393324021875 0.5255758921875 0.6029720671875001 0.7383258921875 0.6029720671875001 0.7383258921875 0.393324021875
3 0.46849553593750004 0.47866480468750006 0.3558169640625 0.47866480468750006 0.3558169640625 0.60018994375 0.46849553593750004 0.60018994375 0.46849553593750004 0.47866480468750006
3 0.5329866078125 0.8116927374999999 0.4277232140625 0.8116927374999999 0.4277232140625 0.8812625703125001 0.5329866078125 0.8812625703125001 0.5329866078125 0.8116927374999999
3 0.5003705359375 0 0.5003705359375 0.16048044687500002 0.664196428125 0.16048044687500002 0.664196428125 0 0.5003705359375 0
3 0.9006651781249999 0.000927375 0.716084821875 0.000927375 0.716084821875 0.2402625703125 0.9006651781249999 0.2402625703125 0.9006651781249999 0.000927375
3 0.9985178578125 0.40259776562500005 0.974053571875 0.40259776562500005 0.974053571875 0.464754190625 0.9985178578125 0.464754190625 0.9985178578125 0.40259776562500005