8 0.7109375 0.5800803578125 0.65234375 0.5800803578125 0.65234375 0.6640625 0.7109375 0.6640625 0.7109375 0.5800803578125
8 0.5703125 0.71875 0.5390625 0.71875 0.5390625 0.7792991078125 0.5703125 0.7792991078125 0.5703125 0.71875
8 0.19921875 0.3652366078125 0.125 0.3652366078125 0.125 0.4921875 0.19921875 0.4921875 0.19921875 0.3652366078125
4 0.5371116078125 0.7246116078125 0.421875 0.7246116078125 0.421875 0.9121116078125 0.5371116078125 0.9121116078125 0.5371116078125 0.7246116078125
4 0.48633035781249995 0.75390625 0.3222678578125 0.75390625 0.3222678578125 0.9902366078125 0.48633035781249995 0.9902366078125 0.48633035781249995 0.75390625
8 0.2558616078125 0.69921875 0.2089866078125 0.69921875 0.2089866078125 0.7558616078125 0.2558616078125 0.7558616078125 0.2558616078125 0.69921875
3 0.24609375 0.0683616078125 0.1503928578125 0.0683616078125 0.1503928578125 0.1660178578125 0.24609375 0.1660178578125 0.24609375 0.0683616078125
8 0.7714866078125 0.47265625 0.72265625 0.47265625 0.72265625 0.5527366078125 0.7714866078125 0.5527366078125 0.7714866078125 0.47265625
8 0.5605491078125 0.625 0.49023660781249995 0.625 0.49023660781249995 0.71875 0.5605491078125 0.71875 0.5605491078125 0.625
8 0.39453125 0.5136741078125 0.2558616078125 0.5136741078125 0.2558616078125 0.625 0.39453125 0.625 0.39453125 0.5136741078125
8 0.6191428578125 0.9453125 0.5683616078125 0.9453125 0.5683616078125 0.9863303578125 0.6191428578125 0.9863303578125 0.6191428578125 0.9453125
8 0.6015625 0.78515625 0.546875 0.78515625 0.546875 0.8730491078125 0.6015625 0.8730491078125 0.6015625 0.78515625
8 0.69921875 0.8203125 0.6464866078125 0.8203125 0.6464866078125 0.8730491078125 0.69921875 0.8730491078125 0.69921875 0.8203125
2 0.9921875 0.0019553578125 0.0019553578125 0.0019553578125 0.0019553578125 0.9941428578125 0.9921875 0.9941428578125 0.9921875 0.0019553578125
3 0.9042991078125 0.51171875 0.8515625 0.51171875 0.8515625 0.578125 0.9042991078125 0.578125 0.9042991078125 0.51171875
3 0.8828125 0.546875 0.8261741078125 0.546875 0.8261741078125 0.6074241078125 0.8828125 0.6074241078125 0.8828125 0.546875
3 0.8339866078125 0.5878928578125 0.8105491078125 0.5878928578125 0.8105491078125 0.6191428578125 0.8339866078125 0.6191428578125 0.8339866078125 0.5878928578125
3 0.8125 0.6230491078125 0.79296875 0.6230491078125 0.79296875 0.65234375 0.8125 0.65234375 0.8125 0.6230491078125
3 0.8730491078125 0.33203125 0.83984375 0.33203125 0.83984375 0.45508035781249995 0.8730491078125 0.45508035781249995 0.8730491078125 0.33203125
8 0.87109375 0.328125 0.8515625 0.328125 0.8515625 0.3652366078125 0.87109375 0.3652366078125 0.87109375 0.328125
8 0.8691428578125 0.3730491078125 0.83984375 0.3730491078125 0.83984375 0.44726785781249995 0.8691428578125 0.44726785781249995 0.8691428578125 0.3730491078125
8 0.2949241078125 0.19921875 0.25 0.19921875 0.25 0.2792991078125 0.2949241078125 0.2792991078125 0.2949241078125 0.19921875
8 0.2578125 0.3691428578125 0.2128928578125 0.3691428578125 0.2128928578125 0.42773660781249995 0.2578125 0.42773660781249995 0.2578125 0.3691428578125
4 0.2558616078125 0.3691428578125 0.2128928578125 0.3691428578125 0.2128928578125 0.41992410781249995 0.2558616078125 0.41992410781249995 0.2558616078125 0.3691428578125
4 0.1953125 0.375 0.1269553578125 0.375 0.1269553578125 0.47851785781249995 0.1953125 0.47851785781249995 0.1953125 0.375
4 0.48046875 0.5761741078125 0.44336160781249995 0.5761741078125 0.44336160781249995 0.62890625 0.48046875 0.62890625 0.48046875 0.5761741078125
8 0.41796875 0.9003928578125 0.3671875 0.9003928578125 0.3671875 0.9355491078125 0.41796875 0.9355491078125 0.41796875 0.9003928578125
8 0.47851785781249995 0.77734375 0.44726785781249995 0.77734375 0.44726785781249995 0.8105491078125 0.47851785781249995 0.8105491078125 0.47851785781249995 0.77734375
8 0.57421875 0.72265625 0.5488303578125 0.72265625 0.5488303578125 0.75 0.57421875 0.75 0.57421875 0.72265625