6 0.9774732140625 0.02322165 0.007241071875 0.02322165 0.007241071875 0.9688556703125 0.9774732140625 0.9688556703125 0.9774732140625 0.02322165
6 0.8407098218750001 0.72734020625 0.6242946421875 0.72734020625 0.6242946421875 0.979072165625 0.8407098218750001 0.979072165625 0.8407098218750001 0.72734020625
6 0.32099553593749997 0.48675257656250004 0.056316964062499995 0.48675257656250004 0.056316964062499995 0.9484226796874999 0.32099553593749997 0.9484226796874999 0.32099553593749997 0.48675257656250004
4 0.4448928578125 0.6771752578125 0.34754464218750003 0.6771752578125 0.34754464218750003 0.8165154640625 0.4448928578125 0.8165154640625 0.4448928578125 0.6771752578125
4 0.3596116078125 0.785860825 0.3242142859375 0.785860825 0.3242142859375 0.8555309281250001 0.3596116078125 0.8555309281250001 0.3596116078125 0.785860825
4 0.40466517812499997 0.5982216499999999 0.3555892859375 0.5982216499999999 0.3555892859375 0.65488144375 0.40466517812499997 0.65488144375 0.40466517812499997 0.5982216499999999
4 0.3370892859375 0.5109020625 0.280772321875 0.5109020625 0.280772321875 0.5935773203125 0.3370892859375 0.5935773203125 0.3370892859375 0.5109020625
5 0.5486741078125 0.4542371140625 0.3958169640625 0.4542371140625 0.3958169640625 0.6892525765624999 0.5486741078125 0.6892525765624999 0.5486741078125 0.4542371140625
3 0.7731294640625 0.207149484375 0.6870491078125001 0.207149484375 0.6870491078125001 0.29260824687500003 0.7731294640625 0.29260824687500003 0.7731294640625 0.207149484375
3 0.5132723218749999 0.14397938125 0.415125 0.14397938125 0.415125 0.2359432984375 0.5132723218749999 0.2359432984375 0.5132723218749999 0.14397938125
8 0.048272321875 0.752417525 0.033790178125 0.752417525 0.033790178125 0.778427834375 0.048272321875 0.778427834375 0.048272321875 0.752417525
8 0.8439241078125 0.84624226875 0.8254241078125 0.84624226875 0.8254241078125 0.863891753125 0.8439241078125 0.863891753125 0.8439241078125 0.84624226875
7 0.93403125 0.876891753125 0.8744955359375 0.876891753125 0.8744955359375 0.9688556703125 0.93403125 0.9688556703125 0.93403125 0.876891753125
7 0.6661294640625 0.941917525 0.5953348218750001 0.941917525 0.5953348218750001 0.999510309375 0.6661294640625 0.999510309375 0.6661294640625 0.941917525
7 0.2341116078125 0.7812164953125 0.06275 0.7812164953125 0.06275 0.999510309375 0.2341116078125 0.999510309375 0.2341116078125 0.7812164953125
7 0.0748169640625 0.72547938125 0.002415178125 0.72547938125 0.002415178125 0.90011855625 0.0748169640625 0.90011855625 0.0748169640625 0.72547938125
4 0.180209821875 0.8081546390625001 0.0844732140625 0.8081546390625001 0.0844732140625 0.8908298968749999 0.180209821875 0.8908298968749999 0.180209821875 0.8081546390625001