4 0.40029464218750005 0.44805586562500005 0.2787232140625 0.44805586562500005 0.2787232140625 0.5844189937500001 0.40029464218750005 0.5844189937500001 0.40029464218750005 0.44805586562500005
3 0.7657544640625 0.082558659375 0.7249821421875 0.082558659375 0.7249821421875 0.12894413437500002 0.7657544640625 0.12894413437500002 0.7657544640625 0.082558659375
3 0.928834821875 0.7198547484375 0.8888080359374999 0.7198547484375 0.8888080359374999 0.7643798875 0.928834821875 0.7643798875 0.928834821875 0.7198547484375
3 0.9925892859375001 0.6846033515625 0.9666428578125 0.6846033515625 0.9666428578125 0.730061453125 0.9925892859375001 0.730061453125 0.9925892859375001 0.6846033515625
8 0.1882857140625 0.42207821250000005 0.16679017812500002 0.42207821250000005 0.16679017812500002 0.472173184375 0.1882857140625 0.472173184375 0.1882857140625 0.42207821250000005
8 0.14084375 0.45269273749999994 0.11341517812499999 0.45269273749999994 0.11341517812499999 0.5064972062499999 0.14084375 0.5064972062499999 0.14084375 0.45269273749999994
8 0.61971875 0.5565865921875 0.5885848218749999 0.5565865921875 0.5885848218749999 0.6020446921875 0.61971875 0.6020446921875 0.61971875 0.5565865921875
8 0.7197946421875 0.58627374375 0.6597500000000001 0.58627374375 0.6597500000000001 0.6957374296875 0.7197946421875 0.6957374296875 0.7197946421875 0.58627374375
8 0.6315803578125 0.6651229046875 0.561897321875 0.6651229046875 0.561897321875 0.730061453125 0.6315803578125 0.730061453125 0.6315803578125 0.6651229046875
8 0.560415178125 0.6261620109375 0.52928125 0.6261620109375 0.52928125 0.658631284375 0.560415178125 0.658631284375 0.560415178125 0.6261620109375
8 0.5455892859375 0.6827486031250001 0.501852678125 0.6827486031250001 0.501852678125 0.730061453125 0.5455892859375 0.730061453125 0.5455892859375 0.6827486031250001
8 0.3899196421875 0.5909106140625 0.3654553578125 0.5909106140625 0.3654553578125 0.6243072625 0.3899196421875 0.6243072625 0.3899196421875 0.5909106140625
3 0.8154196421875 0.0324692734375 0.6315803578125 0.0324692734375 0.6315803578125 0.6660502796875 0.8154196421875 0.6660502796875 0.8154196421875 0.0324692734375
3 0.44106696406249996 0.0018547484375 0.1979241078125 0.0018547484375 0.1979241078125 0.13265363125000001 0.44106696406249996 0.13265363125000001 0.44106696406249996 0.0018547484375
3 0.4692366078125 0.1771787703125 0.3825044640625 0.1771787703125 0.3825044640625 0.30519553125 0.4692366078125 0.30519553125 0.4692366078125 0.1771787703125
3 0.6716071421875001 0.0018547484375 0.4692366078125 0.0018547484375 0.4692366078125 0.12430726249999999 0.6716071421875001 0.12430726249999999 0.6716071421875001 0.0018547484375
3 0.126758928125 0.2402625703125 0.081540178125 0.2402625703125 0.081540178125 0.29592178750000003 0.126758928125 0.29592178750000003 0.126758928125 0.2402625703125
3 0.1430669640625 0.141 0.11267410781250001 0.141 0.11267410781250001 0.1883128484375 0.1430669640625 0.1883128484375 0.1430669640625 0.141
3 0.7086741078125 0.859927375 0.670866071875 0.859927375 0.670866071875 0.9026033515625 0.7086741078125 0.9026033515625 0.7086741078125 0.859927375
3 0.8561919640625 0.737480446875 0.8287633921875001 0.737480446875 0.8287633921875001 0.761597765625 0.8561919640625 0.761597765625 0.8561919640625 0.737480446875
3 0.93625 0.807983240625 0.9117857140625001 0.807983240625 0.9117857140625001 0.840446928125 0.93625 0.840446928125 0.93625 0.807983240625
3 0.555227678125 0.7968491625 0.530022321875 0.7968491625 0.530022321875 0.8283910609375 0.555227678125 0.8283910609375 0.555227678125 0.7968491625
3 0.664196428125 0.41280446875 0.5359508921875 0.41280446875 0.5359508921875 0.502787709375 0.664196428125 0.502787709375 0.664196428125 0.41280446875
8 0.702741071875 0.8608547484375 0.6753169640625 0.8608547484375 0.6753169640625 0.8998156421875001 0.702741071875 0.8998156421875001 0.702741071875 0.8608547484375
8 0.9317991078125001 0.8126201125 0.9169776781250001 0.8126201125 0.9169776781250001 0.8348826812500001 0.9317991078125001 0.8348826812500001 0.9317991078125001 0.8126201125
8 0.851 0.744899440625 0.8361741078125 0.744899440625 0.8361741078125 0.7597430171874999 0.851 0.7597430171874999 0.851 0.744899440625
8 0.9859151781250001 0.6966648046875 0.9710892859375001 0.6966648046875 0.9710892859375001 0.7133631281249999 0.9859151781250001 0.7133631281249999 0.9859151781250001 0.6966648046875
7 0.8072633921874999 0.0751396640625 0.656040178125 0.0751396640625 0.656040178125 0.378480446875 0.8072633921874999 0.378480446875 0.8072633921874999 0.0751396640625
7 0.40622767812499994 0.0018547484375 0.302446428125 0.0018547484375 0.302446428125 0.0872011171875 0.40622767812499994 0.0872011171875 0.40622767812499994 0.0018547484375
7 0.955522321875 0.7708770953124999 0.7976294640625 0.7708770953124999 0.7976294640625 0.933212290625 0.955522321875 0.933212290625 0.955522321875 0.7708770953124999
7 0.7316517859375 0.8005586593749999 0.6226830359375 0.8005586593749999 0.6226830359375 0.901675978125 0.7316517859375 0.901675978125 0.7316517859375 0.8005586593749999
8 0.6619732140625 0.6827486031250001 0.6315803578125 0.6827486031250001 0.6315803578125 0.718927375 0.6619732140625 0.718927375 0.6619732140625 0.6827486031250001
8 0.6308392859375 0.5964748609375 0.615272321875 0.5964748609375 0.615272321875 0.6233798875 0.6308392859375 0.6233798875 0.6308392859375 0.5964748609375
8 0.22609374999999998 0.362709496875 0.2194196421875 0.362709496875 0.2194196421875 0.3729162015625 0.22609374999999998 0.3729162015625 0.22609374999999998 0.362709496875
3 0.2357321421875 0.3571452515625 0.2157142859375 0.3571452515625 0.2157142859375 0.379407821875 0.2357321421875 0.379407821875 0.2357321421875 0.3571452515625
3 0.136397321875 0.4582569828125 0.11860714218749999 0.4582569828125 0.11860714218749999 0.49350837968750005 0.136397321875 0.49350837968750005 0.136397321875 0.4582569828125