5 0.5136741078125 0.49804910781249995 0.0058616078125 0.49804910781249995 0.0058616078125 0.9824241078125 0.5136741078125 0.9824241078125 0.5136741078125 0.49804910781249995
7 0.9707053578125 0.72265625 0.5722678578125 0.72265625 0.5722678578125 0.98828125 0.9707053578125 0.98828125 0.9707053578125 0.72265625
1 0.265625 0.1796875 0.0410178578125 0.1796875 0.0410178578125 0.47461160781249995 0.265625 0.47461160781249995 0.265625 0.1796875
1 0.6894553578125 0.1464866078125 0.2753928578125 0.1464866078125 0.2753928578125 0.40039285781249995 0.6894553578125 0.40039285781249995 0.6894553578125 0.1464866078125
1 0.85546875 0.29296875 0.69140625 0.29296875 0.69140625 0.9160178578125 0.85546875 0.9160178578125 0.85546875 0.29296875
1 0.90625 0.140625 0.7871116078125 0.140625 0.7871116078125 0.2558616078125 0.90625 0.2558616078125 0.90625 0.140625
1 0.2578125 0.4140625 0.0996116078125 0.4140625 0.0996116078125 0.56640625 0.2578125 0.56640625 0.2578125 0.4140625
8 0.23828125 0.00390625 0.19921875 0.00390625 0.19921875 0.03515625 0.23828125 0.03515625 0.23828125 0.00390625
8 0.58984375 0.0175803578125 0.5488303578125 0.0175803578125 0.5488303578125 0.078125 0.58984375 0.078125 0.58984375 0.0175803578125
8 0.609375 0.0703125 0.5957053578125 0.0703125 0.5957053578125 0.0839866078125 0.609375 0.0839866078125 0.609375 0.0703125
8 0.5058616078125 0 0.5058616078125 0.01171875 0.52734375 0.01171875 0.52734375 0 0.5058616078125 0
8 0.5390625 0.0136741078125 0.5253928578125 0.0136741078125 0.5253928578125 0.03125 0.5390625 0.03125 0.5390625 0.0136741078125
8 0.55078125 0.0410178578125 0.51171875 0.0410178578125 0.51171875 0.06640625 0.55078125 0.06640625 0.55078125 0.0410178578125
8 0.80078125 0.0019553578125 0.6816428578125 0.0019553578125 0.6816428578125 0.0488303578125 0.80078125 0.0488303578125 0.80078125 0.0019553578125
8 0.8613303578125 0.03515625 0.8378928578125 0.03515625 0.8378928578125 0.0527366078125 0.8613303578125 0.0527366078125 0.8613303578125 0.03515625
8 0.8378928578125 0.0527366078125 0.8183616078125 0.0527366078125 0.8183616078125 0.0703125 0.8378928578125 0.0703125 0.8378928578125 0.0527366078125
8 0.81640625 0.5703125 0.7988303578125 0.5703125 0.7988303578125 0.59765625 0.81640625 0.59765625 0.81640625 0.5703125