4 0.9682812500000001 0.0461941171875 0.84975 0.0461941171875 0.84975 0.138582353125 0.9682812500000001 0.138582353125 0.9682812500000001 0.0461941171875
4 0.1786294640625 0.0483941171875 0.0651071421875 0.0483941171875 0.0651071421875 0.136382353125 0.1786294640625 0.136382353125 0.1786294640625 0.0483941171875
4 0.874790178125 0.8711 0.6560937499999999 0.8711 0.6560937499999999 0.998682353125 0.874790178125 0.998682353125 0.874790178125 0.8711
2 0.811352678125 0.0747941171875 0.2370625 0.0747941171875 0.2370625 0.9172941171875 0.811352678125 0.9172941171875 0.811352678125 0.0747941171875
4 0.40066964218749995 1 0.40066964218749995 0.9458882359375 0.220366071875 0.9458882359375 0.220366071875 1 0.40066964218749995 1
4 0.9015044640625 0.708317646875 0.8731205359375 0.708317646875 0.8731205359375 0.7457117640625001 0.9015044640625 0.7457117640625001 0.9015044640625 0.708317646875
4 0.520866071875 0.56093529375 0.5025044640624999 0.56093529375 0.5025044640624999 0.5917294125 0.520866071875 0.5917294125 0.520866071875 0.56093529375
4 0.50584375 0.23977058750000002 0.4841383921875 0.23977058750000002 0.4841383921875 0.2661705875 0.50584375 0.2661705875 0.50584375 0.23977058750000002
4 0.4607678578125 0.2551705875 0.44240178593749996 0.2551705875 0.44240178593749996 0.28596470625000003 0.4607678578125 0.28596470625000003 0.4607678578125 0.2551705875
4 0.1202008921875 0.2683705875 0.100165178125 0.2683705875 0.100165178125 0.29036470625 0.1202008921875 0.29036470625 0.1202008921875 0.2683705875
4 0.1602678578125 0.8227058828124999 0.1402321421875 0.8227058828124999 0.1402321421875 0.8491 0.1602678578125 0.8491 0.1602678578125 0.8227058828124999
4 0.435727678125 0.9348941171874999 0.41569196406250003 0.9348941171874999 0.41569196406250003 0.9612882359375 0.435727678125 0.9612882359375 0.435727678125 0.9348941171874999