3 0.489991071875 0.1196648046875 0.302446428125 0.1196648046875 0.302446428125 0.36734636875 0.489991071875 0.36734636875 0.489991071875 0.1196648046875
3 0.6078571421875 0.10111173124999999 0.5759821421875 0.10111173124999999 0.5759821421875 0.1502793296875 0.6078571421875 0.1502793296875 0.6078571421875 0.10111173124999999
3 0.8057812500000001 0.3756983234375 0.7316517859375 0.3756983234375 0.7316517859375 0.5176256984375 0.8057812500000001 0.5176256984375 0.8057812500000001 0.3756983234375
3 0.9962946421875 0.5083519546875 0.9532991078125 0.5083519546875 0.9532991078125 0.658631284375 0.9962946421875 0.658631284375 0.9962946421875 0.5083519546875
3 0.266866071875 0.08534636875 0.0526294640625 0.08534636875 0.0526294640625 0.28942458125 0.266866071875 0.28942458125 0.266866071875 0.08534636875
3 0.1252767859375 0.4851620109375 0.077834821875 0.4851620109375 0.077834821875 0.5436033515625 0.1252767859375 0.5436033515625 0.1252767859375 0.4851620109375
3 0.0548571421875 0.58627374375 0.0163080359375 0.58627374375 0.0163080359375 0.6734748609375 0.0548571421875 0.6734748609375 0.0548571421875 0.58627374375
3 0.0704241078125 0.8209664796875 0.0415133921875 0.8209664796875 0.0415133921875 0.893324021875 0.0704241078125 0.893324021875 0.0704241078125 0.8209664796875
3 0.5774642859375 0.514843575 0.521866071875 0.514843575 0.521866071875 0.6261620109375 0.5774642859375 0.6261620109375 0.5774642859375 0.514843575
8 0.6167544640625 0.1938770953125 0.5856205359375 0.1938770953125 0.5856205359375 0.2486089390625 0.6167544640625 0.2486089390625 0.6167544640625 0.1938770953125
8 0.612303571875 0.27179888281250003 0.578946428125 0.27179888281250003 0.578946428125 0.3571452515625 0.612303571875 0.3571452515625 0.612303571875 0.27179888281250003
8 0.6315803578125 0.373843575 0.5863616078125 0.373843575 0.5863616078125 0.4387765359375 0.6315803578125 0.4387765359375 0.6315803578125 0.373843575
8 0.6367678578125 0.4350670390625 0.6004464281249999 0.4350670390625 0.6004464281249999 0.47588268125 0.6367678578125 0.47588268125 0.6367678578125 0.4350670390625
8 0.615272321875 0.4693910609375 0.5922901781250001 0.4693910609375 0.5922901781250001 0.5083519546875 0.615272321875 0.5083519546875 0.615272321875 0.4693910609375
8 0.689397321875 0.5287597765625 0.6449241078125 0.5287597765625 0.6449241078125 0.5797821234375 0.689397321875 0.5797821234375 0.689397321875 0.5287597765625
8 0.6619732140625 0.597407821875 0.6308392859375 0.597407821875 0.6308392859375 0.6345083796875 0.6619732140625 0.6345083796875 0.6619732140625 0.597407821875
3 0.6545580359375001 0.807983240625 0.6263883921875 0.807983240625 0.6263883921875 0.84972625625 0.6545580359375001 0.84972625625 0.6545580359375001 0.807983240625
3 0.6619732140625 0.8348826812500001 0.6419553578125 0.8348826812500001 0.6419553578125 0.8692067046874999 0.6619732140625 0.8692067046874999 0.6619732140625 0.8348826812500001
3 0.7138616078125 0.8673519546874999 0.660491071875 0.8673519546874999 0.660491071875 0.940636871875 0.7138616078125 0.940636871875 0.7138616078125 0.8673519546874999
8 0.6856919640625 0.964754190625 0.6545580359375001 0.964754190625 0.6545580359375001 0.995363128125 0.6856919640625 0.995363128125 0.6856919640625 0.964754190625
8 0.642696428125 0.9712458093749999 0.62490625 0.9712458093749999 0.62490625 0.995363128125 0.642696428125 0.995363128125 0.642696428125 0.9712458093749999
3 0.483321428125 0.619670390625 0.4484821421875 0.619670390625 0.4484821421875 0.6753296093750001 0.483321428125 0.6753296093750001 0.483321428125 0.619670390625
3 0.41734821406249994 0.5176256984375 0.265383928125 0.5176256984375 0.265383928125 0.6567765359375 0.41734821406249994 0.6567765359375 0.41734821406249994 0.5176256984375
3 0.4358794640625 0.66326815625 0.37361160781249997 0.66326815625 0.37361160781249997 0.7346983234375 0.4358794640625 0.7346983234375 0.4358794640625 0.66326815625
3 0.734616071875 0.255100559375 0.690883928125 0.255100559375 0.690883928125 0.3460111734375 0.734616071875 0.3460111734375 0.734616071875 0.255100559375
8 0.7538928578124999 0.2671620109375 0.7353616078125 0.2671620109375 0.7353616078125 0.3024134078125 0.7538928578124999 0.3024134078125 0.7538928578124999 0.2671620109375
8 0.7635267859375 0.3024134078125 0.7509285718750001 0.3024134078125 0.7509285718750001 0.32838547500000004 0.7635267859375 0.32838547500000004 0.7635267859375 0.3024134078125
8 0.7168258921875 0.10296647968749999 0.6953303578125001 0.10296647968749999 0.6953303578125001 0.1465698328125 0.7168258921875 0.1465698328125 0.7168258921875 0.10296647968749999
8 0.747959821875 0.000927375 0.710897321875 0.000927375 0.710897321875 0.089055865625 0.747959821875 0.089055865625 0.747959821875 0.000927375
8 0.7664955359375 0.000927375 0.7487008921875 0.000927375 0.7487008921875 0.0380335203125 0.7664955359375 0.0380335203125 0.7664955359375 0.000927375
8 0.5863616078125 0.2486089390625 0.5448482140625 0.2486089390625 0.5448482140625 0.344156425 0.5863616078125 0.344156425 0.5863616078125 0.2486089390625
8 0.580428571875 0.347865921875 0.5455892859375 0.347865921875 0.5455892859375 0.4007430171875 0.580428571875 0.4007430171875 0.580428571875 0.347865921875
8 0.5819107140625001 0.43321229062500005 0.5537455359375001 0.43321229062500005 0.5537455359375001 0.49072625625 0.5819107140625001 0.49072625625 0.5819107140625001 0.43321229062500005
8 0.5722767859375 0.152134078125 0.5492946421875 0.152134078125 0.5492946421875 0.20872067031250002 0.5722767859375 0.20872067031250002 0.5722767859375 0.152134078125
8 0.7805803578125 0.5630837984375 0.7583392859375 0.5630837984375 0.7583392859375 0.60018994375 0.7805803578125 0.60018994375 0.7805803578125 0.5630837984375
3 0.7813214281249999 0.511134078125 0.7642678578125001 0.511134078125 0.7642678578125001 0.53896089375 0.7813214281249999 0.53896089375 0.7813214281249999 0.511134078125
3 0.8094866078124999 0.6020446921875 0.7768705359375 0.6020446921875 0.7768705359375 0.706865921875 0.8094866078124999 0.706865921875 0.8094866078124999 0.6020446921875
8 0.8969598218750001 0.32467597812500004 0.8665669640625 0.32467597812500004 0.8665669640625 0.44526815624999994 0.8969598218750001 0.44526815624999994 0.8969598218750001 0.32467597812500004
8 0.91771875 0.49350837968750005 0.891772321875 0.49350837968750005 0.891772321875 0.5714301671875 0.91771875 0.5714301671875 0.91771875 0.49350837968750005
8 0.9065982140625 0.2291284921875 0.8813928578124999 0.2291284921875 0.8813928578124999 0.27179888281250003 0.9065982140625 0.27179888281250003 0.9065982140625 0.2291284921875
8 0.8888080359374999 0.187385475 0.86434375 0.187385475 0.86434375 0.24118994374999997 0.8888080359374999 0.24118994374999997 0.8888080359374999 0.187385475
8 0.9977767859375 0.2439720671875 0.945883928125 0.2439720671875 0.945883928125 0.293134078125 0.9977767859375 0.293134078125 0.9977767859375 0.2439720671875
3 0.516678571875 0.760670390625 0.4862857140625 0.760670390625 0.4862857140625 0.8061284921875 0.516678571875 0.8061284921875 0.516678571875 0.760670390625
8 0.2965178578125 0.23005586562499997 0.283915178125 0.23005586562499997 0.283915178125 0.25324580937499996 0.2965178578125 0.25324580937499996 0.2965178578125 0.23005586562499997
8 0.3128258921875 0.2792234640625 0.30541071406250003 0.2792234640625 0.30541071406250003 0.2903519546875 0.3128258921875 0.2903519546875 0.3128258921875 0.2792234640625
8 0.4106741078125 0.1623407828125 0.37361160781249997 0.1623407828125 0.37361160781249997 0.25231843593750003 0.4106741078125 0.25231843593750003 0.4106741078125 0.1623407828125
8 0.4840625 0.16048044687500002 0.45218749999999996 0.16048044687500002 0.45218749999999996 0.22634636874999997 0.4840625 0.22634636874999997 0.4840625 0.16048044687500002
8 0.4610803578125 0.21892737499999998 0.447741071875 0.21892737499999998 0.447741071875 0.24118994374999997 0.4610803578125 0.24118994374999997 0.4610803578125 0.21892737499999998
8 0.44477232187500004 0.22356424531250002 0.432915178125 0.22356424531250002 0.432915178125 0.24211731875 0.44477232187500004 0.24211731875 0.44477232187500004 0.22356424531250002
8 0.4203125 0.1576983234375 0.4099330359375 0.1576983234375 0.4099330359375 0.17346927343750002 0.4203125 0.17346927343750002 0.4203125 0.1576983234375
8 0.3558169640625 0.1892402234375 0.335803571875 0.1892402234375 0.335803571875 0.20872067031250002 0.3558169640625 0.20872067031250002 0.3558169640625 0.1892402234375
8 0.35359375000000004 0.2365474859375 0.335803571875 0.2365474859375 0.335803571875 0.254173184375 0.35359375000000004 0.254173184375 0.35359375000000004 0.2365474859375
8 0.329133928125 0.23376536250000002 0.3180133921875 0.23376536250000002 0.3180133921875 0.246754190625 0.329133928125 0.246754190625 0.329133928125 0.23376536250000002
8 0.3684196421875 0.21150279374999997 0.35359375000000004 0.21150279374999997 0.35359375000000004 0.25046368750000003 0.3684196421875 0.25046368750000003 0.3684196421875 0.21150279374999997
8 0.37509375 0.27644134062500003 0.354334821875 0.27644134062500003 0.354334821875 0.2940670390625 0.37509375 0.2940670390625 0.37509375 0.27644134062500003
8 0.3454419640625 0.277368715625 0.3335803578125 0.277368715625 0.3335803578125 0.293134078125 0.3454419640625 0.293134078125 0.3454419640625 0.277368715625
8 0.443290178125 0.187385475 0.41586160781250003 0.187385475 0.41586160781250003 0.2179944140625 0.443290178125 0.2179944140625 0.443290178125 0.187385475
8 0.1452946421875 0.159553071875 0.1275 0.159553071875 0.1275 0.18089385468750002 0.1452946421875 0.18089385468750002 0.1452946421875 0.159553071875
8 0.0882142859375 0.13265363125000001 0.07635267812499999 0.13265363125000001 0.07635267812499999 0.14564245781250001 0.0882142859375 0.14564245781250001 0.0882142859375 0.13265363125000001
8 0.1060044640625 0.141927375 0.09340178593750001 0.141927375 0.09340178593750001 0.1651229046875 0.1060044640625 0.1651229046875 0.1060044640625 0.141927375
8 0.1275 0.16048044687500002 0.11638392812500001 0.16048044687500002 0.11638392812500001 0.17346927343750002 0.1275 0.17346927343750002 0.1275 0.16048044687500002
8 0.1890267859375 0.18645810000000002 0.1779107140625 0.18645810000000002 0.1779107140625 0.20130167656250003 0.1890267859375 0.20130167656250003 0.1890267859375 0.18645810000000002
8 0.1704955359375 0.1855307265625 0.158633928125 0.1855307265625 0.158633928125 0.20315642500000003 0.1704955359375 0.20315642500000003 0.1704955359375 0.1855307265625
8 0.134915178125 0.17996089375 0.117866071875 0.17996089375 0.117866071875 0.2077932953125 0.134915178125 0.2077932953125 0.134915178125 0.17996089375
8 0.3276517859375 0.4656815640625 0.302446428125 0.4656815640625 0.302446428125 0.5064972062499999 0.3276517859375 0.5064972062499999 0.3276517859375 0.4656815640625
8 0.0652321421875 0.8450893859375 0.045959821875 0.8450893859375 0.045959821875 0.8812625703125001 0.0652321421875 0.8812625703125001 0.0652321421875 0.8450893859375
8 0.040772321875 0.6029720671875001 0.01853125 0.6029720671875001 0.01853125 0.6623407828125 0.040772321875 0.6623407828125 0.040772321875 0.6029720671875001
8 0.096366071875 0.5 0.0837678578125 0.5 0.0837678578125 0.5213351953124999 0.096366071875 0.5213351953124999 0.096366071875 0.5
8 0.30466964218750003 0.5677206703125 0.29503124999999997 0.5677206703125 0.29503124999999997 0.5844189937500001 0.30466964218750003 0.5844189937500001 0.30466964218750003 0.5677206703125
8 0.46775446406250004 0.6298715078125 0.45218749999999996 0.6298715078125 0.45218749999999996 0.6549217875 0.46775446406250004 0.6549217875 0.46775446406250004 0.6298715078125
8 0.7123794640625001 0.8868324015625 0.702 0.8868324015625 0.702 0.9146592171875 0.7123794640625001 0.9146592171875 0.7123794640625001 0.8868324015625
8 0.6819866078125 0.900748603125 0.6619732140625 0.900748603125 0.6619732140625 0.9220837984375001 0.6819866078125 0.9220837984375001 0.6819866078125 0.900748603125
8 0.7702008921875 0.42950279374999994 0.7590803578124999 0.42950279374999994 0.7590803578124999 0.44805586562500005 0.7702008921875 0.44805586562500005 0.7702008921875 0.42950279374999994
8 0.7642678578125001 0.472173184375 0.7457366078125001 0.472173184375 0.7457366078125001 0.495363128125 0.7642678578125001 0.495363128125 0.7642678578125001 0.472173184375
8 0.77909375 0.48237430156250005 0.7679776781250001 0.48237430156250005 0.7679776781250001 0.5046424578125001 0.77909375 0.5046424578125001 0.77909375 0.48237430156250005
8 0.7235 0.25046368750000003 0.71534375 0.25046368750000003 0.71534375 0.2671620109375 0.7235 0.2671620109375 0.7235 0.25046368750000003
8 0.9948124999999999 0.5398882687500001 0.974053571875 0.5398882687500001 0.974053571875 0.5909106140625 0.9948124999999999 0.5909106140625 0.9948124999999999 0.5398882687500001
8 0.974053571875 0.5630837984375 0.959227678125 0.5630837984375 0.959227678125 0.5825642453125 0.974053571875 0.5825642453125 0.974053571875 0.5630837984375
8 0.9970357140624999 0.6020446921875 0.9844330359375 0.6020446921875 0.9844330359375 0.6243072625 0.9970357140624999 0.6243072625 0.9970357140624999 0.6020446921875
8 0.7175669640625 0.4582569828125 0.7034821421874999 0.4582569828125 0.7034821421874999 0.4777374296875 0.7175669640625 0.4777374296875 0.7175669640625 0.4582569828125
8 0.689397321875 0.9378491625 0.6797633921874999 0.9378491625 0.6797633921874999 0.9508379890624999 0.689397321875 0.9508379890624999 0.689397321875 0.9378491625
3 0.6108214281250001 0.7152178765625 0.5900669640625 0.7152178765625 0.5900669640625 0.744899440625 0.6108214281250001 0.744899440625 0.6108214281250001 0.7152178765625
3 0.498147321875 0.3840446921875 0.46256696406250003 0.3840446921875 0.46256696406250003 0.4341396640625 0.498147321875 0.4341396640625 0.498147321875 0.3840446921875
8 0.8169017859375 0.3172569828125 0.8057812500000001 0.3172569828125 0.8057812500000001 0.3339553078125 0.8169017859375 0.3339553078125 0.8169017859375 0.3172569828125
8 0.7924375 0.3144748609375 0.7828035718749999 0.3144748609375 0.7828035718749999 0.32838547500000004 0.7924375 0.32838547500000004 0.7924375 0.3144748609375
8 0.8332098218749999 0.464754190625 0.8161607140625 0.464754190625 0.8161607140625 0.49258100625 0.8332098218749999 0.49258100625 0.8332098218749999 0.464754190625
8 0.7946607140624999 0.0751396640625 0.7761294640624999 0.0751396640625 0.7761294640624999 0.098329609375 0.7946607140624999 0.098329609375 0.7946607140624999 0.0751396640625
7 0.1393616078125 0.2402625703125 0.0014821421875 0.2402625703125 0.0014821421875 0.613173184375 0.1393616078125 0.613173184375 0.1393616078125 0.2402625703125