4 0.0703125 0.6015625 0.0058616078125 0.6015625 0.0058616078125 0.71484375 0.0703125 0.71484375 0.0703125 0.6015625
8 0.8535178578125 0.4765625 0.8261741078125 0.4765625 0.8261741078125 0.5410178578125 0.8535178578125 0.5410178578125 0.8535178578125 0.4765625
2 0.7910178578125 0.15625 0.3515625 0.15625 0.3515625 0.8066428578125 0.7910178578125 0.8066428578125 0.7910178578125 0.15625
5 0.3515625 0.3964866078125 0.1855491078125 0.3964866078125 0.1855491078125 0.6230491078125 0.3515625 0.6230491078125 0.3515625 0.3964866078125
2 0.2519553578125 0.6386741078125 0.0371116078125 0.6386741078125 0.0371116078125 0.9863303578125 0.2519553578125 0.9863303578125 0.2519553578125 0.6386741078125
2 0.98046875 0.75390625 0.6074241078125 0.75390625 0.6074241078125 0.98046875 0.98046875 0.98046875 0.98046875 0.75390625
2 0.27734375 0.0566428578125 0.0136741078125 0.0566428578125 0.0136741078125 0.41796875 0.27734375 0.41796875 0.27734375 0.0566428578125
1 0.6269553578125 0.6074241078125 0.0703125 0.6074241078125 0.0703125 0.9785178578125 0.6269553578125 0.9785178578125 0.6269553578125 0.6074241078125
1 0.75390625 0.3203125 0.53125 0.3203125 0.53125 0.76953125 0.75390625 0.76953125 0.75390625 0.3203125
1 0.8808616078125 0.7890625 0.78125 0.7890625 0.78125 0.953125 0.8808616078125 0.953125 0.8808616078125 0.7890625
1 0.99609375 0.6035178578125 0.90625 0.6035178578125 0.90625 0.7285178578125 0.99609375 0.7285178578125 0.99609375 0.6035178578125
4 0.0859375 0.765625 0.025392857812500003 0.765625 0.025392857812500003 0.85546875 0.0859375 0.85546875 0.0859375 0.765625