3 0.968125 0.20222905 0.8480357140624999 0.20222905 0.8480357140624999 0.3608547484375 0.968125 0.3608547484375 0.968125 0.20222905
3 0.9473705359375 0.14749720625 0.9214241078125 0.14749720625 0.9214241078125 0.176251396875 0.9473705359375 0.176251396875 0.9473705359375 0.14749720625
3 0.92809375 0.387754190625 0.910303571875 0.387754190625 0.910303571875 0.4109497203125 0.92809375 0.4109497203125 0.92809375 0.387754190625
3 0.9903616078124999 0.3998156421875 0.9666428578125 0.3998156421875 0.9666428578125 0.4350670390625 0.9903616078124999 0.4350670390625 0.9903616078124999 0.3998156421875
3 0.9325446421875 0.42950279374999994 0.8495178578125 0.42950279374999994 0.8495178578125 0.525977653125 0.9325446421875 0.525977653125 0.9325446421875 0.42950279374999994
3 0.826540178125 0.5760670390625 0.716084821875 0.5760670390625 0.716084821875 0.6836759781249999 0.826540178125 0.6836759781249999 0.826540178125 0.5760670390625
3 0.9184598218750001 0.564938546875 0.8317276781249999 0.564938546875 0.8317276781249999 0.8218938546875 0.9184598218750001 0.8218938546875 0.9184598218750001 0.564938546875
3 0.9310580359375 0.8283910609375 0.8398794640625 0.8283910609375 0.8398794640625 0.9044581 0.9310580359375 0.9044581 0.9310580359375 0.8283910609375
3 0.6916249999999999 0.58627374375 0.6241651781249999 0.58627374375 0.6241651781249999 0.6836759781249999 0.6916249999999999 0.6836759781249999 0.6916249999999999 0.58627374375
8 0.29503124999999997 0.3209664796875 0.2542633921875 0.3209664796875 0.2542633921875 0.393324021875 0.29503124999999997 0.393324021875 0.29503124999999997 0.3209664796875
8 0.29503124999999997 0.1818212296875 0.244625 0.1818212296875 0.244625 0.21150279374999997 0.29503124999999997 0.21150279374999997 0.29503124999999997 0.1818212296875
8 0.32171875 0.2040837984375 0.25129910781250003 0.2040837984375 0.25129910781250003 0.2662346375 0.32171875 0.2662346375 0.32171875 0.2040837984375
8 0.1319508921875 0.030614524999999997 0.10452232187499999 0.030614524999999997 0.10452232187499999 0.059368715625 0.1319508921875 0.059368715625 0.1319508921875 0.030614524999999997
8 0.37361160781249997 0.0834860328125 0.34247767812499996 0.0834860328125 0.34247767812499996 0.10946368749999999 0.37361160781249997 0.10946368749999999 0.37361160781249997 0.0834860328125
8 0.4284642859375 0.12708938593750002 0.4040044640625 0.12708938593750002 0.4040044640625 0.1614134078125 0.4284642859375 0.1614134078125 0.4284642859375 0.12708938593750002
8 0.49221428593749994 0.153061453125 0.44699999999999995 0.153061453125 0.44699999999999995 0.192022346875 0.49221428593749994 0.192022346875 0.49221428593749994 0.153061453125
8 0.45663392812500003 0.20222905 0.4188303578125 0.20222905 0.4188303578125 0.2365474859375 0.45663392812500003 0.2365474859375 0.45663392812500003 0.20222905
8 0.45218749999999996 0.338592178125 0.4217946421875 0.338592178125 0.4217946421875 0.3812625703125 0.45218749999999996 0.3812625703125 0.45218749999999996 0.338592178125
8 0.3780580359375 0.27644134062500003 0.3558169640625 0.27644134062500003 0.3558169640625 0.3024134078125 0.3780580359375 0.3024134078125 0.3780580359375 0.27644134062500003
7 0.825053571875 0.7801508375 0.040772321875 0.7801508375 0.040772321875 0.9972234640625001 0.825053571875 0.9972234640625001 0.825053571875 0.7801508375
3 0.95996875 0.6753296093750001 0.9347678578125 0.6753296093750001 0.9347678578125 0.717072625 0.95996875 0.717072625 0.95996875 0.6753296093750001
5 0.6404732140625 0.0064916203125 0.0037053578125 0.0064916203125 0.0037053578125 0.66326815625 0.6404732140625 0.66326815625 0.6404732140625 0.0064916203125
3 0.8606383921875 0.14564245781250001 0.7850267859375 0.14564245781250001 0.7850267859375 0.2346927375 0.8606383921875 0.2346927375 0.8606383921875 0.14564245781250001
3 0.756116071875 0.245826815625 0.7220178578125 0.245826815625 0.7220178578125 0.2987039109375 0.756116071875 0.2987039109375 0.756116071875 0.245826815625
8 0.8932544640625 0.7977765359375 0.8850982140625 0.7977765359375 0.8850982140625 0.8116927374999999 0.8932544640625 0.8116927374999999 0.8932544640625 0.7977765359375
8 0.8880669640625 0.7745865921874999 0.8791696421875 0.7745865921874999 0.8791696421875 0.7866424578125 0.8880669640625 0.7866424578125 0.8880669640625 0.7745865921874999
8 0.9532991078125 0.6864581000000001 0.9384732140625 0.6864581000000001 0.9384732140625 0.7124357546875 0.9532991078125 0.7124357546875 0.9532991078125 0.6864581000000001
8 0.9006651781249999 0.86549720625 0.891772321875 0.86549720625 0.891772321875 0.8812625703125001 0.9006651781249999 0.8812625703125001 0.9006651781249999 0.86549720625
8 0.9080803578125 0.46382122968750006 0.8977008921875 0.46382122968750006 0.8977008921875 0.47681005625 0.9080803578125 0.47681005625 0.9080803578125 0.46382122968750006
8 0.9829508921875 0.4118770953125 0.9747946421875 0.4118770953125 0.9747946421875 0.4276480453125 0.9829508921875 0.4276480453125 0.9829508921875 0.4118770953125
8 0.8984419640624999 0.72727374375 0.8873258921874999 0.72727374375 0.8873258921874999 0.7430446921875 0.8984419640624999 0.7430446921875 0.8984419640624999 0.72727374375
8 0.8739821421875 0.718927375 0.8650848218749999 0.718927375 0.8650848218749999 0.7356256984375 0.8739821421875 0.7356256984375 0.8739821421875 0.718927375
8 0.922165178125 0.8719888265625 0.9110446421875 0.8719888265625 0.9110446421875 0.8877597765624999 0.922165178125 0.8877597765624999 0.922165178125 0.8719888265625
3 0.9977767859375 0.5269050281250001 0.9162321421874999 0.5269050281250001 0.9162321421874999 0.8831229046875 0.9977767859375 0.8831229046875 0.9977767859375 0.5269050281250001
3 0.5277991078125 0.7653072625 0.503334821875 0.7653072625 0.503334821875 0.791284915625 0.5277991078125 0.791284915625 0.5277991078125 0.7653072625
3 0.5478125 0.7662346375 0.5307633921875 0.7662346375 0.5307633921875 0.791284915625 0.5478125 0.791284915625 0.5478125 0.7662346375
3 0.285397321875 0.738407821875 0.2690892859375 0.738407821875 0.2690892859375 0.760670390625 0.285397321875 0.760670390625 0.285397321875 0.738407821875