4 0 0.99165363125 0.0437366078125 0.99165363125 0.0437366078125 0.9044581 0 0.9044581 0 0.99165363125
8 0.7412901781250001 0.40723463750000005 0.709415178125 0.40723463750000005 0.709415178125 0.46753631249999994 0.7412901781250001 0.46753631249999994 0.7412901781250001 0.40723463750000005
8 0.677540178125 0.401670390625 0.6597500000000001 0.401670390625 0.6597500000000001 0.4239329609375 0.677540178125 0.4239329609375 0.677540178125 0.401670390625
8 0.5581919640625 0.761597765625 0.5441071421875 0.761597765625 0.5441071421875 0.7838603359375 0.5581919640625 0.7838603359375 0.5581919640625 0.761597765625
8 0.7702008921875 0.13172625625 0.7531517859375 0.13172625625 0.7531517859375 0.159553071875 0.7702008921875 0.159553071875 0.7702008921875 0.13172625625
8 0.838397321875 0.10946368749999999 0.818383928125 0.10946368749999999 0.818383928125 0.1354357546875 0.838397321875 0.1354357546875 0.838397321875 0.10946368749999999
8 0.7894732140625 0.0408156421875 0.7672366078125 0.0408156421875 0.7672366078125 0.0714301671875 0.7894732140625 0.0714301671875 0.7894732140625 0.0408156421875
8 0.709415178125 0.0769944140625 0.6916249999999999 0.0769944140625 0.6916249999999999 0.097402234375 0.709415178125 0.097402234375 0.709415178125 0.0769944140625
8 0.7657544640625 0.0473072625 0.756116071875 0.0473072625 0.756116071875 0.0667932953125 0.7657544640625 0.0667932953125 0.7657544640625 0.0473072625
8 0.29503124999999997 0.60111731875 0.272053571875 0.60111731875 0.272053571875 0.6233798875 0.29503124999999997 0.6233798875 0.29503124999999997 0.60111731875
8 0.3639732140625 0.6224525140625 0.3350625 0.6224525140625 0.3350625 0.64749720625 0.3639732140625 0.64749720625 0.3639732140625 0.6224525140625
8 0.4151205359375 0.635441340625 0.40103571406249994 0.635441340625 0.40103571406249994 0.6549217875 0.4151205359375 0.6549217875 0.4151205359375 0.635441340625
8 0.4284642859375 0.6410055859375 0.41215624999999995 0.6410055859375 0.41215624999999995 0.659558659375 0.4284642859375 0.659558659375 0.4284642859375 0.6410055859375
8 0.5196428578125001 0.49814525156249995 0.503334821875 0.49814525156249995 0.503334821875 0.5176256984375 0.5196428578125001 0.5176256984375 0.5196428578125001 0.49814525156249995
8 0.46701339218750004 0.4842346375 0.45070535781250004 0.4842346375 0.45070535781250004 0.5055698328125 0.46701339218750004 0.5055698328125 0.46701339218750004 0.4842346375
8 0.6100803578125 0.4471284921875 0.5967366078125 0.4471284921875 0.5967366078125 0.46753631249999994 0.6100803578125 0.46753631249999994 0.6100803578125 0.4471284921875
8 0.6627142859374999 0.5018547484375 0.6449241078125 0.5018547484375 0.6449241078125 0.52226815625 0.6627142859374999 0.52226815625 0.6627142859374999 0.5018547484375
8 0.6048928578125 0.550094971875 0.5856205359375 0.550094971875 0.5856205359375 0.57050279375 0.6048928578125 0.57050279375 0.6048928578125 0.550094971875
8 0.5426249999999999 0.5519497203125 0.5226071421875 0.5519497203125 0.5226071421875 0.5686480453125 0.5426249999999999 0.5686480453125 0.5426249999999999 0.5519497203125
8 0.56115625 0.5445307265625 0.5426249999999999 0.5445307265625 0.5426249999999999 0.5640111734375 0.56115625 0.5640111734375 0.56115625 0.5445307265625
8 0.9036339281249999 0.338592178125 0.8747232140625 0.338592178125 0.8747232140625 0.3729162015625 0.9036339281249999 0.3729162015625 0.9036339281249999 0.338592178125
8 0.5596741078125 0.8116927374999999 0.5389196421875 0.8116927374999999 0.5389196421875 0.840446928125 0.5596741078125 0.840446928125 0.5596741078125 0.8116927374999999
8 0.587102678125 0.46753631249999994 0.5707946421875 0.46753631249999994 0.5707946421875 0.487944134375 0.587102678125 0.487944134375 0.587102678125 0.46753631249999994
8 0.5841383921875 0.49814525156249995 0.5663437499999999 0.49814525156249995 0.5663437499999999 0.518553071875 0.5841383921875 0.518553071875 0.5841383921875 0.49814525156249995
8 0.515196428125 0.5408212296875 0.5055580359375 0.5408212296875 0.5055580359375 0.562156425 0.515196428125 0.562156425 0.515196428125 0.5408212296875
8 0.34766517812500003 0.7903575421875 0.3328392859375 0.7903575421875 0.3328392859375 0.8181843578124999 0.34766517812500003 0.8181843578124999 0.34766517812500003 0.7903575421875
8 0.466272321875 0.6150279328125 0.43810267812500003 0.6150279328125 0.43810267812500003 0.644715084375 0.466272321875 0.644715084375 0.466272321875 0.6150279328125
7 0.464790178125 0.000927375 0.0889553578125 0.000927375 0.0889553578125 0.20964804531249998 0.464790178125 0.20964804531249998 0.464790178125 0.000927375
1 0.5900669640625 0.5 0.3009642859375 0.5 0.3009642859375 0.8608547484375 0.5900669640625 0.8608547484375 0.5900669640625 0.5
1 0.45070535781250004 0.5018547484375 0.18977232187499998 0.5018547484375 0.18977232187499998 0.6549217875 0.45070535781250004 0.6549217875 0.45070535781250004 0.5018547484375
1 0.6738303578125 0.014843575000000001 0.46997767812499996 0.014843575000000001 0.46997767812499996 0.4619664796875 0.6738303578125 0.4619664796875 0.6738303578125 0.014843575000000001
8 0.4729419640625 0.6502793296875 0.45663392812500003 0.6502793296875 0.45663392812500003 0.6799664796875 0.4729419640625 0.6799664796875 0.4729419640625 0.6502793296875
8 0.7249821421875 0.7792234640625 0.71534375 0.7792234640625 0.71534375 0.792212290625 0.7249821421875 0.792212290625 0.7249821421875 0.7792234640625
8 0.63825 0.7903575421875 0.6271294640625 0.7903575421875 0.6271294640625 0.80426815625 0.63825 0.80426815625 0.63825 0.7903575421875
8 0.45885714218749996 0.9155865921874999 0.451446428125 0.9155865921874999 0.451446428125 0.933212290625 0.45885714218749996 0.933212290625 0.45885714218749996 0.9155865921874999
8 0.4484821421875 0.9267206703124999 0.431428571875 0.9267206703124999 0.431428571875 0.948055865625 0.4484821421875 0.948055865625 0.4484821421875 0.9267206703124999