4 0.7285178578125 0.1347678578125 0.39453125 0.1347678578125 0.39453125 0.5 0.7285178578125 0.5 0.7285178578125 0.1347678578125
4 0 0.99609375 0.328125 0.99609375 0.328125 0.5722678578125 0 0.5722678578125 0 0.99609375
4 0.76953125 0.6621116078125 0.3417991078125 0.6621116078125 0.3417991078125 0.984375 0.76953125 0.984375 0.76953125 0.6621116078125
4 0.9277366078125 0.0996116078125 0.7910178578125 0.0996116078125 0.7910178578125 0.9277366078125 0.9277366078125 0.9277366078125 0.9277366078125 0.0996116078125
4 0.87109375 0.9589866078125 0.80078125 0.9589866078125 0.80078125 0.9941428578125 0.87109375 0.9941428578125 0.87109375 0.9589866078125
4 0.97265625 0.703125 0.9316428578125 0.703125 0.9316428578125 0.7871116078125 0.97265625 0.7871116078125 0.97265625 0.703125
4 0.9707053578125 0.0703125 0.9296875 0.0703125 0.9296875 0.12109375 0.9707053578125 0.12109375 0.9707053578125 0.0703125
4 0.5839866078125 0 0.5839866078125 0.0566428578125 0.7988303578125 0.0566428578125 0.7988303578125 0 0.5839866078125 0
4 0.3925803578125 0.046875 0.2421875 0.046875 0.2421875 0.2207053578125 0.3925803578125 0.2207053578125 0.3925803578125 0.046875
4 0.3652366078125 0.3125 0.15625 0.3125 0.15625 0.5078125 0.3652366078125 0.5078125 0.3652366078125 0.3125
4 0 0.3984375 0.1269553578125 0.3984375 0.1269553578125 0.0410178578125 0 0.0410178578125 0 0.3984375
4 0.14453125 0.41796875 0.00390625 0.41796875 0.00390625 0.56640625 0.14453125 0.56640625 0.14453125 0.41796875
4 0.76953125 0.51171875 0.3574241078125 0.51171875 0.3574241078125 0.6464866078125 0.76953125 0.6464866078125 0.76953125 0.51171875
4 0.203125 0 0.203125 0.046875 0.3984375 0.046875 0.3984375 0 0.203125 0
4 0.984375 0.0078125 0.01171875 0.0078125 0.01171875 0.9863303578125 0.984375 0.9863303578125 0.984375 0.0078125
4 0.7949241078125 0.05859375 0.6855491078125 0.05859375 0.6855491078125 0.3496116078125 0.7949241078125 0.3496116078125 0.7949241078125 0.05859375