4 0.1347678578125 0.52734375 0.05859375 0.52734375 0.05859375 0.68359375 0.1347678578125 0.68359375 0.1347678578125 0.52734375
4 0.1269553578125 0.7558616078125 0.046875 0.7558616078125 0.046875 0.8261741078125 0.1269553578125 0.8261741078125 0.1269553578125 0.7558616078125
4 0.98828125 0.2109375 0.94140625 0.2109375 0.94140625 0.3125 0.98828125 0.3125 0.98828125 0.2109375
4 0.6015625 0.0625 0.546875 0.0625 0.546875 0.09765625 0.6015625 0.09765625 0.6015625 0.0625
4 0.2578125 0.2265625 0.1230491078125 0.2265625 0.1230491078125 0.37109375 0.2578125 0.37109375 0.2578125 0.2265625
4 0.234375 0.3984375 0.1777366078125 0.3984375 0.1777366078125 0.484375 0.234375 0.484375 0.234375 0.3984375
4 0.41015625 0.3964866078125 0.26953125 0.3964866078125 0.26953125 0.6152366078125 0.41015625 0.6152366078125 0.41015625 0.3964866078125
4 0.5214866078125 0.6171875 0.3496116078125 0.6171875 0.3496116078125 0.80078125 0.5214866078125 0.80078125 0.5214866078125 0.6171875
4 0.6425803578125 0.7988303578125 0.4375 0.7988303578125 0.4375 0.9941428578125 0.6425803578125 0.9941428578125 0.6425803578125 0.7988303578125
5 0.3828125 0.0078125 0.0058616078125 0.0078125 0.0058616078125 0.98046875 0.3828125 0.98046875 0.3828125 0.0078125
3 0.17578125 0.7792991078125 0.1425803578125 0.7792991078125 0.1425803578125 0.8203125 0.17578125 0.8203125 0.17578125 0.7792991078125
8 0.92578125 0.2597678578125 0.8359375 0.2597678578125 0.8359375 0.42773660781249995 0.92578125 0.42773660781249995 0.92578125 0.2597678578125
7 0.9980491078125 0.69140625 0.69921875 0.69140625 0.69921875 0.9980491078125 0.9980491078125 0.9980491078125 0.9980491078125 0.69140625
2 0.9902366078125 0.0019553578125 0.05078125 0.0019553578125 0.05078125 0.9941428578125 0.9902366078125 0.9941428578125 0.9902366078125 0.0019553578125
4 0.921875 0.26953125 0.84375 0.26953125 0.84375 0.421875 0.921875 0.421875 0.921875 0.26953125