2 0.3125 0.140625 0.05078125 0.140625 0.05078125 0.453125 0.3125 0.453125 0.3125 0.140625
4 0.3457053578125 0.66015625 0.3046875 0.66015625 0.3046875 0.69921875 0.3457053578125 0.69921875 0.3457053578125 0.66015625
2 0.7871116078125 0.75 0.0449241078125 0.75 0.0449241078125 0.98828125 0.7871116078125 0.98828125 0.7871116078125 0.75
4 0.9941428578125 0.1191428578125 0.96484375 0.1191428578125 0.96484375 0.171875 0.9941428578125 0.171875 0.9941428578125 0.1191428578125
4 0.8496116078125 0.5019553578125 0.8183616078125 0.5019553578125 0.8183616078125 0.53515625 0.8496116078125 0.53515625 0.8496116078125 0.5019553578125
4 0.8652366078125 0.5761741078125 0.7890625 0.5761741078125 0.7890625 0.6464866078125 0.8652366078125 0.6464866078125 0.8652366078125 0.5761741078125
4 0.359375 0.6953125 0.3066428578125 0.6953125 0.3066428578125 0.7421875 0.359375 0.7421875 0.359375 0.6953125
4 0.484375 0.6347678578125 0.4140625 0.6347678578125 0.4140625 0.66796875 0.484375 0.66796875 0.484375 0.6347678578125
4 0.5136741078125 0.734375 0.47851785781249995 0.734375 0.47851785781249995 0.7714866078125 0.5136741078125 0.7714866078125 0.5136741078125 0.734375
4 0.5566428578125 0.9355491078125 0.47851785781249995 0.9355491078125 0.47851785781249995 0.9921875 0.5566428578125 0.9921875 0.5566428578125 0.9355491078125
4 0.28125 0.3261741078125 0.2265625 0.3261741078125 0.2265625 0.41992410781249995 0.28125 0.41992410781249995 0.28125 0.3261741078125