1 0 0.99609375 0.84375 0.99609375 0.84375 0.30078125 0 0.30078125 0 0.99609375
1 0.9941428578125 0.5097678578125 0.8457053578125 0.5097678578125 0.8457053578125 0.6875 0.9941428578125 0.6875 0.9941428578125 0.5097678578125
1 0.9863303578125 0.7832053578125 0.8984375 0.7832053578125 0.8984375 0.9199241078125 0.9863303578125 0.9199241078125 0.9863303578125 0.7832053578125
4 0.94921875 0.1484375 0.8671875 0.1484375 0.8671875 0.2324241078125 0.94921875 0.2324241078125 0.94921875 0.1484375
4 0.484375 0.84375 0.41015625 0.84375 0.41015625 0.91015625 0.484375 0.91015625 0.484375 0.84375
4 0 0.41796875 0.029299107812500003 0.41796875 0.029299107812500003 0.36328125 0 0.36328125 0 0.41796875
4 0.05859375 0.3125 0.0175803578125 0.3125 0.0175803578125 0.3496116078125 0.05859375 0.3496116078125 0.05859375 0.3125
4 0.9042991078125 0.5136741078125 0.859375 0.5136741078125 0.859375 0.5546875 0.9042991078125 0.5546875 0.9042991078125 0.5136741078125
4 0.7832053578125 0.625 0.7285178578125 0.625 0.7285178578125 0.6777366078125 0.7832053578125 0.6777366078125 0.7832053578125 0.625
4 0.328125 0.5839866078125 0.2832053578125 0.5839866078125 0.2832053578125 0.640625 0.328125 0.640625 0.328125 0.5839866078125
5 0.6074241078125 0.28125 0.47265625 0.28125 0.47265625 0.40234375 0.6074241078125 0.40234375 0.6074241078125 0.28125
8 0.63671875 0.8417991078125 0.5996116078125 0.8417991078125 0.5996116078125 0.90234375 0.63671875 0.90234375 0.63671875 0.8417991078125
8 0.5703125 0.8613303578125 0.5332053578125 0.8613303578125 0.5332053578125 0.8984375 0.5703125 0.8984375 0.5703125 0.8613303578125
8 0.92578125 0.515625 0.9082053578125 0.515625 0.9082053578125 0.5488303578125 0.92578125 0.5488303578125 0.92578125 0.515625
7 0.90625 0.8828125 0.7050803578125 0.8828125 0.7050803578125 0.9941428578125 0.90625 0.9941428578125 0.90625 0.8828125
4 0.0761741078125 0.1035178578125 0.029299107812500003 0.1035178578125 0.029299107812500003 0.16015625 0.0761741078125 0.16015625 0.0761741078125 0.1035178578125