8 0.3472232140625 0.02781005625 0.31527678593749997 0.02781005625 0.31527678593749997 0.0486648046875 0.3472232140625 0.0486648046875 0.3472232140625 0.02781005625
8 0.48611160781249996 0.02781005625 0.4638883921875 0.02781005625 0.4638883921875 0.041715084375 0.48611160781249996 0.041715084375 0.48611160781249996 0.02781005625
8 0.670834821875 0.060832401562500006 0.6305535718749999 0.060832401562500006 0.6305535718749999 0.097329609375 0.670834821875 0.097329609375 0.670834821875 0.060832401562500006
8 0.616665178125 0.069519553125 0.593053571875 0.069519553125 0.593053571875 0.08864245781249999 0.616665178125 0.08864245781249999 0.616665178125 0.069519553125
8 0.605553571875 0.0903798875 0.5847232140624999 0.0903798875 0.5847232140624999 0.104284915625 0.605553571875 0.104284915625 0.605553571875 0.0903798875
8 0.8 0.0764748609375 0.781946428125 0.0764748609375 0.781946428125 0.09559217812500001 0.8 0.09559217812500001 0.8 0.0764748609375
8 0.8541651781249999 0.1129720671875 0.7861116078125 0.1129720671875 0.7861116078125 0.159899440625 0.8541651781249999 0.159899440625 0.8541651781249999 0.1129720671875
8 0.7736116078124999 0.1112346375 0.7513883921875 0.1112346375 0.7513883921875 0.13904469218749999 0.7736116078124999 0.13904469218749999 0.7736116078124999 0.1112346375
8 0.7652767859375 0.13904469218749999 0.7486116078125 0.13904469218749999 0.7486116078125 0.15642458125 0.7652767859375 0.15642458125 0.7652767859375 0.13904469218749999
8 0.7527767859375001 0.1720670390625 0.725 0.1720670390625 0.725 0.20161452500000002 0.7527767859375001 0.20161452500000002 0.7527767859375001 0.1720670390625
8 0.6 0.15642458125 0.580553571875 0.15642458125 0.580553571875 0.168592178125 0.6 0.168592178125 0.6 0.15642458125
8 0.925 0.29373184375 0.9027767859375 0.29373184375 0.9027767859375 0.3128491625 0.925 0.3128491625 0.925 0.29373184375
8 0.7375 0.2763519546875 0.720834821875 0.2763519546875 0.720834821875 0.2954692734375 0.7375 0.2954692734375 0.7375 0.2763519546875
8 0.570834821875 0.298944134375 0.5513883921875 0.298944134375 0.5513883921875 0.3145865921875 0.570834821875 0.3145865921875 0.570834821875 0.298944134375
8 0.6527767859375 0.2763519546875 0.6361116078125 0.2763519546875 0.6361116078125 0.29199441406250004 0.6527767859375 0.29199441406250004 0.6527767859375 0.2763519546875
8 0.855553571875 0.380631284375 0.8305535718750001 0.380631284375 0.8305535718750001 0.3927988828125 0.855553571875 0.3927988828125 0.855553571875 0.380631284375
8 0.8097232140624999 0.67957541875 0.769446428125 0.67957541875 0.769446428125 0.7282458093749999 0.8097232140624999 0.7282458093749999 0.8097232140624999 0.67957541875
8 0.869446428125 0.789072625 0.8486116078125001 0.789072625 0.8486116078125001 0.8186201125 0.869446428125 0.8186201125 0.869446428125 0.789072625
8 0.820834821875 0.7543128484375 0.7888883921875001 0.7543128484375 0.7888883921875001 0.7716927375 0.820834821875 0.7716927375 0.820834821875 0.7543128484375
8 0.869446428125 0.8690279328124999 0.8541651781249999 0.8690279328124999 0.8541651781249999 0.8933575421875 0.869446428125 0.8933575421875 0.869446428125 0.8690279328124999
8 0.8472232140625 0.8933575421875 0.829165178125 0.8933575421875 0.829165178125 0.9420223468750001 0.8472232140625 0.9420223468750001 0.8472232140625 0.8933575421875
8 0.7291651781249999 0.740407821875 0.7083348218750001 0.740407821875 0.7083348218750001 0.7647430171875 0.7291651781249999 0.7647430171875 0.7291651781249999 0.740407821875
8 0.5361116078125 0.757787709375 0.518053571875 0.757787709375 0.518053571875 0.7786480453125 0.5361116078125 0.7786480453125 0.5361116078125 0.757787709375
8 0.719446428125 0.1998770953125 0.6930535718749999 0.1998770953125 0.6930535718749999 0.21551955312499999 0.719446428125 0.21551955312499999 0.719446428125 0.1998770953125
8 0.8902767859375 0.1338324015625 0.8569464281249999 0.1338324015625 0.8569464281249999 0.16685474843749998 0.8902767859375 0.16685474843749998 0.8902767859375 0.1338324015625
1 0.5847232140624999 0.02781005625 0.31388839218750003 0.02781005625 0.31388839218750003 0.43798882656250004 0.5847232140624999 0.43798882656250004 0.5847232140624999 0.02781005625
4 0.9111116078125001 0.7821229046875 0.879165178125 0.7821229046875 0.879165178125 0.8186201125 0.9111116078125001 0.8186201125 0.9111116078125001 0.7821229046875