2 0.9970357140624999 0.00834636875 0.005187499999999999 0.00834636875 0.005187499999999999 0.99165363125 0.9970357140624999 0.99165363125 0.9970357140624999 0.00834636875
3 0.20162946406249999 0.8441620109375 0.163084821875 0.8441620109375 0.163084821875 0.9128044687499999 0.20162946406249999 0.9128044687499999 0.20162946406249999 0.8441620109375
3 0.942178571875 0.8460167593750001 0.910303571875 0.8460167593750001 0.910303571875 0.900748603125 0.942178571875 0.900748603125 0.942178571875 0.8460167593750001
3 0.9540401781250001 0.612245809375 0.9229062499999999 0.612245809375 0.9229062499999999 0.66326815625 0.9540401781250001 0.66326815625 0.9540401781250001 0.612245809375
3 0.9525580359375001 0.4777374296875 0.9184598218750001 0.4777374296875 0.9184598218750001 0.5547318437500001 0.9525580359375001 0.5547318437500001 0.9525580359375001 0.4777374296875
3 0.5596741078125 0.58627374375 0.5389196421875 0.58627374375 0.5389196421875 0.6224525140625 0.5596741078125 0.6224525140625 0.5596741078125 0.58627374375
3 0.9132678578125001 0.2987039109375 0.819125 0.2987039109375 0.819125 0.3998156421875 0.9132678578125001 0.3998156421875 0.9132678578125001 0.2987039109375
3 0.9925892859375001 0.6734748609375 0.92809375 0.6734748609375 0.92809375 0.8682793296875 0.9925892859375001 0.8682793296875 0.9925892859375001 0.6734748609375
3 0.940696428125 0.44155865937499994 0.8813928578124999 0.44155865937499994 0.8813928578124999 0.5788547484375 0.940696428125 0.5788547484375 0.940696428125 0.44155865937499994
3 0.5908080359375 0.964754190625 0.48258035781249997 0.964754190625 0.48258035781249997 0.9990782125000001 0.5908080359375 0.9990782125000001 0.5908080359375 0.964754190625
8 0.43958482187500003 0.22356424531250002 0.32171875 0.22356424531250002 0.32171875 0.3024134078125 0.43958482187500003 0.3024134078125 0.43958482187500003 0.22356424531250002
8 0.5226071421875 0.16326815625 0.46997767812499996 0.16326815625 0.46997767812499996 0.21985474843750002 0.5226071421875 0.21985474843750002 0.5226071421875 0.16326815625
8 0.48554464218750004 0.4192960890625 0.4551517859375 0.4192960890625 0.4551517859375 0.4703184359375 0.48554464218750004 0.4703184359375 0.48554464218750004 0.4192960890625
8 0.6723482140625 0.0992569828125 0.6404732140625 0.0992569828125 0.6404732140625 0.15584357499999998 0.6723482140625 0.15584357499999998 0.6723482140625 0.0992569828125
8 0.6078571421875 0.11688268125000001 0.5811696421875 0.11688268125000001 0.5811696421875 0.1660502796875 0.6078571421875 0.1660502796875 0.6078571421875 0.11688268125000001
8 0.5648616078125 0.1493519546875 0.5389196421875 0.1493519546875 0.5389196421875 0.183675978125 0.5648616078125 0.183675978125 0.5648616078125 0.1493519546875
8 0.76871875 0.09091061406249999 0.6982946421875 0.09091061406249999 0.6982946421875 0.1391452515625 0.76871875 0.1391452515625 0.76871875 0.09091061406249999
8 0.8621205359375 0.07050279375 0.793178571875 0.07050279375 0.793178571875 0.13172625625 0.8621205359375 0.13172625625 0.8621205359375 0.07050279375
8 0.942178571875 0.0491675984375 0.873241071875 0.0491675984375 0.873241071875 0.1883128484375 0.942178571875 0.1883128484375 0.942178571875 0.0491675984375
8 0.9251294640625 0.192022346875 0.8576741078125 0.192022346875 0.8576741078125 0.2922067046875 0.9251294640625 0.2922067046875 0.9251294640625 0.192022346875
8 0.8443303578125001 0.13358100625 0.8220892859375001 0.13358100625 0.8220892859375001 0.175324021875 0.8443303578125001 0.175324021875 0.8443303578125001 0.13358100625
8 0.670866071875 0.628944134375 0.6271294640625 0.628944134375 0.6271294640625 0.6790391062500001 0.670866071875 0.6790391062500001 0.670866071875 0.628944134375
8 0.5967366078125 0.5018547484375 0.5745 0.5018547484375 0.5745 0.542675978125 0.5967366078125 0.542675978125 0.5967366078125 0.5018547484375
8 0.28317410781249996 0.5788547484375 0.25129910781250003 0.5788547484375 0.25129910781250003 0.63265363125 0.28317410781249996 0.63265363125 0.28317410781249996 0.5788547484375
8 0.552258928125 0.387754190625 0.5307633921875 0.387754190625 0.5307633921875 0.4192960890625 0.552258928125 0.4192960890625 0.552258928125 0.387754190625