8 0.5833973218749999 0.0408156421875 0.530022321875 0.0408156421875 0.530022321875 0.081631284375 0.5833973218749999 0.081631284375 0.5833973218749999 0.0408156421875
8 0.4610803578125 0.191094971875 0.4217946421875 0.191094971875 0.4217946421875 0.2792234640625 0.4610803578125 0.2792234640625 0.4610803578125 0.191094971875
8 0.6130446421875 0.1502793296875 0.5463303578125001 0.1502793296875 0.5463303578125001 0.25788826875000004 0.6130446421875 0.25788826875000004 0.6130446421875 0.1502793296875
8 0.6575223218749999 0.23748044687499997 0.6271294640625 0.23748044687499997 0.6271294640625 0.29592178750000003 0.6575223218749999 0.29592178750000003 0.6575223218749999 0.23748044687499997
8 0.5515178578125 0.36827374375 0.528540178125 0.36827374375 0.528540178125 0.39888826875 0.5515178578125 0.39888826875 0.5515178578125 0.36827374375
3 0.3654553578125 0.6512067046875 0.3009642859375 0.6512067046875 0.3009642859375 0.7504692734375 0.3654553578125 0.7504692734375 0.3654553578125 0.6512067046875
3 0.4091919640625 0.4350670390625 0.3684196421875 0.4350670390625 0.3684196421875 0.5055698328125 0.4091919640625 0.5055698328125 0.4091919640625 0.4350670390625
3 0.1601205359375 0.025044692187500002 0.07116517812499999 0.025044692187500002 0.07116517812499999 0.121519553125 0.1601205359375 0.121519553125 0.1601205359375 0.025044692187500002
8 0.714602678125 0.409094971875 0.6486294640625 0.409094971875 0.6486294640625 0.518553071875 0.714602678125 0.518553071875 0.714602678125 0.409094971875
8 0.6953303578125001 0.5361787703124999 0.6627142859374999 0.5361787703124999 0.6627142859374999 0.5751396640625 0.6953303578125001 0.5751396640625 0.6953303578125001 0.5361787703124999
8 0.7939196421875 0.3970335203125 0.7568571421875 0.3970335203125 0.7568571421875 0.479592178125 0.7939196421875 0.479592178125 0.7939196421875 0.3970335203125
8 0.83246875 0.47124580937499994 0.7761294640624999 0.47124580937499994 0.7761294640624999 0.534324021875 0.83246875 0.534324021875 0.83246875 0.47124580937499994
8 0.8791696421875 0.44155865937499994 0.8391383921875001 0.44155865937499994 0.8391383921875001 0.49814525156249995 0.8791696421875 0.49814525156249995 0.8791696421875 0.44155865937499994
8 0.9147500000000001 0.32653072656250004 0.86434375 0.32653072656250004 0.86434375 0.45176536250000005 0.9147500000000001 0.45176536250000005 0.9147500000000001 0.32653072656250004
8 0.9117857140625001 0.23748044687499997 0.895477678125 0.23748044687499997 0.895477678125 0.27365363125000003 0.9117857140625001 0.27365363125000003 0.9117857140625001 0.23748044687499997
8 0.9229062499999999 0.2792234640625 0.8969598218750001 0.2792234640625 0.8969598218750001 0.31168715156250004 0.9229062499999999 0.31168715156250004 0.9229062499999999 0.2792234640625
8 0.91771875 0.4656815640625 0.9021517859375001 0.4656815640625 0.9021517859375001 0.49814525156249995 0.91771875 0.49814525156249995 0.91771875 0.4656815640625
8 0.9340267859375 0.49814525156249995 0.9184598218750001 0.49814525156249995 0.9184598218750001 0.5241229046875 0.9340267859375 0.5241229046875 0.9340267859375 0.49814525156249995
8 0.9295758921875 0.5408212296875 0.9065982140625 0.5408212296875 0.9065982140625 0.5788547484375 0.9295758921875 0.5788547484375 0.9295758921875 0.5408212296875
8 0.9955535718749999 0.64749720625 0.9777633921875 0.64749720625 0.9777633921875 0.6836759781249999 0.9955535718749999 0.6836759781249999 0.9955535718749999 0.64749720625
3 0.8391383921875001 0.6679050281250001 0.7998526781249999 0.6679050281250001 0.7998526781249999 0.714290503125 0.8391383921875001 0.714290503125 0.8391383921875001 0.6679050281250001
3 0.6982946421875 0.64749720625 0.6760580359375 0.64749720625 0.6760580359375 0.6818212296875 0.6982946421875 0.6818212296875 0.6982946421875 0.64749720625
3 0.6597500000000001 0.769022346875 0.6286116078124999 0.769022346875 0.6286116078124999 0.807055865625 0.6597500000000001 0.807055865625 0.6597500000000001 0.769022346875
8 0.7272053578125 0.6938826812500001 0.70496875 0.6938826812500001 0.70496875 0.72634636875 0.7272053578125 0.72634636875 0.7272053578125 0.6938826812500001
8 0.7212767859375 0.7244916203125 0.6819866078125 0.7244916203125 0.6819866078125 0.7977765359375 0.7212767859375 0.7977765359375 0.7212767859375 0.7244916203125
8 0.7501875 0.760670390625 0.7323928578125 0.760670390625 0.7323928578125 0.8116927374999999 0.7501875 0.8116927374999999 0.7501875 0.760670390625
5 0.8080044640624999 0.24118994374999997 0.6997767859375 0.24118994374999997 0.6997767859375 0.33581005625000004 0.8080044640624999 0.33581005625000004 0.8080044640624999 0.24118994374999997
8 0.6308392859375 0.054731843749999995 0.61971875 0.054731843749999995 0.61971875 0.06864804531249999 0.6308392859375 0.06864804531249999 0.6308392859375 0.054731843749999995
8 0.6664196421875 0.000927375 0.6234241078125 0.000927375 0.6234241078125 0.025972067187499996 0.6664196421875 0.025972067187499996 0.6664196421875 0.000927375
8 0.58784375 0.016698323437500003 0.556709821875 0.016698323437500003 0.556709821875 0.038960893749999996 0.58784375 0.038960893749999996 0.58784375 0.016698323437500003
8 0.6130446421875 0.0055642453125 0.59303125 0.0055642453125 0.59303125 0.030614524999999997 0.6130446421875 0.030614524999999997 0.6130446421875 0.0055642453125
8 0.7976294640625 0.33581005625000004 0.7679776781250001 0.33581005625000004 0.7679776781250001 0.37477095 0.7976294640625 0.37477095 0.7976294640625 0.33581005625000004
8 0.8235714281250001 0.3135474859375 0.8050401781250001 0.3135474859375 0.8050401781250001 0.33488268125 0.8235714281250001 0.33488268125 0.8235714281250001 0.3135474859375
8 0.2935491078125 0.362709496875 0.2787232140625 0.362709496875 0.2787232140625 0.378480446875 0.2935491078125 0.378480446875 0.2935491078125 0.362709496875
8 0.290584821875 0.393324021875 0.266866071875 0.393324021875 0.266866071875 0.41280446875 0.290584821875 0.41280446875 0.290584821875 0.393324021875
8 0.0370625 0.355290503125 0.0281696421875 0.355290503125 0.0281696421875 0.36827374375 0.0370625 0.36827374375 0.0370625 0.355290503125
8 0.34025 0.705938546875 0.3283928578125 0.705938546875 0.3283928578125 0.7244916203125 0.34025 0.7244916203125 0.34025 0.705938546875
8 0.6508526781249999 0.785715084375 0.6434375 0.785715084375 0.6434375 0.8005586593749999 0.6508526781249999 0.8005586593749999 0.6508526781249999 0.785715084375
3 0.34025 0.3107597765625 0.25796874999999997 0.3107597765625 0.25796874999999997 0.4462011171875 0.34025 0.4462011171875 0.34025 0.3107597765625
3 0.042254464062500004 0.34508379843750003 0.0244642859375 0.34508379843750003 0.0244642859375 0.3766256984375 0.042254464062500004 0.3766256984375 0.042254464062500004 0.34508379843750003
3 0.870272321875 0.45269273749999994 0.8495178578125 0.45269273749999994 0.8495178578125 0.48237430156250005 0.870272321875 0.48237430156250005 0.870272321875 0.45269273749999994
7 0.39584821406250004 0.41280446875 0.0014821421875 0.41280446875 0.0014821421875 0.9990782125000001 0.39584821406250004 0.9990782125000001 0.39584821406250004 0.41280446875