6 0.5 0.44921875 0.3964866078125 0.44921875 0.3964866078125 0.7167991078125 0.5 0.7167991078125 0.5 0.44921875
6 0.46484375 0.7207053578125 0.2050803578125 0.7207053578125 0.2050803578125 0.9980491078125 0.46484375 0.9980491078125 0.46484375 0.7207053578125
4 0.15625 0.44921875 0.0410178578125 0.44921875 0.0410178578125 0.5996116078125 0.15625 0.5996116078125 0.15625 0.44921875
4 0.1660178578125 0.3261741078125 0.1035178578125 0.3261741078125 0.1035178578125 0.3964866078125 0.1660178578125 0.3964866078125 0.1660178578125 0.3261741078125
4 0.5644553578125 0 0.5644553578125 0.0722678578125 0.6621116078125 0.0722678578125 0.6621116078125 0 0.5644553578125 0
4 0.1035178578125 0.2128928578125 0.0566428578125 0.2128928578125 0.0566428578125 0.2910178578125 0.1035178578125 0.2910178578125 0.1035178578125 0.2128928578125
4 0.2871116078125 0.0234375 0.1386741078125 0.0234375 0.1386741078125 0.140625 0.2871116078125 0.140625 0.2871116078125 0.0234375
4 0.5761741078125 0.46875 0.5019553578125 0.46875 0.5019553578125 0.56640625 0.5761741078125 0.56640625 0.5761741078125 0.46875
4 0.47070535781249995 0.5488303578125 0.40820535781249995 0.5488303578125 0.40820535781249995 0.5917991078125 0.47070535781249995 0.5917991078125 0.47070535781249995 0.5488303578125
4 0.43554910781249995 0.453125 0.3984375 0.453125 0.3984375 0.5 0.43554910781249995 0.5 0.43554910781249995 0.453125
4 0.1113303578125 0.83984375 0.02734375 0.83984375 0.02734375 0.94140625 0.1113303578125 0.94140625 0.1113303578125 0.83984375
7 0.91796875 0.828125 0.6386741078125 0.828125 0.6386741078125 0.99609375 0.91796875 0.99609375 0.91796875 0.828125
5 0.7949241078125 0.30859375 0.3105491078125 0.30859375 0.3105491078125 0.7519553578125 0.7949241078125 0.7519553578125 0.7949241078125 0.30859375
4 0.41601785781249995 0.75 0.33203125 0.75 0.33203125 0.7988303578125 0.41601785781249995 0.7988303578125 0.41601785781249995 0.75
3 0.5605491078125 0.6171875 0.515625 0.6171875 0.515625 0.6660178578125 0.5605491078125 0.6660178578125 0.5605491078125 0.6171875
3 0.6464866078125 0.6328125 0.6074241078125 0.6328125 0.6074241078125 0.6796875 0.6464866078125 0.6796875 0.6464866078125 0.6328125
3 0.95703125 0.203125 0.9160178578125 0.203125 0.9160178578125 0.2519553578125 0.95703125 0.2519553578125 0.95703125 0.203125
4 0.16015625 0.1386741078125 0.078125 0.1386741078125 0.078125 0.21484375 0.16015625 0.21484375 0.16015625 0.1386741078125