4 0.2050803578125 0.30859375 0.1640625 0.30859375 0.1640625 0.40625 0.2050803578125 0.40625 0.2050803578125 0.30859375
4 0.34375 0.47070535781249995 0.30078125 0.47070535781249995 0.30078125 0.5703125 0.34375 0.5703125 0.34375 0.47070535781249995
4 0.40429910781249995 0.4609375 0.3496116078125 0.4609375 0.3496116078125 0.5 0.40429910781249995 0.5 0.40429910781249995 0.4609375
2 0.27734375 0.5546875 0.0019553578125 0.5546875 0.0019553578125 0.88671875 0.27734375 0.88671875 0.27734375 0.5546875
6 0.27734375 0.5566428578125 0.0019553578125 0.5566428578125 0.0019553578125 0.8847678578125 0.27734375 0.8847678578125 0.27734375 0.5566428578125
5 0.6582053578125 0.09765625 0.1582053578125 0.09765625 0.1582053578125 0.7988303578125 0.6582053578125 0.7988303578125 0.6582053578125 0.09765625
2 0.99609375 0.0019553578125 0.0019553578125 0.0019553578125 0.0019553578125 0.9941428578125 0.99609375 0.9941428578125 0.99609375 0.0019553578125
8 0.1621116078125 0.6542991078125 0.1269553578125 0.6542991078125 0.1269553578125 0.7011741078125 0.1621116078125 0.7011741078125 0.1621116078125 0.6542991078125
8 0.13671875 0.58984375 0.0859375 0.58984375 0.0859375 0.640625 0.13671875 0.640625 0.13671875 0.58984375
8 0.19921875 0.5605491078125 0.1640625 0.5605491078125 0.1640625 0.5996116078125 0.19921875 0.5996116078125 0.19921875 0.5605491078125
8 0.2265625 0.5566428578125 0.1972678578125 0.5566428578125 0.1972678578125 0.58203125 0.2265625 0.58203125 0.2265625 0.5566428578125
4 0.0859375 0.5 0.0058616078125 0.5 0.0058616078125 0.62109375 0.0859375 0.62109375 0.0859375 0.5
4 0.1191428578125 0.7109375 0.0605491078125 0.7109375 0.0605491078125 0.7910178578125 0.1191428578125 0.7910178578125 0.1191428578125 0.7109375
4 0.2421875 0.6816428578125 0.20703125 0.6816428578125 0.20703125 0.72265625 0.2421875 0.72265625 0.2421875 0.6816428578125