8 0.4647214609375 0.4869553578125 0.43803652968750006 0.4869553578125 0.43803652968750006 0.5130446421875 0.4647214609375 0.5130446421875 0.4647214609375 0.4869553578125
8 0.482511415625 0.46087053593749994 0.4624977171875 0.46087053593749994 0.4624977171875 0.4891294640625 0.482511415625 0.4891294640625 0.482511415625 0.46087053593749994
8 0.4335936078125 0.5152187500000001 0.4113561640625 0.5152187500000001 0.4113561640625 0.558696428125 0.4335936078125 0.558696428125 0.4335936078125 0.5152187500000001
8 0.5069680359375 0.5391294640625001 0.46916895 0.5391294640625001 0.46916895 0.5804330359375001 0.5069680359375 0.5804330359375001 0.5069680359375 0.5391294640625001
8 0.500296803125 0.7456517859375 0.44470776250000005 0.7456517859375 0.44470776250000005 0.8478258921874999 0.500296803125 0.8478258921874999 0.500296803125 0.7456517859375
8 0.44470776250000005 0.11521875 0.42247488593750004 0.11521875 0.42247488593750004 0.1456517859375 0.44470776250000005 0.1456517859375 0.44470776250000005 0.11521875
8 0.6048036531250001 0.16521875 0.511415525 0.16521875 0.511415525 0.21956696406249998 0.6048036531250001 0.21956696406249998 0.6048036531250001 0.16521875
8 0.055589040624999995 0.243477678125 0.028904109374999997 0.243477678125 0.028904109374999997 0.26956696406249997 0.055589040624999995 0.26956696406249997 0.055589040624999995 0.243477678125
8 0.08894063906250001 0.2543482140625 0.06893150625 0.2543482140625 0.06893150625 0.273915178125 0.08894063906250001 0.273915178125 0.08894063906250001 0.2543482140625
4 0 0.191303571875 0.1934474890625 0.191303571875 0.1934474890625 0.1195669640625 0 0.1195669640625 0 0.191303571875
4 0.2201324203125 0.906522321875 0.00222374375 0.906522321875 0.00222374375 0.9717410718749999 0.2201324203125 0.9717410718749999 0.2201324203125 0.906522321875
4 1 0.906522321875 0.7893607312500001 0.906522321875 0.7893607312500001 0.973915178125 1 0.973915178125 1 0.906522321875
5 0.5714520546874999 0.908696428125 0.33797716875 0.908696428125 0.33797716875 0.9847812499999999 0.5714520546874999 0.9847812499999999 0.5714520546874999 0.908696428125
5 0.671511415625 0.543477678125 0.5314292234375 0.543477678125 0.5314292234375 0.6456517859375001 0.671511415625 0.6456517859375001 0.671511415625 0.543477678125
7 0.6670639265625 0.13912946406249999 0.455826484375 0.13912946406249999 0.455826484375 0.273915178125 0.6670639265625 0.273915178125 0.6670639265625 0.13912946406249999