5 0.359375 0.3144553578125 0.0957053578125 0.3144553578125 0.0957053578125 0.6699241078125 0.359375 0.6699241078125 0.359375 0.3144553578125
7 0.34375 0.8457053578125 0.0605491078125 0.8457053578125 0.0605491078125 0.9824241078125 0.34375 0.9824241078125 0.34375 0.8457053578125
7 0.3300803578125 0.0019553578125 0.0644553578125 0.0019553578125 0.0644553578125 0.0917991078125 0.3300803578125 0.0917991078125 0.3300803578125 0.0019553578125
7 0 0.1953125 0.07421875 0.1953125 0.07421875 0.078125 0 0.078125 0 0.1953125
8 0.41211160781249995 0.54296875 0.3925803578125 0.54296875 0.3925803578125 0.5683616078125 0.41211160781249995 0.5683616078125 0.41211160781249995 0.54296875
4 0.33984375 0.2363303578125 0.28515625 0.2363303578125 0.28515625 0.2675803578125 0.33984375 0.2675803578125 0.33984375 0.2363303578125
4 0.37109375 0.26953125 0.35546875 0.26953125 0.35546875 0.28515625 0.37109375 0.28515625 0.37109375 0.26953125
4 0.4296875 0.2910178578125 0.40429910781249995 0.2910178578125 0.40429910781249995 0.3066428578125 0.4296875 0.3066428578125 0.4296875 0.2910178578125
4 0.265625 0.3769553578125 0.24609375 0.3769553578125 0.24609375 0.3964866078125 0.265625 0.3964866078125 0.265625 0.3769553578125
4 0.2207053578125 0.3496116078125 0.20703125 0.3496116078125 0.20703125 0.359375 0.2207053578125 0.359375 0.2207053578125 0.3496116078125
4 0.24609375 0.31640625 0.2207053578125 0.31640625 0.2207053578125 0.3378928578125 0.24609375 0.3378928578125 0.24609375 0.31640625
4 0.296875 0.3574241078125 0.26953125 0.3574241078125 0.26953125 0.3886741078125 0.296875 0.3886741078125 0.296875 0.3574241078125
4 0.2988303578125 0.46289285781249995 0.28125 0.46289285781249995 0.28125 0.47851785781249995 0.2988303578125 0.47851785781249995 0.2988303578125 0.46289285781249995