4 0.296875 0.2265625 0.12109375 0.2265625 0.12109375 0.48828125 0.296875 0.48828125 0.296875 0.2265625
4 0.6191428578125 0.43359375 0.31640625 0.43359375 0.31640625 0.9902366078125 0.6191428578125 0.9902366078125 0.6191428578125 0.43359375
4 0.1464866078125 0.515625 0.0527366078125 0.515625 0.0527366078125 0.69140625 0.1464866078125 0.69140625 0.1464866078125 0.515625
4 0.98828125 0.21484375 0.9296875 0.21484375 0.9296875 0.3203125 0.98828125 0.3203125 0.98828125 0.21484375
4 0.625 0.0488303578125 0.5527366078125 0.0488303578125 0.5527366078125 0.125 0.625 0.125 0.625 0.0488303578125
5 0.4921875 0.11328125 0.0078125 0.11328125 0.0078125 0.9765625 0.4921875 0.9765625 0.4921875 0.11328125
7 0.9980491078125 0.72265625 0.7285178578125 0.72265625 0.7285178578125 0.9921875 0.9980491078125 0.9921875 0.9980491078125 0.72265625
4 0.359375 0.34375 0.328125 0.34375 0.328125 0.3730491078125 0.359375 0.3730491078125 0.359375 0.34375
4 0.1113303578125 0.76171875 0.046875 0.76171875 0.046875 0.8222678578125 0.1113303578125 0.8222678578125 0.1113303578125 0.76171875
4 0.9160178578125 0.265625 0.83984375 0.265625 0.83984375 0.43164285781249995 0.9160178578125 0.43164285781249995 0.9160178578125 0.265625
8 0.9140625 0.265625 0.8417991078125 0.265625 0.8417991078125 0.4296875 0.9140625 0.4296875 0.9140625 0.265625
8 0.8378928578125 0.5703125 0.7988303578125 0.5703125 0.7988303578125 0.7050803578125 0.8378928578125 0.7050803578125 0.8378928578125 0.5703125
8 0.54296875 0.8046875 0.48242410781249995 0.8046875 0.48242410781249995 0.86328125 0.54296875 0.86328125 0.54296875 0.8046875
4 0.1699241078125 0.7753928578125 0.14453125 0.7753928578125 0.14453125 0.8027366078125 0.1699241078125 0.8027366078125 0.1699241078125 0.7753928578125