8 0.0800803578125 0.35546875 0.0097678578125 0.35546875 0.0097678578125 0.85546875 0.0800803578125 0.85546875 0.0800803578125 0.35546875
8 0.3066428578125 0.7578125 0.1933616078125 0.7578125 0.1933616078125 0.9902366078125 0.3066428578125 0.9902366078125 0.3066428578125 0.7578125
8 0.52734375 0.75390625 0.375 0.75390625 0.375 0.9589866078125 0.52734375 0.9589866078125 0.52734375 0.75390625
8 0.41015625 0.5 0.3339866078125 0.5 0.3339866078125 0.7050803578125 0.41015625 0.7050803578125 0.41015625 0.5
8 0.70703125 0.3261741078125 0.6269553578125 0.3261741078125 0.6269553578125 0.48046875 0.70703125 0.48046875 0.70703125 0.3261741078125
8 0.6269553578125 0.4921875 0.5761741078125 0.4921875 0.5761741078125 0.62890625 0.6269553578125 0.62890625 0.6269553578125 0.4921875
3 0.44140625 0.0566428578125 0.375 0.0566428578125 0.375 0.1386741078125 0.44140625 0.1386741078125 0.44140625 0.0566428578125
3 0.18359375 0.0839866078125 0.1328125 0.0839866078125 0.1328125 0.19921875 0.18359375 0.19921875 0.18359375 0.0839866078125
8 0.2011741078125 0.546875 0.1152366078125 0.546875 0.1152366078125 0.6699241078125 0.2011741078125 0.6699241078125 0.2011741078125 0.546875
2 0.85546875 0.0136741078125 0.5136741078125 0.0136741078125 0.5136741078125 0.2285178578125 0.85546875 0.2285178578125 0.85546875 0.0136741078125
4 0.984375 0.0625 0.8769553578125 0.0625 0.8769553578125 0.1699241078125 0.984375 0.1699241078125 0.984375 0.0625
2 0.7128928578125 0.78515625 0.2675803578125 0.78515625 0.2675803578125 0.9765625 0.7128928578125 0.9765625 0.7128928578125 0.78515625
2 0.953125 0.1933616078125 0.3183616078125 0.1933616078125 0.3183616078125 0.96484375 0.953125 0.96484375 0.953125 0.1933616078125
8 0.46289285781249995 0.30078125 0.42578125 0.30078125 0.42578125 0.3300803578125 0.46289285781249995 0.3300803578125 0.46289285781249995 0.30078125
8 0.484375 0.33984375 0.453125 0.33984375 0.453125 0.47265625 0.484375 0.47265625 0.484375 0.33984375
8 0.44921875 0.4765625 0.3613303578125 0.4765625 0.3613303578125 0.56640625 0.44921875 0.56640625 0.44921875 0.4765625
8 0.40429910781249995 0.921875 0.3378928578125 0.921875 0.3378928578125 0.9609375 0.40429910781249995 0.9609375 0.40429910781249995 0.921875
8 0.2265625 0.025392857812500003 0.1796875 0.025392857812500003 0.1796875 0.0546875 0.2265625 0.0546875 0.2265625 0.025392857812500003
8 0.1640625 0.1152366078125 0.1425803578125 0.1152366078125 0.1425803578125 0.1386741078125 0.1640625 0.1386741078125 0.1640625 0.1152366078125
3 0.1386741078125 0.7089866078125 0.1074241078125 0.7089866078125 0.1074241078125 0.7421875 0.1386741078125 0.7421875 0.1386741078125 0.7089866078125
4 0.87109375 0.0058616078125 0.796875 0.0058616078125 0.796875 0.0488303578125 0.87109375 0.0488303578125 0.87109375 0.0058616078125
4 0.41992410781249995 0.05859375 0.38671875 0.05859375 0.38671875 0.09375 0.41992410781249995 0.09375 0.41992410781249995 0.05859375
4 0.1328125 0.8613303578125 0.0722678578125 0.8613303578125 0.0722678578125 0.9824241078125 0.1328125 0.9824241078125 0.1328125 0.8613303578125
4 0.328125 0.76953125 0.203125 0.76953125 0.203125 0.99609375 0.328125 0.99609375 0.328125 0.76953125
4 0.3984375 0.59375 0.3378928578125 0.59375 0.3378928578125 0.7109375 0.3984375 0.7109375 0.3984375 0.59375
4 0.72265625 0.49609375 0.6875 0.49609375 0.6875 0.5410178578125 0.72265625 0.5410178578125 0.72265625 0.49609375
4 0.69921875 0.3808616078125 0.64453125 0.3808616078125 0.64453125 0.45117410781249995 0.69921875 0.45117410781249995 0.69921875 0.3808616078125
4 0.69140625 0.3261741078125 0.6152366078125 0.3261741078125 0.6152366078125 0.42578125 0.69140625 0.42578125 0.69140625 0.3261741078125
4 0.4921875 0.3339866078125 0.45117410781249995 0.3339866078125 0.45117410781249995 0.39453125 0.4921875 0.39453125 0.4921875 0.3339866078125
4 0.46679910781249995 0.2988303578125 0.41796875 0.2988303578125 0.41796875 0.3378928578125 0.46679910781249995 0.3378928578125 0.46679910781249995 0.2988303578125
8 0.12109375 0.8652366078125 0.0761741078125 0.8652366078125 0.0761741078125 0.98046875 0.12109375 0.98046875 0.12109375 0.8652366078125