4 0.6230491078125 0.57421875 0.3769553578125 0.57421875 0.3769553578125 0.76171875 0.6230491078125 0.76171875 0.6230491078125 0.57421875
4 0.4921875 0.8105491078125 0.2636741078125 0.8105491078125 0.2636741078125 0.88671875 0.4921875 0.88671875 0.4921875 0.8105491078125
4 0.859375 0.0136741078125 0.4921875 0.0136741078125 0.4921875 0.4140625 0.859375 0.4140625 0.859375 0.0136741078125
4 0.5546875 0.029299107812500003 0.3808616078125 0.029299107812500003 0.3808616078125 0.203125 0.5546875 0.203125 0.5546875 0.029299107812500003
4 0.3847678578125 0.3496116078125 0.2246116078125 0.3496116078125 0.2246116078125 0.5058616078125 0.3847678578125 0.5058616078125 0.3847678578125 0.3496116078125
4 0.6191428578125 0.30859375 0.3925803578125 0.30859375 0.3925803578125 0.5722678578125 0.6191428578125 0.5722678578125 0.6191428578125 0.30859375
4 0.2753928578125 0.57421875 0.0488303578125 0.57421875 0.0488303578125 0.8496116078125 0.2753928578125 0.8496116078125 0.2753928578125 0.57421875
4 0.3691428578125 0.8925803578125 0.0527366078125 0.8925803578125 0.0527366078125 0.96875 0.3691428578125 0.96875 0.3691428578125 0.8925803578125
4 0.7792991078125 0.41992410781249995 0.62109375 0.41992410781249995 0.62109375 0.671875 0.7792991078125 0.671875 0.7792991078125 0.41992410781249995
5 0.55078125 0.025392857812500003 0.25390625 0.025392857812500003 0.25390625 0.34765625 0.55078125 0.34765625 0.55078125 0.025392857812500003
2 0.9921875 0.00390625 0.0058616078125 0.00390625 0.0058616078125 0.9941428578125 0.9921875 0.9941428578125 0.9921875 0.00390625