2 0.818031390625 0.0131403515625 0.23684305 0.0131403515625 0.23684305 0.9003099421874999 0.818031390625 0.9003099421874999 0.818031390625 0.0131403515625
4 0.9708878921874999 0.037239765625 0.8499461890625 0.037239765625 0.8499461890625 0.14895906406249998 0.9708878921874999 0.14895906406249998 0.9708878921874999 0.037239765625
4 0.17973094218750002 0.037239765625 0.063829596875 0.037239765625 0.063829596875 0.14895906406249998 0.17973094218750002 0.14895906406249998 0.17973094218750002 0.037239765625
4 0.1410986546875 0.25629239843749996 0.10246188281249999 0.25629239843749996 0.10246188281249999 0.31762573125000004 0.1410986546875 0.31762573125000004 0.1410986546875 0.25629239843749996
4 0.278838565625 0.2234327484375 0.24860089687500003 0.2234327484375 0.24860089687500003 0.29133918125 0.278838565625 0.29133918125 0.278838565625 0.2234327484375
4 0.508959640625 0.2234327484375 0.4871255609375 0.2234327484375 0.4871255609375 0.2738187140625 0.508959640625 0.2738187140625 0.508959640625 0.2234327484375
4 0.47200896875 0.2541052625 0.4367309421875 0.2541052625 0.4367309421875 0.3022923984375 0.47200896875 0.3022923984375 0.47200896875 0.2541052625
4 0.189811659375 0.508204678125 0.159573990625 0.508204678125 0.159573990625 0.5629707609375 0.189811659375 0.5629707609375 0.189811659375 0.508204678125
4 0.2082869953125 0.5563976609375 0.18141255625 0.5563976609375 0.18141255625 0.60459064375 0.2082869953125 0.60459064375 0.2082869953125 0.5563976609375
4 0.18141255625 0.803929825 0.1410986546875 0.803929825 0.1410986546875 0.8718362578125 0.18141255625 0.8718362578125 0.18141255625 0.803929825
4 0.30067264531250004 0.8805964906250001 0.2637174890625 0.8805964906250001 0.2637174890625 0.94412280625 0.30067264531250004 0.94412280625 0.30067264531250004 0.8805964906250001
4 0.4518520171875 0.913456140625 0.413215246875 0.913456140625 0.413215246875 0.9682163750000001 0.4518520171875 0.9682163750000001 0.4518520171875 0.913456140625
4 0.5291165921875 0.5498245609375 0.502242153125 0.5498245609375 0.502242153125 0.5958245609375 0.5291165921875 0.5958245609375 0.5291165921875 0.5498245609375
4 0.48880269062500004 0.5213508765625 0.45688789218750003 0.5213508765625 0.45688789218750003 0.573918128125 0.48880269062500004 0.573918128125 0.48880269062500004 0.5213508765625
4 0.9137802687500001 0.6943976609375 0.8717847531249999 0.6943976609375 0.8717847531249999 0.753543859375 0.9137802687500001 0.753543859375 0.9137802687500001 0.6943976609375
4 0.8785022421875001 0.8696432749999999 0.6500582953125 0.8696432749999999 0.6500582953125 0.9945029234374999 0.8785022421875001 0.9945029234374999 0.8785022421875001 0.8696432749999999
4 0.40481614375 0.94412280625 0.2418834078125 0.94412280625 0.2418834078125 0.9945029234374999 0.40481614375 0.9945029234374999 0.40481614375 0.94412280625