4 0.44043478281250004 0.09433928593749999 0.1341739125 0.09433928593749999 0.1341739125 0.3099732140625 0.44043478281250004 0.3099732140625 0.44043478281250004 0.09433928593749999
8 0.288763284375 0.18329017812499998 0.1983429953125 0.18329017812499998 0.1983429953125 0.25606249999999997 0.288763284375 0.25606249999999997 0.288763284375 0.18329017812499998
8 0.45501932343749996 0.2129375 0.3879323671875 0.2129375 0.3879323671875 0.2506741078125 0.45501932343749996 0.2506741078125 0.45501932343749996 0.2129375
8 0.530855071875 0.4663080359375 0.4900193234375 0.4663080359375 0.4900193234375 0.4959553578125 0.530855071875 0.4959553578125 0.530855071875 0.4663080359375
8 0.3179275359375 0.326147321875 0.2070917875 0.326147321875 0.2070917875 0.369272321875 0.3179275359375 0.369272321875 0.3179275359375 0.326147321875
8 0.27417874375 0.58490625 0.192507246875 0.58490625 0.192507246875 0.6981116078125 0.27417874375 0.6981116078125 0.27417874375 0.58490625
4 0.2975120765625 0.5768214281249999 0.17500483125 0.5768214281249999 0.17500483125 0.7115892859375 0.2975120765625 0.7115892859375 0.2975120765625 0.5768214281249999
8 0.13708695625 0.60646875 0.090420290625 0.60646875 0.090420290625 0.6603794640625 0.13708695625 0.6603794640625 0.13708695625 0.60646875
4 0.052502415625 0.6684642859375 0.002917875 0.6684642859375 0.002917875 0.7331517859375001 0.052502415625 0.7331517859375001 0.052502415625 0.6684642859375
8 0.9537874390625 0.4986517859375 0.9071207734375 0.4986517859375 0.9071207734375 0.5390848218750001 0.9537874390625 0.5390848218750001 0.9537874390625 0.4986517859375
8 0.9975410625000001 0.5067366078125 0.9654541062499999 0.5067366078125 0.9654541062499999 0.5471696421875001 0.9975410625000001 0.5471696421875001 0.9975410625000001 0.5067366078125
8 0.895449275 0.5148258921875 0.86336715 0.5148258921875 0.86336715 0.5552544640625 0.895449275 0.5552544640625 0.895449275 0.5148258921875
8 0.5950241546874999 0.5040446421875 0.55418840625 0.5040446421875 0.55418840625 0.5256071421875 0.5950241546874999 0.5256071421875 0.5950241546874999 0.5040446421875
8 0.96253623125 0.22102232187499998 0.915869565625 0.22102232187499998 0.915869565625 0.2641517859375 0.96253623125 0.2641517859375 0.96253623125 0.22102232187499998
5 0.9946231890625 0.6603794640625 0.6096086953125 0.6603794640625 0.6096086953125 0.9487857140625 0.9946231890625 0.9487857140625 0.9946231890625 0.6603794640625
4 0.96253623125 0.6603794640625 0.8254492750000001 0.6603794640625 0.8254492750000001 0.7035044640625 0.96253623125 0.7035044640625 0.96253623125 0.6603794640625
2 0 0 0 0.986522321875 0.6679420296874999 0.986522321875 0.6679420296874999 0 0 0