7 0.7724241078125 0.6864581000000001 0.7183080359375 0.6864581000000001 0.7183080359375 0.799631284375 0.7724241078125 0.799631284375 0.7724241078125 0.6864581000000001
8 0.618977678125 0.22263687187499998 0.5463303578125001 0.22263687187499998 0.5463303578125001 0.2810782125 0.618977678125 0.2810782125 0.618977678125 0.22263687187499998
8 0.6078571421875 0.41744134062500005 0.5774642859375 0.41744134062500005 0.5774642859375 0.45269273749999994 0.6078571421875 0.45269273749999994 0.6078571421875 0.41744134062500005
8 0.258709821875 0.70222905 0.2157142859375 0.70222905 0.2157142859375 0.7560335203124999 0.258709821875 0.7560335203124999 0.258709821875 0.70222905
8 0.2023705359375 0.20686592187500003 0.1275 0.20686592187500003 0.1275 0.2940670390625 0.2023705359375 0.2940670390625 0.2023705359375 0.20686592187500003
8 0.5055580359375 0.0055642453125 0.4047455359375 0.0055642453125 0.4047455359375 0.0760670390625 0.5055580359375 0.0760670390625 0.5055580359375 0.0055642453125
8 0.3699017859375 0.004636871875 0.31653125000000004 0.004636871875 0.31653125000000004 0.0315419 0.3699017859375 0.0315419 0.3699017859375 0.004636871875
8 0.34840625 0.0658603359375 0.32542410781250003 0.0658603359375 0.32542410781250003 0.1354357546875 0.34840625 0.1354357546875 0.34840625 0.0658603359375
5 0.945883928125 0.026899440625 0.085991071875 0.026899440625 0.085991071875 0.5241229046875 0.945883928125 0.5241229046875 0.945883928125 0.026899440625
8 0.53446875 0.6975921781250001 0.4959241078125 0.6975921781250001 0.4959241078125 0.7495419 0.53446875 0.7495419 0.53446875 0.6975921781250001
8 0.5848794640625 0.7755139671875 0.5463303578125001 0.7755139671875 0.5463303578125001 0.8191117312499999 0.5848794640625 0.8191117312499999 0.5848794640625 0.7755139671875
8 0.552258928125 0.838592178125 0.5263169640625 0.838592178125 0.5263169640625 0.8692067046874999 0.552258928125 0.8692067046874999 0.552258928125 0.838592178125
8 0.6308392859375 0.7040837984375 0.612303571875 0.7040837984375 0.612303571875 0.730061453125 0.6308392859375 0.730061453125 0.6308392859375 0.7040837984375
8 0.625647321875 0.7430446921875 0.5915491078125 0.7430446921875 0.5915491078125 0.7755139671875 0.625647321875 0.7755139671875 0.625647321875 0.7430446921875
8 0.6649375 0.7152178765625 0.6419553578125 0.7152178765625 0.6419553578125 0.7560335203124999 0.6649375 0.7560335203124999 0.6649375 0.7152178765625
8 0.697553571875 0.6651229046875 0.6627142859374999 0.6651229046875 0.6627142859374999 0.70222905 0.697553571875 0.70222905 0.697553571875 0.6651229046875
8 0.4284642859375 0.49258100625 0.41734821406249994 0.49258100625 0.41734821406249994 0.5046424578125001 0.4284642859375 0.5046424578125001 0.4284642859375 0.49258100625
8 0.4366205359375 0.4202234640625 0.424758928125 0.4202234640625 0.424758928125 0.43784916249999994 0.4366205359375 0.43784916249999994 0.4366205359375 0.4202234640625
8 0.45663392812500003 0.3719888265625 0.432915178125 0.3719888265625 0.432915178125 0.39796089375 0.45663392812500003 0.39796089375 0.45663392812500003 0.3719888265625
8 0.5307633921875 0.2940670390625 0.484803571875 0.2940670390625 0.484803571875 0.34322905000000004 0.5307633921875 0.34322905000000004 0.5307633921875 0.2940670390625
8 0.5196428578125001 0.3506480453125 0.48554464218750004 0.3506480453125 0.48554464218750004 0.3970335203125 0.5196428578125001 0.3970335203125 0.5196428578125001 0.3506480453125
8 0.5404017859375 0.35436312812500004 0.521866071875 0.35436312812500004 0.521866071875 0.3766256984375 0.5404017859375 0.3766256984375 0.5404017859375 0.35436312812500004
8 0.7968883921875001 0.4155865921875 0.7761294640624999 0.4155865921875 0.7761294640624999 0.4359944140625 0.7968883921875001 0.4359944140625 0.7968883921875001 0.4155865921875
8 0.868790178125 0.480519553125 0.8220892859375001 0.480519553125 0.8220892859375001 0.5473128484374999 0.868790178125 0.5473128484374999 0.868790178125 0.480519553125
8 0.7309107140625 0.393324021875 0.7183080359375 0.393324021875 0.7183080359375 0.41373184375000005 0.7309107140625 0.41373184375000005 0.7309107140625 0.393324021875
8 0.6597500000000001 0.4165139671875 0.6493705359375 0.4165139671875 0.6493705359375 0.4276480453125 0.6597500000000001 0.4276480453125 0.6597500000000001 0.4165139671875
8 0.6293571421874999 0.41373184375000005 0.6212008921875001 0.41373184375000005 0.6212008921875001 0.4239329609375 0.6293571421874999 0.4239329609375 0.6293571421874999 0.41373184375000005
3 0.76871875 0.4202234640625 0.7487008921875 0.4202234640625 0.7487008921875 0.4471284921875 0.76871875 0.4471284921875 0.76871875 0.4202234640625
3 0.18680357187500002 0.3886871515625 0.16382589218750002 0.3886871515625 0.16382589218750002 0.41373184375000005 0.18680357187500002 0.41373184375000005 0.18680357187500002 0.3886871515625
3 0.9970357140624999 0.269016759375 0.962196428125 0.269016759375 0.962196428125 0.332100559375 0.9970357140624999 0.332100559375 0.9970357140624999 0.269016759375
3 0.7679776781250001 0.21521229062499997 0.7412901781250001 0.21521229062499997 0.7412901781250001 0.2486089390625 0.7679776781250001 0.2486089390625 0.7679776781250001 0.21521229062499997
3 0.6716071421875001 0.3923966484375 0.5722767859375 0.3923966484375 0.5722767859375 0.4684636875 0.6716071421875001 0.4684636875 0.6716071421875001 0.3923966484375
3 0.5255758921875 0.27272625625 0.285397321875 0.27272625625 0.285397321875 0.5176256984375 0.5255758921875 0.5176256984375 0.5255758921875 0.27272625625
8 0.3765758921875 0.16790502812500002 0.3558169640625 0.16790502812500002 0.3558169640625 0.187385475 0.3765758921875 0.187385475 0.3765758921875 0.16790502812500002
8 0.4047455359375 0.21335754218749997 0.393625 0.21335754218749997 0.393625 0.2291284921875 0.4047455359375 0.2291284921875 0.4047455359375 0.21335754218749997
8 0.393625 0.1706871515625 0.3825044640625 0.1706871515625 0.3825044640625 0.1855307265625 0.393625 0.1855307265625 0.393625 0.1706871515625
8 0.7635267859375 0.22820111718749997 0.7538928578124999 0.22820111718749997 0.7538928578124999 0.24118994374999997 0.7635267859375 0.24118994374999997 0.7635267859375 0.22820111718749997
7 0.8391383921875001 0.5964748609375 0.47368303593750005 0.5964748609375 0.47368303593750005 0.9981508375000001 0.8391383921875001 0.9981508375000001 0.8391383921875001 0.5964748609375
7 0.7968883921875001 0.854363128125 0.6048928578125 0.854363128125 0.6048928578125 0.9981508375000001 0.7968883921875001 0.9981508375000001 0.7968883921875001 0.854363128125