2 0.9792455359375 0.025044692187500002 0.021495535937499997 0.025044692187500002 0.021495535937499997 0.9814525140624999 0.9792455359375 0.9814525140624999 0.9792455359375 0.025044692187500002
7 0.528540178125 0.6641955312500001 0.0807991078125 0.6641955312500001 0.0807991078125 0.9851620109375 0.528540178125 0.9851620109375 0.528540178125 0.6641955312500001
4 0.7034821421874999 0.48608938593750006 0.6130446421875 0.48608938593750006 0.6130446421875 0.58534636875 0.7034821421874999 0.58534636875 0.7034821421874999 0.48608938593750006
4 0.729428571875 0.3367374296875 0.6545580359375001 0.3367374296875 0.6545580359375001 0.42115083750000004 0.729428571875 0.42115083750000004 0.729428571875 0.3367374296875
3 0.24314285781249997 0.22449162031249997 0.134915178125 0.22449162031249997 0.134915178125 0.41744134062500005 0.24314285781249997 0.41744134062500005 0.24314285781249997 0.22449162031249997
3 0.32987500000000003 0.0872011171875 0.265383928125 0.0872011171875 0.265383928125 0.15862569843750002 0.32987500000000003 0.15862569843750002 0.32987500000000003 0.0872011171875
3 0.392883928125 0.25139106093749997 0.3447008921875 0.25139106093749997 0.3447008921875 0.3144748609375 0.392883928125 0.3144748609375 0.392883928125 0.25139106093749997
5 0.8272812500000001 0.02318994375 0.23128125000000002 0.02318994375 0.23128125000000002 0.48979888281250006 0.8272812500000001 0.48979888281250006 0.8272812500000001 0.02318994375
7 0.144553571875 0.5751396640625 0.0229821421875 0.5751396640625 0.0229821421875 0.718 0.144553571875 0.718 0.144553571875 0.5751396640625
3 0.61453125 0.22356424531250002 0.5796875 0.22356424531250002 0.5796875 0.26252513906249997 0.61453125 0.26252513906249997 0.61453125 0.22356424531250002
3 0.6293571421874999 0.09091061406249999 0.5856205359375 0.09091061406249999 0.5856205359375 0.1391452515625 0.6293571421874999 0.1391452515625 0.6293571421874999 0.09091061406249999
3 0.696071428125 0.10111173124999999 0.665678571875 0.10111173124999999 0.665678571875 0.137290503125 0.696071428125 0.137290503125 0.696071428125 0.10111173124999999
3 0.6990357140625 0.1651229046875 0.6634553578125 0.1651229046875 0.6634553578125 0.2077932953125 0.6990357140625 0.2077932953125 0.6990357140625 0.1651229046875