4 0.7421875 0.0566428578125 0.6152366078125 0.0566428578125 0.6152366078125 0.421875 0.7421875 0.421875 0.7421875 0.0566428578125
4 0.3984375 0.5 0.3203125 0.5 0.3203125 0.6972678578125 0.3984375 0.6972678578125 0.3984375 0.5
4 0.390625 0.1855491078125 0.328125 0.1855491078125 0.328125 0.40234375 0.390625 0.40234375 0.390625 0.1855491078125
4 0.625 0.029299107812500003 0.42383035781249995 0.029299107812500003 0.42383035781249995 0.6796875 0.625 0.6796875 0.625 0.029299107812500003
5 0.9785178578125 0.015625 0.7597678578125 0.015625 0.7597678578125 0.9765625 0.9785178578125 0.9765625 0.9785178578125 0.015625
2 0.9902366078125 0.015625 0.5605491078125 0.015625 0.5605491078125 0.9863303578125 0.9902366078125 0.9863303578125 0.9902366078125 0.015625
4 0.2578125 0.0019553578125 0.0097678578125 0.0019553578125 0.0097678578125 0.9863303578125 0.2578125 0.9863303578125 0.2578125 0.0019553578125
4 0.2207053578125 0.6171875 0.1386741078125 0.6171875 0.1386741078125 0.9316428578125 0.2207053578125 0.9316428578125 0.2207053578125 0.6171875
4 0.13671875 0.5605491078125 0.025392857812500003 0.5605491078125 0.025392857812500003 0.8691428578125 0.13671875 0.8691428578125 0.13671875 0.5605491078125
4 0.1308616078125 0.41211160781249995 0.03515625 0.41211160781249995 0.03515625 0.5488303578125 0.1308616078125 0.5488303578125 0.1308616078125 0.41211160781249995
4 0.2285178578125 0.2363303578125 0.1484375 0.2363303578125 0.1484375 0.3984375 0.2285178578125 0.3984375 0.2285178578125 0.2363303578125
4 0.2128928578125 0.0761741078125 0.109375 0.0761741078125 0.109375 0.24609375 0.2128928578125 0.24609375 0.2128928578125 0.0761741078125
4 0.2011741078125 0.421875 0.14453125 0.421875 0.14453125 0.5722678578125 0.2011741078125 0.5722678578125 0.2011741078125 0.421875
4 0.43945535781249995 0.78125 0.328125 0.78125 0.328125 0.92578125 0.43945535781249995 0.92578125 0.43945535781249995 0.78125
4 0.55078125 0.703125 0.5019553578125 0.703125 0.5019553578125 0.7988303578125 0.55078125 0.7988303578125 0.55078125 0.703125
4 0.5332053578125 0.3496116078125 0.46484375 0.3496116078125 0.46484375 0.4921875 0.5332053578125 0.4921875 0.5332053578125 0.3496116078125
4 0.50390625 0.2421875 0.453125 0.2421875 0.453125 0.3261741078125 0.50390625 0.3261741078125 0.50390625 0.2421875
4 0.5878928578125 0.1484375 0.5097678578125 0.1484375 0.5097678578125 0.33203125 0.5878928578125 0.33203125 0.5878928578125 0.1484375
4 0.5253928578125 0.0546875 0.4453125 0.0546875 0.4453125 0.18359375 0.5253928578125 0.18359375 0.5253928578125 0.0546875
4 0.6015625 0.3964866078125 0.5527366078125 0.3964866078125 0.5527366078125 0.51953125 0.6015625 0.51953125 0.6015625 0.3964866078125
4 0.6152366078125 0.5332053578125 0.5546875 0.5332053578125 0.5546875 0.6621116078125 0.6152366078125 0.6621116078125 0.6152366078125 0.5332053578125
4 0.69140625 0.47851785781249995 0.6328125 0.47851785781249995 0.6328125 0.5957053578125 0.69140625 0.5957053578125 0.69140625 0.47851785781249995
4 0.30859375 0.5625 0.2421875 0.5625 0.2421875 0.7167991078125 0.30859375 0.7167991078125 0.30859375 0.5625
8 0.1972678578125 0.2734375 0.1542991078125 0.2734375 0.1542991078125 0.3769553578125 0.1972678578125 0.3769553578125 0.1972678578125 0.2734375
8 0.1191428578125 0.42383035781249995 0.1015625 0.42383035781249995 0.1015625 0.45508035781249995 0.1191428578125 0.45508035781249995 0.1191428578125 0.42383035781249995
8 0.09375 0.42773660781249995 0.0800803578125 0.42773660781249995 0.0800803578125 0.44726785781249995 0.09375 0.44726785781249995 0.09375 0.42773660781249995
8 0.43554910781249995 0.5019553578125 0.4140625 0.5019553578125 0.4140625 0.5292991078125 0.43554910781249995 0.5292991078125 0.43554910781249995 0.5019553578125
8 0.36328125 0.5859375 0.3359375 0.5859375 0.3359375 0.6035178578125 0.36328125 0.6035178578125 0.36328125 0.5859375
8 0.21875 0.7792991078125 0.171875 0.7792991078125 0.171875 0.79296875 0.21875 0.79296875 0.21875 0.7792991078125