3 0.16796875 0.16796875 0.12109375 0.16796875 0.12109375 0.2011741078125 0.16796875 0.2011741078125 0.16796875 0.16796875
3 0.2128928578125 0.78515625 0.12890625 0.78515625 0.12890625 0.8574241078125 0.2128928578125 0.8574241078125 0.2128928578125 0.78515625
3 0.7246116078125 0.40039285781249995 0.68359375 0.40039285781249995 0.68359375 0.44336160781249995 0.7246116078125 0.44336160781249995 0.7246116078125 0.40039285781249995
3 0.640625 0.54296875 0.5859375 0.54296875 0.5859375 0.5957053578125 0.640625 0.5957053578125 0.640625 0.54296875
5 0.83984375 0.0703125 0.49414285781249995 0.0703125 0.49414285781249995 0.48633035781249995 0.83984375 0.48633035781249995 0.83984375 0.0703125
3 0.8691428578125 0.18359375 0.8417991078125 0.18359375 0.8417991078125 0.22265625 0.8691428578125 0.22265625 0.8691428578125 0.18359375
3 0.09375 0.1933616078125 0.05859375 0.1933616078125 0.05859375 0.21875 0.09375 0.21875 0.09375 0.1933616078125
3 0.48828125 0.7792991078125 0.4375 0.7792991078125 0.4375 0.8046875 0.48828125 0.8046875 0.48828125 0.7792991078125
3 0.18359375 0.41796875 0.1347678578125 0.41796875 0.1347678578125 0.43554910781249995 0.18359375 0.43554910781249995 0.18359375 0.41796875
3 0.3144553578125 0.1621116078125 0.27734375 0.1621116078125 0.27734375 0.1894553578125 0.3144553578125 0.1894553578125 0.3144553578125 0.1621116078125
4 0.2832053578125 0.8515625 0.2207053578125 0.8515625 0.2207053578125 0.8964866078125 0.2832053578125 0.8964866078125 0.2832053578125 0.8515625
4 0.2128928578125 0.8046875 0.14453125 0.8046875 0.14453125 0.8515625 0.2128928578125 0.8515625 0.2128928578125 0.8046875
2 0.5078125 0.0019553578125 0.00390625 0.0019553578125 0.00390625 0.9902366078125 0.5078125 0.9902366078125 0.5078125 0.0019553578125
3 0.1503928578125 0.2050803578125 0.1015625 0.2050803578125 0.1015625 0.2265625 0.1503928578125 0.2265625 0.1503928578125 0.2050803578125