4 0.1660178578125 0.9375 0.1152366078125 0.9375 0.1152366078125 0.99609375 0.1660178578125 0.99609375 0.1660178578125 0.9375
4 0 0.3046875 0.0410178578125 0.3046875 0.0410178578125 0.2207053578125 0 0.2207053578125 0 0.3046875
1 0.546875 0.05859375 0.0078125 0.05859375 0.0078125 0.9785178578125 0.546875 0.9785178578125 0.546875 0.05859375
1 0.609375 0.34375 0.4921875 0.34375 0.4921875 0.4296875 0.609375 0.4296875 0.609375 0.34375
1 0.6425803578125 0.2441428578125 0.48046875 0.2441428578125 0.48046875 0.3300803578125 0.6425803578125 0.3300803578125 0.6425803578125 0.2441428578125
1 0.9160178578125 0.0761741078125 0.5410178578125 0.0761741078125 0.5410178578125 0.21875 0.9160178578125 0.21875 0.9160178578125 0.0761741078125
1 0.7988303578125 0.25 0.73046875 0.25 0.73046875 0.3222678578125 0.7988303578125 0.3222678578125 0.7988303578125 0.25
1 0.9941428578125 0.3046875 0.8730491078125 0.3046875 0.8730491078125 0.45898660781249995 0.9941428578125 0.45898660781249995 0.9941428578125 0.3046875
1 0.99609375 0.43554910781249995 0.8691428578125 0.43554910781249995 0.8691428578125 0.7128928578125 0.99609375 0.7128928578125 0.99609375 0.43554910781249995
1 0.9316428578125 0.8203125 0.6777366078125 0.8203125 0.6777366078125 0.99609375 0.9316428578125 0.99609375 0.9316428578125 0.8203125
8 0.984375 0.7949241078125 0.95703125 0.7949241078125 0.95703125 0.8339866078125 0.984375 0.8339866078125 0.984375 0.7949241078125