4 0.63671875 0.45703125 0.45703125 0.45703125 0.45703125 0.5996116078125 0.63671875 0.5996116078125 0.63671875 0.45703125
4 0.7441428578125 0.8378928578125 0.42383035781249995 0.8378928578125 0.42383035781249995 0.9902366078125 0.7441428578125 0.9902366078125 0.7441428578125 0.8378928578125
4 0.58203125 0.1816428578125 0.43359375 0.1816428578125 0.43359375 0.30859375 0.58203125 0.30859375 0.58203125 0.1816428578125
4 0.30078125 0.0097678578125 0.2636741078125 0.0097678578125 0.2636741078125 0.05859375 0.30078125 0.05859375 0.30078125 0.0097678578125
4 0.2207053578125 0.04296875 0.1621116078125 0.04296875 0.1621116078125 0.1113303578125 0.2207053578125 0.1113303578125 0.2207053578125 0.04296875
4 0.3125 0.296875 0.2636741078125 0.296875 0.2636741078125 0.3496116078125 0.3125 0.3496116078125 0.3125 0.296875
5 0.4296875 0.3066428578125 0.025392857812500003 0.3066428578125 0.025392857812500003 0.7832053578125 0.4296875 0.7832053578125 0.4296875 0.3066428578125
5 0.7871116078125 0.0566428578125 0.5410178578125 0.0566428578125 0.5410178578125 0.30859375 0.7871116078125 0.30859375 0.7871116078125 0.0566428578125
3 0.6933616078125 0.2050803578125 0.5917991078125 0.2050803578125 0.5917991078125 0.2910178578125 0.6933616078125 0.2910178578125 0.6933616078125 0.2050803578125
3 0.8730491078125 0.3691428578125 0.65234375 0.3691428578125 0.65234375 0.6152366078125 0.8730491078125 0.6152366078125 0.8730491078125 0.3691428578125
7 0.9902366078125 0.7363303578125 0.64453125 0.7363303578125 0.64453125 0.98828125 0.9902366078125 0.98828125 0.9902366078125 0.7363303578125
5 0.9863303578125 0.01171875 0.6933616078125 0.01171875 0.6933616078125 0.5175803578125 0.9863303578125 0.5175803578125 0.9863303578125 0.01171875
4 0.65234375 0.03515625 0.52734375 0.03515625 0.52734375 0.1171875 0.65234375 0.1171875 0.65234375 0.03515625
4 0.5859375 0.0019553578125 0.3964866078125 0.0019553578125 0.3964866078125 0.1015625 0.5859375 0.1015625 0.5859375 0.0019553578125
4 0.45508035781249995 0.1777366078125 0.40429910781249995 0.1777366078125 0.40429910781249995 0.2050803578125 0.45508035781249995 0.2050803578125 0.45508035781249995 0.1777366078125
4 0.6113303578125 0.34375 0.31640625 0.34375 0.31640625 0.515625 0.6113303578125 0.515625 0.6113303578125 0.34375
4 0.41015625 0.6640625 0.37109375 0.6640625 0.37109375 0.69921875 0.41015625 0.69921875 0.41015625 0.6640625
3 0.66015625 0.5683616078125 0.54296875 0.5683616078125 0.54296875 0.6191428578125 0.66015625 0.6191428578125 0.66015625 0.5683616078125
3 0.6328125 0.5605491078125 0.59765625 0.5605491078125 0.59765625 0.5839866078125 0.6328125 0.5839866078125 0.6328125 0.5605491078125
4 0.1542991078125 0.2421875 0.1347678578125 0.2421875 0.1347678578125 0.2558616078125 0.1542991078125 0.2558616078125 0.1542991078125 0.2421875
4 0.6816428578125 0.234375 0.6621116078125 0.234375 0.6621116078125 0.265625 0.6816428578125 0.265625 0.6816428578125 0.234375
4 0.5644553578125 0.28515625 0.5234375 0.28515625 0.5234375 0.3183616078125 0.5644553578125 0.3183616078125 0.5644553578125 0.28515625
4 0.41601785781249995 0.3984375 0.38671875 0.3984375 0.38671875 0.421875 0.41601785781249995 0.421875 0.41601785781249995 0.3984375
8 0.14453125 0.92578125 0.12109375 0.92578125 0.12109375 0.9511741078125 0.14453125 0.9511741078125 0.14453125 0.92578125
7 0.10546875 0.8496116078125 0.0332053578125 0.8496116078125 0.0332053578125 0.9511741078125 0.10546875 0.9511741078125 0.10546875 0.8496116078125
4 0.3613303578125 0.08984375 0.3261741078125 0.08984375 0.3261741078125 0.125 0.3613303578125 0.125 0.3613303578125 0.08984375
4 0.42773660781249995 0.06640625 0.3730491078125 0.06640625 0.3730491078125 0.10546875 0.42773660781249995 0.10546875 0.42773660781249995 0.06640625
4 0.7890625 0.43554910781249995 0.7246116078125 0.43554910781249995 0.7246116078125 0.49609375 0.7890625 0.49609375 0.7890625 0.43554910781249995
4 0.6464866078125 0.49609375 0.6015625 0.49609375 0.6015625 0.546875 0.6464866078125 0.546875 0.6464866078125 0.49609375
3 0.5371116078125 0.7558616078125 0.234375 0.7558616078125 0.234375 0.9667991078125 0.5371116078125 0.9667991078125 0.5371116078125 0.7558616078125