3 0.7449955359375 0.35436312812500004 0.40622767812499994 0.35436312812500004 0.40622767812499994 0.525977653125 0.7449955359375 0.525977653125 0.7449955359375 0.35436312812500004
3 0.7079330359375 0.534324021875 0.5967366078125 0.534324021875 0.5967366078125 0.628944134375 0.7079330359375 0.628944134375 0.7079330359375 0.534324021875
3 0.402522321875 0.1781061453125 0.3009642859375 0.1781061453125 0.3009642859375 0.29963128437500003 0.402522321875 0.29963128437500003 0.402522321875 0.1781061453125
3 0.3061517859375 0.2671620109375 0.24314285781249997 0.2671620109375 0.24314285781249997 0.36641899375000003 0.3061517859375 0.36641899375000003 0.3061517859375 0.2671620109375
3 0.3965892859375 0.386826815625 0.32987500000000003 0.386826815625 0.32987500000000003 0.4619664796875 0.3965892859375 0.4619664796875 0.3965892859375 0.386826815625
3 0.972571428125 0.2820055859375 0.8680491078125 0.2820055859375 0.8680491078125 0.3608547484375 0.972571428125 0.3608547484375 0.972571428125 0.2820055859375
8 0.8858392859374999 0.3951787703125 0.801334821875 0.3951787703125 0.801334821875 0.5157709500000001 0.8858392859374999 0.5157709500000001 0.8858392859374999 0.3951787703125
8 0.8791696421875 0.5139162015625 0.8421071421875 0.5139162015625 0.8421071421875 0.5528770953125 0.8791696421875 0.5528770953125 0.8791696421875 0.5139162015625
8 0.8888080359374999 0.589055865625 0.8287633921875001 0.589055865625 0.8287633921875001 0.6512067046875 0.8888080359374999 0.6512067046875 0.8888080359374999 0.589055865625
8 0.8146785718749999 0.714290503125 0.7724241078125 0.714290503125 0.7724241078125 0.7588156421875001 0.8146785718749999 0.7588156421875001 0.8146785718749999 0.714290503125
8 0.7939196421875 0.75696089375 0.7657544640625 0.75696089375 0.7657544640625 0.78757541875 0.7939196421875 0.78757541875 0.7939196421875 0.75696089375
8 0.7642678578125001 0.7402625703125 0.710897321875 0.7402625703125 0.710897321875 0.8116927374999999 0.7642678578125001 0.8116927374999999 0.7642678578125001 0.7402625703125
8 0.488508928125 0.6957374296875 0.451446428125 0.6957374296875 0.451446428125 0.7551061453125001 0.488508928125 0.7551061453125001 0.488508928125 0.6957374296875
8 0.5366919640625001 0.6966648046875 0.489991071875 0.6966648046875 0.489991071875 0.753251396875 0.5366919640625001 0.753251396875 0.5366919640625001 0.6966648046875
8 0.44180803593749995 0.6985195531249999 0.41734821406249994 0.6985195531249999 0.41734821406249994 0.7402625703125 0.44180803593749995 0.7402625703125 0.44180803593749995 0.6985195531249999
8 0.352852678125 0.77273184375 0.3239419640625 0.77273184375 0.3239419640625 0.8135474859375 0.352852678125 0.8135474859375 0.352852678125 0.77273184375
8 0.1830982140625 0.784787709375 0.1519642859375 0.784787709375 0.1519642859375 0.86549720625 0.1830982140625 0.86549720625 0.1830982140625 0.784787709375
8 0.16530803593750001 0.14378770937500002 0.1423258921875 0.14378770937500002 0.1423258921875 0.18645810000000002 0.16530803593750001 0.18645810000000002 0.16530803593750001 0.14378770937500002
8 0.212008928125 0.176251396875 0.174946428125 0.176251396875 0.174946428125 0.2328379890625 0.212008928125 0.2328379890625 0.212008928125 0.176251396875
8 0.218678571875 0.0408156421875 0.1326919640625 0.0408156421875 0.1326919640625 0.10946368749999999 0.218678571875 0.10946368749999999 0.218678571875 0.0408156421875
8 0.252040178125 0.089983240625 0.1979241078125 0.089983240625 0.1979241078125 0.18645810000000002 0.252040178125 0.18645810000000002 0.252040178125 0.089983240625
8 0.126758928125 0.4044525140625 0.083022321875 0.4044525140625 0.083022321875 0.4554748609375 0.126758928125 0.4554748609375 0.126758928125 0.4044525140625
8 0.1378794640625 0.370134078125 0.1119330359375 0.370134078125 0.1119330359375 0.4007430171875 0.1378794640625 0.4007430171875 0.1378794640625 0.370134078125
8 0.1860625 0.35807262500000003 0.16679017812500002 0.35807262500000003 0.16679017812500002 0.393324021875 0.1860625 0.393324021875 0.1860625 0.35807262500000003
8 0.4773928578125 0.1382178765625 0.42327678593750007 0.1382178765625 0.42327678593750007 0.18460335156250002 0.4773928578125 0.18460335156250002 0.4773928578125 0.1382178765625
8 0.59821875 0.1623407828125 0.5544866078124999 0.1623407828125 0.5544866078124999 0.2810782125 0.59821875 0.2810782125 0.59821875 0.1623407828125
8 0.5678258921875 0.2755139671875 0.5315044640625 0.2755139671875 0.5315044640625 0.31168715156250004 0.5678258921875 0.31168715156250004 0.5678258921875 0.2755139671875
8 0.8487767859375 0.20872067031250002 0.8295044640624999 0.20872067031250002 0.8295044640624999 0.2476815640625 0.8487767859375 0.2476815640625 0.8487767859375 0.20872067031250002
8 0.8435892859375 0.1660502796875 0.8131964281249999 0.1660502796875 0.8131964281249999 0.20222905 0.8435892859375 0.20222905 0.8435892859375 0.1660502796875
7 0.679022321875 0.0064916203125 0.5226071421875 0.0064916203125 0.5226071421875 0.11131843593749999 0.679022321875 0.11131843593749999 0.679022321875 0.0064916203125
8 0.5707946421875 0.44155865937499994 0.5366919640625001 0.44155865937499994 0.5366919640625001 0.49350837968750005 0.5707946421875 0.49350837968750005 0.5707946421875 0.44155865937499994
8 0.5693125 0.4842346375 0.538178571875 0.4842346375 0.538178571875 0.520407821875 0.5693125 0.520407821875 0.5693125 0.4842346375
8 0.5774642859375 0.5528770953125 0.5322455359375 0.5528770953125 0.5322455359375 0.61688826875 0.5774642859375 0.61688826875 0.5774642859375 0.5528770953125
3 0.077834821875 0.46011173124999993 0.014084821875 0.46011173124999993 0.014084821875 0.5658659218750001 0.077834821875 0.5658659218750001 0.077834821875 0.46011173124999993
3 0.04521875 0.5519497203125 0.0029642859375 0.5519497203125 0.0029642859375 0.628016759375 0.04521875 0.628016759375 0.04521875 0.5519497203125
8 0.71015625 0.6651229046875 0.6916249999999999 0.6651229046875 0.6916249999999999 0.6892402234375 0.71015625 0.6892402234375 0.71015625 0.6651229046875
8 0.3521116078125 0.40630726250000004 0.34321875 0.40630726250000004 0.34321875 0.4202234640625 0.3521116078125 0.4202234640625 0.3521116078125 0.40630726250000004
8 0.3565625 0.4387765359375 0.3447008921875 0.4387765359375 0.3447008921875 0.4545474859375 0.3565625 0.4545474859375 0.3565625 0.4387765359375
8 0.37954017812499996 0.4118770953125 0.3669375 0.4118770953125 0.3669375 0.4267206703125 0.37954017812499996 0.4267206703125 0.37954017812499996 0.4118770953125
8 0.3728705359375 0.44155865937499994 0.361008928125 0.44155865937499994 0.361008928125 0.45640223437499994 0.3728705359375 0.45640223437499994 0.3728705359375 0.44155865937499994
8 0.3899196421875 0.43692178750000005 0.3780580359375 0.43692178750000005 0.3780580359375 0.45269273749999994 0.3899196421875 0.45269273749999994 0.3899196421875 0.43692178750000005
8 0.4203125 0.495363128125 0.37954017812499996 0.495363128125 0.37954017812499996 0.535251396875 0.4203125 0.535251396875 0.4203125 0.495363128125
8 0.4544107140625 0.495363128125 0.4425491078125 0.495363128125 0.4425491078125 0.5083519546875 0.4544107140625 0.5083519546875 0.4544107140625 0.495363128125
8 0.46775446406250004 0.5278324015625 0.4610803578125 0.5278324015625 0.4610803578125 0.5408212296875 0.46775446406250004 0.5408212296875 0.46775446406250004 0.5278324015625
8 0.4877678578125 0.535251396875 0.4810982140625 0.535251396875 0.4810982140625 0.5454581000000001 0.4877678578125 0.5454581000000001 0.4877678578125 0.535251396875
8 0.42401785781249995 0.574212290625 0.4143794640625 0.574212290625 0.4143794640625 0.5844189937500001 0.42401785781249995 0.5844189937500001 0.42401785781249995 0.574212290625
8 0.3313571421875 0.495363128125 0.3187544640625 0.495363128125 0.3187544640625 0.5120614531250001 0.3313571421875 0.5120614531250001 0.3313571421875 0.495363128125
8 0.307633928125 0.4740279328125 0.29948214218749997 0.4740279328125 0.29948214218749997 0.4842346375 0.307633928125 0.4842346375 0.307633928125 0.4740279328125
8 0.3239419640625 0.5241229046875 0.3135669640625 0.5241229046875 0.3135669640625 0.5371061453125 0.3239419640625 0.5371061453125 0.3239419640625 0.5241229046875
8 0.3194955359375 0.5593743015625 0.303928571875 0.5593743015625 0.303928571875 0.5760670390625 0.3194955359375 0.5760670390625 0.3194955359375 0.5593743015625
8 0.3098571421875 0.5918379890625001 0.3017053578125 0.5918379890625001 0.3017053578125 0.6029720671875001 0.3098571421875 0.6029720671875001 0.3098571421875 0.5918379890625001
8 0.4803571421875 0.38311731875 0.46849553593750004 0.38311731875 0.46849553593750004 0.4035251390625 0.4803571421875 0.4035251390625 0.4803571421875 0.38311731875
8 0.5092678578125 0.370134078125 0.5025937500000001 0.370134078125 0.5025937500000001 0.386826815625 0.5092678578125 0.386826815625 0.5092678578125 0.370134078125
8 0.7524107140625 0.344156425 0.4277232140625 0.344156425 0.4277232140625 0.6567765359375 0.7524107140625 0.6567765359375 0.7524107140625 0.344156425
3 0.32171875 0.5565865921875 0.29503124999999997 0.5565865921875 0.29503124999999997 0.5769944140625001 0.32171875 0.5769944140625001 0.32171875 0.5565865921875
3 0.3143080359375 0.58627374375 0.2935491078125 0.58627374375 0.2935491078125 0.6076089390625 0.3143080359375 0.6076089390625 0.3143080359375 0.58627374375
3 0.322459821875 0.6085363125 0.3061517859375 0.6085363125 0.3061517859375 0.635441340625 0.322459821875 0.635441340625 0.322459821875 0.6085363125
3 0.39955357187499996 0.5120614531250001 0.3817633921875 0.5120614531250001 0.3817633921875 0.5361787703124999 0.39955357187499996 0.5361787703124999 0.39955357187499996 0.5120614531250001
3 0.3387678578125 0.487944134375 0.3098571421875 0.487944134375 0.3098571421875 0.5408212296875 0.3387678578125 0.5408212296875 0.3387678578125 0.487944134375
3 0.3447008921875 0.46103910625 0.3239419640625 0.46103910625 0.3239419640625 0.481446928125 0.3447008921875 0.481446928125 0.3447008921875 0.46103910625
3 0.2564866078125 0.011134078125 0.213491071875 0.011134078125 0.213491071875 0.0769944140625 0.2564866078125 0.0769944140625 0.2564866078125 0.011134078125
3 0.8569330359375 0.26159776562500003 0.8124553578124999 0.26159776562500003 0.8124553578124999 0.308905028125 0.8569330359375 0.308905028125 0.8569330359375 0.26159776562500003
3 0.27724107187499997 0.5380335203125 0.249071428125 0.5380335203125 0.249071428125 0.5760670390625 0.27724107187499997 0.5760670390625 0.27724107187499997 0.5380335203125
3 0.18680357187500002 0.785715084375 0.1564107140625 0.785715084375 0.1564107140625 0.8487988828124999 0.18680357187500002 0.8487988828124999 0.18680357187500002 0.785715084375
3 0.0785758921875 0.7801508375 0.0555982140625 0.7801508375 0.0555982140625 0.8061284921875 0.0785758921875 0.8061284921875 0.0785758921875 0.7801508375
3 0.06671428593749999 0.8089106140625001 0.04521875 0.8089106140625001 0.04521875 0.8395195531249999 0.06671428593749999 0.8395195531249999 0.06671428593749999 0.8089106140625001
3 0.34914732187499997 0.77273184375 0.3320982140625 0.77273184375 0.3320982140625 0.799631284375 0.34914732187499997 0.799631284375 0.34914732187499997 0.77273184375
3 0.515196428125 0.120592178125 0.498147321875 0.120592178125 0.498147321875 0.141 0.515196428125 0.141 0.515196428125 0.120592178125
3 0.451446428125 0.08534636875 0.43365625 0.08534636875 0.43365625 0.098329609375 0.451446428125 0.098329609375 0.451446428125 0.08534636875
8 0.25796874999999997 0.026899440625 0.244625 0.026899440625 0.244625 0.0408156421875 0.25796874999999997 0.0408156421875 0.25796874999999997 0.026899440625
8 0.252040178125 0.0556592171875 0.2379553578125 0.0556592171875 0.2379553578125 0.073284915625 0.252040178125 0.073284915625 0.252040178125 0.0556592171875
8 0.2928080359375 0.042670390625 0.25722767812499997 0.042670390625 0.25722767812499997 0.0807039109375 0.2928080359375 0.0807039109375 0.2928080359375 0.042670390625
8 0.3180133921875 0.0371061453125 0.3031875 0.0371061453125 0.3031875 0.0630782125 0.3180133921875 0.0630782125 0.3180133921875 0.0371061453125
8 0.33728571406249996 0.059368715625 0.3232008921875 0.059368715625 0.3232008921875 0.0751396640625 0.33728571406249996 0.0751396640625 0.33728571406249996 0.059368715625
8 0.24758928593750001 0.0129888265625 0.23424553593750003 0.0129888265625 0.23424553593750003 0.030614524999999997 0.24758928593750001 0.030614524999999997 0.24758928593750001 0.0129888265625
8 0.1704955359375 0.2486089390625 0.1593794640625 0.2486089390625 0.1593794640625 0.26159776562500003 0.1704955359375 0.26159776562500003 0.1704955359375 0.2486089390625
8 0.140102678125 0.26159776562500003 0.1119330359375 0.26159776562500003 0.1119330359375 0.29592178750000003 0.140102678125 0.29592178750000003 0.140102678125 0.26159776562500003
8 0.10378125 0.20222905 0.0785758921875 0.20222905 0.0785758921875 0.23376536250000002 0.10378125 0.23376536250000002 0.10378125 0.20222905
8 0.10155803593749999 0.24118994374999997 0.077834821875 0.24118994374999997 0.077834821875 0.27644134062500003 0.10155803593749999 0.27644134062500003 0.10155803593749999 0.24118994374999997
8 0.045959821875 0.27458100625 0.0303928578125 0.27458100625 0.0303928578125 0.2968491625 0.045959821875 0.2968491625 0.045959821875 0.27458100625
8 0.4054866078125 0.17346927343750002 0.30022321406249997 0.17346927343750002 0.30022321406249997 0.30519553125 0.4054866078125 0.30519553125 0.4054866078125 0.17346927343750002
8 0.320977678125 0.269016759375 0.245366071875 0.269016759375 0.245366071875 0.41280446875 0.320977678125 0.41280446875 0.320977678125 0.269016759375