7 0.109709821875 0.518553071875 0.0022232140625000002 0.518553071875 0.0022232140625000002 0.9230111734375 0.109709821875 0.9230111734375 0.109709821875 0.518553071875
8 0.1608616078125 0.49350837968750005 0.1193482140625 0.49350837968750005 0.1193482140625 0.5584413406250001 0.1608616078125 0.5584413406250001 0.1608616078125 0.49350837968750005
8 0.5196428578125001 0.658631284375 0.49073214218750005 0.658631284375 0.49073214218750005 0.6957374296875 0.5196428578125001 0.6957374296875 0.5196428578125001 0.658631284375
8 0.556709821875 0.6808938546875 0.53446875 0.6808938546875 0.53446875 0.7115083796875 0.556709821875 0.7115083796875 0.556709821875 0.6808938546875
8 0.580428571875 0.66326815625 0.556709821875 0.66326815625 0.556709821875 0.7050111734375 0.580428571875 0.7050111734375 0.580428571875 0.66326815625
8 0.6753169640625 0.6391508375 0.6404732140625 0.6391508375 0.6404732140625 0.6716145250000001 0.6753169640625 0.6716145250000001 0.6753169640625 0.6391508375
8 0.714602678125 0.61688826875 0.6805044640625 0.61688826875 0.6805044640625 0.6530614531250001 0.714602678125 0.6530614531250001 0.714602678125 0.61688826875
8 0.7242410718750001 0.58627374375 0.701258928125 0.58627374375 0.701258928125 0.620597765625 0.7242410718750001 0.620597765625 0.7242410718750001 0.58627374375
8 0.677540178125 0.4591843578125 0.6449241078125 0.4591843578125 0.6449241078125 0.5018547484375 0.677540178125 0.5018547484375 0.677540178125 0.4591843578125
8 0.6434375 0.48237430156250005 0.6160133921875001 0.48237430156250005 0.6160133921875001 0.5102067046875 0.6434375 0.5102067046875 0.6434375 0.48237430156250005
8 0.6501116078125 0.054731843749999995 0.5952544640624999 0.054731843749999995 0.5952544640624999 0.089055865625 0.6501116078125 0.089055865625 0.6501116078125 0.054731843749999995
8 0.7835446421875 0.10111173124999999 0.7494419640625 0.10111173124999999 0.7494419640625 0.1512067046875 0.7835446421875 0.1512067046875 0.7835446421875 0.10111173124999999
8 0.8673080359374999 0.097402234375 0.8154196421875 0.097402234375 0.8154196421875 0.1512067046875 0.8673080359374999 0.1512067046875 0.8673080359374999 0.097402234375
8 0.8813928578124999 0.0129888265625 0.851 0.0129888265625 0.851 0.0463798875 0.8813928578124999 0.0463798875 0.8813928578124999 0.0129888265625
8 0.9073392859375 0.0408156421875 0.8850982140625 0.0408156421875 0.8850982140625 0.0751396640625 0.9073392859375 0.0751396640625 0.9073392859375 0.0408156421875
8 0.7672366078125 0 0.7672366078125 0.030614524999999997 0.8094866078124999 0.030614524999999997 0.8094866078124999 0 0.7672366078125 0
8 0.3365446421875 0.308905028125 0.2802053578125 0.308905028125 0.2802053578125 0.387754190625 0.3365446421875 0.387754190625 0.3365446421875 0.308905028125
8 0.5277991078125 0.34693854687500003 0.5003705359375 0.34693854687500003 0.5003705359375 0.4155865921875 0.5277991078125 0.4155865921875 0.5277991078125 0.34693854687500003
8 0.47961607187500005 0.2708715078125 0.434397321875 0.2708715078125 0.434397321875 0.32653072656250004 0.47961607187500005 0.32653072656250004 0.47961607187500005 0.2708715078125
8 0.4492232140625 0.32467597812500004 0.40103571406249994 0.32467597812500004 0.40103571406249994 0.3645642453125 0.4492232140625 0.3645642453125 0.4492232140625 0.32467597812500004
8 0.8094866078124999 0.479592178125 0.7531517859375 0.479592178125 0.7531517859375 0.550094971875 0.8094866078124999 0.550094971875 0.8094866078124999 0.479592178125
8 0.180875 0.44526815624999994 0.1564107140625 0.44526815624999994 0.1564107140625 0.4693910609375 0.180875 0.4693910609375 0.180875 0.44526815624999994
8 0.5085267859375 0.14378770937500002 0.4840625 0.14378770937500002 0.4840625 0.1855307265625 0.5085267859375 0.1855307265625 0.5085267859375 0.14378770937500002
8 0.5515178578125 0.0927653625 0.5196428578125001 0.0927653625 0.5196428578125001 0.1576983234375 0.5515178578125 0.1576983234375 0.5515178578125 0.0927653625
8 0.5715357140624999 0.07050279375 0.547071428125 0.07050279375 0.547071428125 0.10296647968749999 0.5715357140624999 0.10296647968749999 0.5715357140624999 0.07050279375
8 0.7991116078125 0.3571452515625 0.7724241078125 0.3571452515625 0.7724241078125 0.38311731875 0.7991116078125 0.38311731875 0.7991116078125 0.3571452515625
8 0.7998526781249999 0.3849720671875 0.7709419640624999 0.3849720671875 0.7709419640624999 0.4192960890625 0.7998526781249999 0.4192960890625 0.7998526781249999 0.3849720671875
8 0.9058571421874999 0.7476815640625001 0.8813928578124999 0.7476815640625001 0.8813928578124999 0.792212290625 0.9058571421874999 0.792212290625 0.9058571421874999 0.7476815640625001
3 0.2045982140625 0.4239329609375 0.1149017859375 0.4239329609375 0.1149017859375 0.542675978125 0.2045982140625 0.542675978125 0.2045982140625 0.4239329609375
3 0.5196428578125001 0.1298715078125 0.4603392859375 0.1298715078125 0.4603392859375 0.199446928125 0.5196428578125001 0.199446928125 0.5196428578125001 0.1298715078125
3 0.5648616078125 0.10946368749999999 0.5129732140625001 0.10946368749999999 0.5129732140625001 0.17161452500000002 0.5648616078125 0.17161452500000002 0.5648616078125 0.10946368749999999
3 0.18235714218750002 0.7959217875 0.140102678125 0.7959217875 0.140102678125 0.846944134375 0.18235714218750002 0.846944134375 0.18235714218750002 0.7959217875
3 0.2090446421875 0.8460167593750001 0.161602678125 0.8460167593750001 0.161602678125 0.8942513968749999 0.2090446421875 0.8942513968749999 0.2090446421875 0.8460167593750001
5 0.6805044640625 0.363636871875 0.5782053578124999 0.363636871875 0.5782053578124999 0.4582569828125 0.6805044640625 0.4582569828125 0.6805044640625 0.363636871875
8 0.1275 0.5658659218750001 0.11416071406249999 0.5658659218750001 0.11416071406249999 0.5797821234375 0.1275 0.5797821234375 0.1275 0.5658659218750001
8 0.4143794640625 0.49350837968750005 0.398071428125 0.49350837968750005 0.398071428125 0.5139162015625 0.4143794640625 0.5139162015625 0.4143794640625 0.49350837968750005