4 0.30859375 0.68359375 0.20703125 0.68359375 0.20703125 0.7714866078125 0.30859375 0.7714866078125 0.30859375 0.68359375
4 0.234375 0.7558616078125 0.16796875 0.7558616078125 0.16796875 0.8125 0.234375 0.8125 0.234375 0.7558616078125
4 0.1347678578125 0.6484375 0.078125 0.6484375 0.078125 0.73046875 0.1347678578125 0.73046875 0.1347678578125 0.6484375
4 0.2285178578125 0.59375 0.1386741078125 0.59375 0.1386741078125 0.6972678578125 0.2285178578125 0.6972678578125 0.2285178578125 0.59375
4 0.41211160781249995 0.3378928578125 0.3457053578125 0.3378928578125 0.3457053578125 0.41015625 0.41211160781249995 0.41015625 0.41211160781249995 0.3378928578125
4 0.47265625 0.41211160781249995 0.3886741078125 0.41211160781249995 0.3886741078125 0.48633035781249995 0.47265625 0.48633035781249995 0.47265625 0.41211160781249995
4 0.43359375 0.48242410781249995 0.27734375 0.48242410781249995 0.27734375 0.6074241078125 0.43359375 0.6074241078125 0.43359375 0.48242410781249995
4 0.28125 0.46289285781249995 0.1621116078125 0.46289285781249995 0.1621116078125 0.5488303578125 0.28125 0.5488303578125 0.28125 0.46289285781249995
4 0.33984375 0.3964866078125 0.2675803578125 0.3964866078125 0.2675803578125 0.46679910781249995 0.33984375 0.46679910781249995 0.33984375 0.3964866078125
4 0.68359375 0.6640625 0.5957053578125 0.6640625 0.5957053578125 0.78125 0.68359375 0.78125 0.68359375 0.6640625
4 0.7011741078125 0.38671875 0.60546875 0.38671875 0.60546875 0.63671875 0.7011741078125 0.63671875 0.7011741078125 0.38671875
4 0.6582053578125 0.125 0.46875 0.125 0.46875 0.2285178578125 0.6582053578125 0.2285178578125 0.6582053578125 0.125
4 0.6777366078125 0.23046875 0.58203125 0.23046875 0.58203125 0.3496116078125 0.6777366078125 0.3496116078125 0.6777366078125 0.23046875
4 0.5722678578125 0.3300803578125 0.4921875 0.3300803578125 0.4921875 0.41601785781249995 0.5722678578125 0.41601785781249995 0.5722678578125 0.3300803578125
4 0.5859375 0.48828125 0.49023660781249995 0.48828125 0.49023660781249995 0.625 0.5859375 0.625 0.5859375 0.48828125
4 0.5078125 0.6542991078125 0.43945535781249995 0.6542991078125 0.43945535781249995 0.70703125 0.5078125 0.70703125 0.5078125 0.6542991078125
4 0.5566428578125 0.8691428578125 0.4921875 0.8691428578125 0.4921875 0.94140625 0.5566428578125 0.94140625 0.5566428578125 0.8691428578125
4 0.8066428578125 0.9296875 0.7109375 0.9296875 0.7109375 0.9921875 0.8066428578125 0.9921875 0.8066428578125 0.9296875
4 0.99609375 0.58203125 0.9042991078125 0.58203125 0.9042991078125 0.8417991078125 0.99609375 0.8417991078125 0.99609375 0.58203125
4 0.48633035781249995 0.96484375 0.4375 0.96484375 0.4375 0.99609375 0.48633035781249995 0.99609375 0.48633035781249995 0.96484375
4 0.0566428578125 0.60546875 0.0234375 0.60546875 0.0234375 0.65234375 0.0566428578125 0.65234375 0.0566428578125 0.60546875
4 0.63671875 0.0058616078125 0.0644553578125 0.0058616078125 0.0644553578125 0.08203125 0.63671875 0.08203125 0.63671875 0.0058616078125
4 0.8515625 0.01171875 0.7265625 0.01171875 0.7265625 0.13671875 0.8515625 0.13671875 0.8515625 0.01171875
5 0.9863303578125 0.0625 0.53125 0.0625 0.53125 0.98046875 0.9863303578125 0.98046875 0.9863303578125 0.0625
3 0.56640625 0.7578125 0.52734375 0.7578125 0.52734375 0.8066428578125 0.56640625 0.8066428578125 0.56640625 0.7578125
3 0.5722678578125 0.8105491078125 0.5449241078125 0.8105491078125 0.5449241078125 0.83203125 0.5722678578125 0.83203125 0.5722678578125 0.8105491078125
3 0.6347678578125 0.7519553578125 0.6015625 0.7519553578125 0.6015625 0.7792991078125 0.6347678578125 0.7792991078125 0.6347678578125 0.7519553578125
3 0.6855491078125 0.6796875 0.5996116078125 0.6796875 0.5996116078125 0.7480491078125 0.6855491078125 0.7480491078125 0.6855491078125 0.6796875
3 0.66015625 0.8730491078125 0.6347678578125 0.8730491078125 0.6347678578125 0.9042991078125 0.66015625 0.9042991078125 0.66015625 0.8730491078125
3 0.7753928578125 0.8515625 0.73828125 0.8515625 0.73828125 0.8828125 0.7753928578125 0.8828125 0.7753928578125 0.8515625
3 0.72265625 0.8613303578125 0.6875 0.8613303578125 0.6875 0.8925803578125 0.72265625 0.8925803578125 0.72265625 0.8613303578125
3 0.7265625 0.0019553578125 0.6191428578125 0.0019553578125 0.6191428578125 0.0410178578125 0.7265625 0.0410178578125 0.7265625 0.0019553578125
3 0.2753928578125 0.5175803578125 0.25 0.5175803578125 0.25 0.5449241078125 0.2753928578125 0.5449241078125 0.2753928578125 0.5175803578125