8 0.4603392859375 0.3367374296875 0.39140178593749997 0.3367374296875 0.39140178593749997 0.4359944140625 0.4603392859375 0.4359944140625 0.4603392859375 0.3367374296875
8 0.46997767812499996 0.097402234375 0.34914732187499997 0.097402234375 0.34914732187499997 0.153061453125 0.46997767812499996 0.153061453125 0.46997767812499996 0.097402234375
8 0.3447008921875 0.11781005625 0.317272321875 0.11781005625 0.317272321875 0.153061453125 0.3447008921875 0.153061453125 0.3447008921875 0.11781005625
8 0.3135669640625 0.11781005625 0.27724107187499997 0.11781005625 0.27724107187499997 0.1576983234375 0.3135669640625 0.1576983234375 0.3135669640625 0.11781005625
8 0.28317410781249996 0.1354357546875 0.25796874999999997 0.1354357546875 0.25796874999999997 0.16419553125 0.28317410781249996 0.16419553125 0.28317410781249996 0.1354357546875
8 0.265383928125 0.14749720625 0.225352678125 0.14749720625 0.225352678125 0.1818212296875 0.265383928125 0.1818212296875 0.265383928125 0.14749720625
8 0.23499107187499998 0.16419553125 0.1964419640625 0.16419553125 0.1964419640625 0.2077932953125 0.23499107187499998 0.2077932953125 0.23499107187499998 0.16419553125
8 0.19940625 0.192022346875 0.180875 0.192022346875 0.180875 0.22449162031249997 0.19940625 0.22449162031249997 0.19940625 0.192022346875
8 0.180875 0.19758659218750002 0.1260178578125 0.19758659218750002 0.1260178578125 0.246754190625 0.180875 0.246754190625 0.180875 0.19758659218750002
8 0.11416071406249999 0.1614134078125 0.0548571421875 0.1614134078125 0.0548571421875 0.21613966406250001 0.11416071406249999 0.21613966406250001 0.11416071406249999 0.1614134078125
8 0.1964419640625 0.16975977656250002 0.1645669640625 0.16975977656250002 0.1645669640625 0.2003743015625 0.1964419640625 0.2003743015625 0.1964419640625 0.16975977656250002
8 0.6212008921875001 0.0528770953125 0.5715357140624999 0.0528770953125 0.5715357140624999 0.0992569828125 0.6212008921875001 0.0992569828125 0.6212008921875001 0.0528770953125
8 0.61971875 0.245826815625 0.5826517859375 0.245826815625 0.5826517859375 0.27458100625 0.61971875 0.27458100625 0.61971875 0.245826815625
8 0.587102678125 0.1818212296875 0.548553571875 0.1818212296875 0.548553571875 0.21985474843750002 0.587102678125 0.21985474843750002 0.587102678125 0.1818212296875
8 0.41808928593749994 0.2179944140625 0.39584821406250004 0.2179944140625 0.39584821406250004 0.246754190625 0.41808928593749994 0.246754190625 0.41808928593749994 0.2179944140625
8 0.3973303578125 0.23191061406250002 0.3639732140625 0.23191061406250002 0.3639732140625 0.26437988749999997 0.3973303578125 0.26437988749999997 0.3973303578125 0.23191061406250002
8 0.38028125 0.2003743015625 0.3461830359375 0.2003743015625 0.3461830359375 0.23005586562499997 0.38028125 0.23005586562499997 0.38028125 0.2003743015625
8 0.2483303578125 0.49443575468749995 0.1771696421875 0.49443575468749995 0.1771696421875 0.5547318437500001 0.2483303578125 0.5547318437500001 0.2483303578125 0.49443575468749995
8 0.24017857187499997 0.5946201125 0.193477678125 0.5946201125 0.193477678125 0.644715084375 0.24017857187499997 0.644715084375 0.24017857187499997 0.5946201125
8 0.29948214218749997 0.6549217875 0.2416607140625 0.6549217875 0.2416607140625 0.717072625 0.29948214218749997 0.717072625 0.29948214218749997 0.6549217875
8 0.339508928125 0.7133631281249999 0.29503124999999997 0.7133631281249999 0.29503124999999997 0.761597765625 0.339508928125 0.761597765625 0.339508928125 0.7133631281249999
8 0.4054866078125 0.7096480453125 0.36249107187499996 0.7096480453125 0.36249107187499996 0.7699497203125001 0.4054866078125 0.7699497203125001 0.4054866078125 0.7096480453125
8 0.5181607140625 0.659558659375 0.47590625 0.659558659375 0.47590625 0.7152178765625 0.5181607140625 0.7152178765625 0.5181607140625 0.659558659375
8 0.5908080359375 0.5964748609375 0.5678258921875 0.5964748609375 0.5678258921875 0.6252346375 0.5908080359375 0.6252346375 0.5908080359375 0.5964748609375
8 0.1193482140625 0.8506536312499999 0.063008928125 0.8506536312499999 0.063008928125 0.9369217875 0.1193482140625 0.9369217875 0.1193482140625 0.8506536312499999
8 0.1704955359375 0.9026033515625 0.1289866078125 0.9026033515625 0.1289866078125 0.9768156421875 0.1704955359375 0.9768156421875 0.1704955359375 0.9026033515625
8 0.7190491078125001 0.6029720671875001 0.679022321875 0.6029720671875001 0.679022321875 0.6410055859375 0.7190491078125001 0.6410055859375 0.7190491078125001 0.6029720671875001
8 0.73684375 0.60018994375 0.7190491078125001 0.60018994375 0.7190491078125001 0.6345083796875 0.73684375 0.6345083796875 0.73684375 0.60018994375
8 0.761303571875 0.6066815640625001 0.7383258921875 0.6066815640625001 0.7383258921875 0.6428603359375 0.761303571875 0.6428603359375 0.761303571875 0.6066815640625001
8 0.818383928125 0.6345083796875 0.7894732140625 0.6345083796875 0.7894732140625 0.6827486031250001 0.818383928125 0.6827486031250001 0.818383928125 0.6345083796875
8 0.9985178578125 0.5844189937500001 0.9696071421875001 0.5844189937500001 0.9696071421875001 0.6270893859375 0.9985178578125 0.6270893859375 0.9985178578125 0.5844189937500001
8 0.733133928125 0.9230111734375 0.6931071421875 0.9230111734375 0.6931071421875 0.995363128125 0.733133928125 0.995363128125 0.733133928125 0.9230111734375
8 0.618977678125 0.9192960890625 0.5841383921875 0.9192960890625 0.5841383921875 0.9675363125 0.618977678125 0.9675363125 0.618977678125 0.9192960890625
8 0.6293571421874999 0.8302458093749999 0.6130446421875 0.8302458093749999 0.6130446421875 0.8608547484375 0.6293571421874999 0.8608547484375 0.6293571421874999 0.8302458093749999
8 0.6367678578125 0.8849776531250001 0.61971875 0.8849776531250001 0.61971875 0.9072402234375 0.6367678578125 0.9072402234375 0.6367678578125 0.8849776531250001
8 0.70496875 0.6688324015625 0.6293571421874999 0.6688324015625 0.6293571421874999 0.8970335203124999 0.70496875 0.8970335203124999 0.70496875 0.6688324015625
8 0.49221428593749994 0.8506536312499999 0.4633080359375 0.8506536312499999 0.4633080359375 0.9026033515625 0.49221428593749994 0.9026033515625 0.49221428593749994 0.8506536312499999
8 0.21423214218750003 0.12708938593750002 0.1786517859375 0.12708938593750002 0.1786517859375 0.16326815625 0.21423214218750003 0.16326815625 0.21423214218750003 0.12708938593750002
8 0.200147321875 0.016698323437500003 0.17420089218749998 0.016698323437500003 0.17420089218749998 0.0491675984375 0.200147321875 0.0491675984375 0.200147321875 0.016698323437500003
8 0.148258928125 0.0408156421875 0.1208303578125 0.0408156421875 0.1208303578125 0.0872011171875 0.148258928125 0.0872011171875 0.148258928125 0.0408156421875
8 0.432915178125 0.574212290625 0.4106741078125 0.574212290625 0.4106741078125 0.60018994375 0.432915178125 0.60018994375 0.432915178125 0.574212290625
8 0.426241071875 0.6270893859375 0.40845089218749997 0.6270893859375 0.40845089218749997 0.6530614531250001 0.426241071875 0.6530614531250001 0.426241071875 0.6270893859375
8 0.6582633921875 0.9415642453125 0.656040178125 0.9415642453125 0.656040178125 0.9656815640625 0.6582633921875 0.9656815640625 0.6582633921875 0.9415642453125
8 0.7042232140625 0.5139162015625 0.6760580359375 0.5139162015625 0.6760580359375 0.5482402234375 0.7042232140625 0.5482402234375 0.7042232140625 0.5139162015625
3 0.9332857140625 0.5788547484375 0.9036339281249999 0.5788547484375 0.9036339281249999 0.6103910609375001 0.9332857140625 0.6103910609375001 0.9332857140625 0.5788547484375
3 0.424758928125 0.659558659375 0.40696875 0.659558659375 0.40696875 0.6790391062500001 0.424758928125 0.6790391062500001 0.424758928125 0.659558659375
3 0.38028125 0.659558659375 0.36175 0.659558659375 0.36175 0.6790391062500001 0.38028125 0.6790391062500001 0.38028125 0.659558659375
3 0.072647321875 0.737480446875 0.05337499999999999 0.737480446875 0.05337499999999999 0.7634525140624999 0.072647321875 0.7634525140624999 0.072647321875 0.737480446875
8 0.5515178578125 0.5333966484375 0.49147321406250005 0.5333966484375 0.49147321406250005 0.5640111734375 0.5515178578125 0.5640111734375 0.5515178578125 0.5333966484375
8 0.5329866078125 0.5686480453125 0.5040758921874999 0.5686480453125 0.5040758921874999 0.6085363125 0.5329866078125 0.6085363125 0.5329866078125 0.5686480453125
8 0.561897321875 0.60111731875 0.5389196421875 0.60111731875 0.5389196421875 0.6270893859375 0.561897321875 0.6270893859375 0.561897321875 0.60111731875
8 0.48554464218750004 0.4666089390625 0.45885714218749996 0.4666089390625 0.45885714218749996 0.5046424578125001 0.48554464218750004 0.5046424578125001 0.48554464218750004 0.4666089390625
8 0.45663392812500003 0.49814525156249995 0.4306875 0.49814525156249995 0.4306875 0.5194804468750001 0.45663392812500003 0.5194804468750001 0.45663392812500003 0.49814525156249995
8 0.4803571421875 0.520407821875 0.458116071875 0.520407821875 0.458116071875 0.5417486031250001 0.4803571421875 0.5417486031250001 0.4803571421875 0.520407821875
8 0.46997767812499996 0.534324021875 0.44625446406249997 0.534324021875 0.44625446406249997 0.562156425 0.46997767812499996 0.562156425 0.46997767812499996 0.534324021875
8 0.498147321875 0.49721787656250005 0.47368303593750005 0.49721787656250005 0.47368303593750005 0.52226815625 0.498147321875 0.52226815625 0.498147321875 0.49721787656250005
5 0.45218749999999996 0.50742458125 0.2742767859375 0.50742458125 0.2742767859375 0.6688324015625 0.45218749999999996 0.6688324015625 0.45218749999999996 0.50742458125