5 0.51171875 0.2578125 0.171875 0.2578125 0.171875 0.7636741078125 0.51171875 0.7636741078125 0.51171875 0.2578125
7 0.9941428578125 0.67578125 0.81640625 0.67578125 0.81640625 0.98828125 0.9941428578125 0.98828125 0.9941428578125 0.67578125
8 0.6660178578125 0.3144553578125 0.62109375 0.3144553578125 0.62109375 0.39453125 0.6660178578125 0.39453125 0.6660178578125 0.3144553578125
8 0.61328125 0.2089866078125 0.5878928578125 0.2089866078125 0.5878928578125 0.23046875 0.61328125 0.23046875 0.61328125 0.2089866078125
8 0.3457053578125 0.1816428578125 0.265625 0.1816428578125 0.265625 0.21484375 0.3457053578125 0.21484375 0.3457053578125 0.1816428578125
8 0.1464866078125 0.6582053578125 0.1191428578125 0.6582053578125 0.1191428578125 0.6875 0.1464866078125 0.6875 0.1464866078125 0.6582053578125
3 0.49804910781249995 0.7128928578125 0.4765625 0.7128928578125 0.4765625 0.734375 0.49804910781249995 0.734375 0.49804910781249995 0.7128928578125
8 0.6640625 0.44921875 0.6464866078125 0.44921875 0.6464866078125 0.46484375 0.6640625 0.46484375 0.6640625 0.44921875
8 0.59765625 0.3261741078125 0.5800803578125 0.3261741078125 0.5800803578125 0.3457053578125 0.59765625 0.3457053578125 0.59765625 0.3261741078125
8 0.48242410781249995 0.296875 0.46484375 0.296875 0.46484375 0.3183616078125 0.48242410781249995 0.3183616078125 0.48242410781249995 0.296875
8 0.265625 0.2128928578125 0.1425803578125 0.2128928578125 0.1425803578125 0.2832053578125 0.265625 0.2832053578125 0.265625 0.2128928578125
8 0.2246116078125 0.28515625 0.0800803578125 0.28515625 0.0800803578125 0.359375 0.2246116078125 0.359375 0.2246116078125 0.28515625
8 0.1855491078125 0.3613303578125 0.0566428578125 0.3613303578125 0.0566428578125 0.41796875 0.1855491078125 0.41796875 0.1855491078125 0.3613303578125
8 0.1660178578125 0.4140625 0.0449241078125 0.4140625 0.0449241078125 0.4921875 0.1660178578125 0.4921875 0.1660178578125 0.4140625
8 0.1640625 0.49414285781249995 0.0625 0.49414285781249995 0.0625 0.58203125 0.1640625 0.58203125 0.1640625 0.49414285781249995
8 0.1777366078125 0.578125 0.1269553578125 0.578125 0.1269553578125 0.6328125 0.1777366078125 0.6328125 0.1777366078125 0.578125