1 0.5 1 0.5 0.68325263125 0.290584821875 0.68325263125 0.290584821875 1 0.5 1
1 0.8685044640624999 1 0.8685044640624999 0.6057421046875 0.510553571875 0.6057421046875 0.510553571875 1 0.8685044640624999 1
1 0.9025982140625001 0.6516736843750001 0.8620133921875001 0.6516736843750001 0.8620133921875001 0.7148315796875 0.9025982140625001 0.7148315796875 0.9025982140625001 0.6516736843750001
3 0.854709821875 0.0028684203125 0.6810044640624999 0.0028684203125 0.6810044640624999 0.1846894734375 0.854709821875 0.1846894734375 0.854709821875 0.0028684203125
3 0.5089285718750001 0.6181842109375 0.4853883921875 0.6181842109375 0.4853883921875 0.6497631578124999 0.5089285718750001 0.6497631578124999 0.5089285718750001 0.6181842109375
8 0.8417187500000001 0.0708157890625 0.8287321421874999 0.0708157890625 0.8287321421874999 0.08995263125 0.8417187500000001 0.08995263125 0.8417187500000001 0.0708157890625
8 0.8271116078125 0.0612421046875 0.8003258921875 0.0612421046875 0.8003258921875 0.093778946875 0.8271116078125 0.093778946875 0.8271116078125 0.0612421046875
8 0.7962678578125 0.02775263125 0.77921875 0.02775263125 0.77921875 0.044021053125 0.7962678578125 0.044021053125 0.7962678578125 0.02775263125
8 0.7849017859375 0.003826315625 0.771102678125 0.003826315625 0.771102678125 0.0191368421875 0.7849017859375 0.0191368421875 0.7849017859375 0.003826315625
8 0.8400982140625001 0.1473684203125 0.8279241078125 0.1473684203125 0.8279241078125 0.176078946875 0.8400982140625001 0.176078946875 0.8400982140625001 0.1473684203125
8 0.8887991078124999 0.28995263125 0.8774330359375 0.28995263125 0.8774330359375 0.3378 0.8887991078124999 0.3378 0.8887991078124999 0.28995263125
8 0.8303571421875 0.28995263125 0.814125 0.28995263125 0.814125 0.3177052625 0.8303571421875 0.3177052625 0.8303571421875 0.28995263125
8 0.7816562499999999 0.2842105265625 0.7694821421875 0.2842105265625 0.7694821421875 0.3081315796875 0.7816562499999999 0.3081315796875 0.7816562499999999 0.2842105265625
8 0.4310044640625 0.0019157890625 0.36607142812500004 0.0019157890625 0.36607142812500004 0.0229684203125 0.4310044640625 0.0229684203125 0.4310044640625 0.0019157890625
8 0.41964285781250005 0.02775263125 0.40746874999999994 0.02775263125 0.40746874999999994 0.0430631578125 0.41964285781250005 0.0430631578125 0.41964285781250005 0.02775263125
8 0.3603883921875 0.0067 0.35145982187499997 0.0067 0.35145982187499997 0.0200947375 0.3603883921875 0.0200947375 0.3603883921875 0.0067
8 0.086040178125 0.0698578953125 0.064125 0.0698578953125 0.064125 0.1090894734375 0.086040178125 0.1090894734375 0.086040178125 0.0698578953125
8 0.0795446421875 0.148326315625 0.0657455359375 0.148326315625 0.0657455359375 0.1645947375 0.0795446421875 0.1645947375 0.0795446421875 0.148326315625
8 0.0625 0.162678946875 0.0470758921875 0.162678946875 0.0470758921875 0.176078946875 0.0625 0.176078946875 0.0625 0.162678946875
8 0.0876607140625 0.9100473687499999 0.07224107187499999 0.9100473687499999 0.07224107187499999 0.9320578953125 0.0876607140625 0.9320578953125 0.0876607140625 0.9100473687499999
8 0.15421875000000002 0.9856473687499999 0.1371741078125 0.9856473687499999 0.1371741078125 0.9990421046875 0.15421875000000002 0.9990421046875 0.15421875000000002 0.9856473687499999
8 0.17288839218750002 0.9253578953125 0.1412321421875 0.9253578953125 0.1412321421875 0.955978946875 0.17288839218750002 0.955978946875 0.17288839218750002 0.9253578953125
8 0.21104017812500003 0.9425842109375001 0.19399553593750002 0.9425842109375001 0.19399553593750002 0.9636368421875 0.21104017812500003 0.9636368421875 0.21104017812500003 0.9425842109375001
8 0.1915580359375 0.9665052624999999 0.17938392812499998 0.9665052624999999 0.17938392812499998 0.9770315796875 0.1915580359375 0.9770315796875 0.1915580359375 0.9665052624999999
8 0.20860267812500002 1 0.20860267812500002 0.9885157890625 0.196428571875 0.9885157890625 0.196428571875 1 0.20860267812500002 1
8 0.0251607140625 0.7933 0.0024330359375 0.7933 0.0024330359375 0.824878946875 0.0251607140625 0.824878946875 0.0251607140625 0.7933
8 0.2670446421875 0.6689 0.251625 0.6689 0.251625 0.6976052625 0.2670446421875 0.6976052625 0.2670446421875 0.6689
8 0.633116071875 0.4602894734375 0.623375 0.4602894734375 0.623375 0.47464210468749995 0.633116071875 0.47464210468749995 0.633116071875 0.4602894734375
8 0.6404241078124999 0.47942631562500004 0.6306830359375 0.47942631562500004 0.6306830359375 0.51674736875 0.6404241078124999 0.51674736875 0.6404241078124999 0.47942631562500004
8 0.5600669640625 0.1473684203125 0.5503258921875 0.1473684203125 0.5503258921875 0.1607631578125 0.5600669640625 0.1607631578125 0.5600669640625 0.1473684203125
8 0.560875 0.168421053125 0.551946428125 0.168421053125 0.551946428125 0.1818157890625 0.560875 0.1818157890625 0.560875 0.168421053125
8 0.6103883921875 0.16363684218750002 0.5998392859375 0.16363684218750002 0.5998392859375 0.182773684375 0.6103883921875 0.182773684375 0.6103883921875 0.16363684218750002
8 0.5576294640625 0.3157894734375 0.5495133921875001 0.3157894734375 0.5495133921875001 0.3445 0.5576294640625 0.3445 0.5576294640625 0.3157894734375
8 0.271102678125 0.341626315625 0.2451294640625 0.341626315625 0.2451294640625 0.368421053125 0.271102678125 0.368421053125 0.271102678125 0.341626315625
8 0.3157455359375 0.3301421046875 0.290584821875 0.3301421046875 0.290584821875 0.361721053125 0.3157455359375 0.361721053125 0.3157455359375 0.3301421046875
8 0.30600446406250004 0.3014368421875 0.27678571406249997 0.3014368421875 0.27678571406249997 0.32631578906250003 0.30600446406250004 0.32631578906250003 0.30600446406250004 0.3014368421875
8 0.270290178125 0.2813421046875 0.2524330359375 0.2813421046875 0.2524330359375 0.29569473749999997 0.270290178125 0.29569473749999997 0.270290178125 0.2813421046875
8 0.16071428593749998 0.3866052625 0.147727678125 0.3866052625 0.147727678125 0.40574210468749994 0.16071428593749998 0.40574210468749994 0.16071428593749998 0.3866052625
8 0.1363616078125 0.37224736875 0.1112008921875 0.37224736875 0.1112008921875 0.42392105312500006 0.1363616078125 0.42392105312500006 0.1363616078125 0.37224736875
8 0.0974017859375 0.3645947375 0.0884732140625 0.3645947375 0.0884732140625 0.37894736875 0.0974017859375 0.37894736875 0.0974017859375 0.3645947375
8 0.06655803593750001 0.38755789531249996 0.055196428124999995 0.38755789531249996 0.055196428124999995 0.3980842109375 0.06655803593750001 0.3980842109375 0.06655803593750001 0.38755789531249996
8 0.069803571875 0.4133947375 0.06006696406249999 0.4133947375 0.06006696406249999 0.42105263125 0.069803571875 0.42105263125 0.069803571875 0.4133947375
8 0.086852678125 0.43540526249999995 0.06899553593749999 0.43540526249999995 0.06899553593749999 0.4602894734375 0.086852678125 0.4602894734375 0.086852678125 0.43540526249999995
8 0.13149553593750002 0.3177052625 0.12175446406249998 0.3177052625 0.12175446406249998 0.3291842109375 0.13149553593750002 0.3291842109375 0.13149553593750002 0.3177052625
8 0.18912500000000002 0.2803842109375 0.15421875000000002 0.2803842109375 0.15421875000000002 0.320573684375 0.18912500000000002 0.320573684375 0.18912500000000002 0.2803842109375
8 0.165584821875 0.265073684375 0.15584375 0.265073684375 0.15584375 0.2746421046875 0.165584821875 0.2746421046875 0.165584821875 0.265073684375
8 0.5949687499999999 0.2555 0.5811696421875 0.2555 0.5811696421875 0.286126315625 0.5949687499999999 0.286126315625 0.5949687499999999 0.2555
8 0.6834419640625 0.22871052656250002 0.6696428578125 0.22871052656250002 0.6696428578125 0.26890000000000003 0.6834419640625 0.26890000000000003 0.6834419640625 0.22871052656250002
8 0.647727678125 0.155978946875 0.6387991078125 0.155978946875 0.6387991078125 0.16555263125 0.647727678125 0.16555263125 0.647727678125 0.155978946875
8 0.679383928125 0.19521578906249998 0.6704553578125 0.19521578906249998 0.6704553578125 0.20670000000000002 0.679383928125 0.20670000000000002 0.679383928125 0.19521578906249998
8 0.7337678578125 0.11483157968749999 0.711852678125 0.11483157968749999 0.711852678125 0.1301421046875 0.7337678578125 0.1301421046875 0.7337678578125 0.11483157968749999