7 0.20463392812499998 0.028828571874999997 0.0424732140625 0.028828571874999997 0.0424732140625 0.313 0.20463392812499998 0.313 0.20463392812499998 0.028828571874999997
4 0.9691116078125 0.8278000000000001 0.8571428578125 0.8278000000000001 0.8571428578125 0.8978142859375 0.9691116078125 0.8978142859375 0.9691116078125 0.8278000000000001
4 0.2741294640625 0.901928571875 0.034749999999999996 0.901928571875 0.034749999999999996 0.9225238093750001 0.2741294640625 0.9225238093750001 0.2741294640625 0.901928571875
6 0.722008928125 1 0.722008928125 0.6259952375 0.5637053578125 0.6259952375 0.5637053578125 1 0.722008928125 1
8 0.8687276781250001 0.46538095312500005 0.8610044640625001 0.46538095312500005 0.8610044640625001 0.48597142812499994 0.8687276781250001 0.48597142812499994 0.8687276781250001 0.46538095312500005
8 0.8262544640625 0.6054047625 0.81853125 0.6054047625 0.81853125 0.6259952375 0.8262544640625 0.6259952375 0.8262544640625 0.6054047625
8 0.3976830359375 0.7330761906250001 0.3860982140625 0.7330761906250001 0.3860982140625 0.7454333328125 0.3976830359375 0.7454333328125 0.3976830359375 0.7330761906250001
8 0.20463392812499998 0.8360380953125001 0.200772321875 0.8360380953125001 0.200772321875 0.844271428125 0.20463392812499998 0.844271428125 0.20463392812499998 0.8360380953125001
8 0.42084821406249995 0.7495476187500001 0.41312946406249995 0.7495476187500001 0.41312946406249995 0.7536666671875001 0.42084821406249995 0.7536666671875001 0.42084821406249995 0.7495476187500001
8 0.243241071875 0.8525095234375 0.2316607140625 0.8525095234375 0.2316607140625 0.8607476187499999 0.243241071875 0.8607476187499999 0.243241071875 0.8525095234375
8 0.235522321875 0.8772190468750001 0.2316607140625 0.8772190468750001 0.2316607140625 0.8813380953125 0.235522321875 0.8813380953125 0.235522321875 0.8772190468750001
1 0.980696428125 0.44067142812500004 0.7142857140625 0.44067142812500004 0.7142857140625 0.778376190625 0.980696428125 0.778376190625 0.980696428125 0.44067142812500004
5 0.6563705359374999 0.34594761875 0.5135133921875 0.34594761875 0.5135133921875 0.564219046875 0.6563705359374999 0.564219046875 0.6563705359374999 0.34594761875
5 0.9691116078125 0.7289571421875001 0.6640937499999999 0.7289571421875001 0.6640937499999999 0.967823809375 0.9691116078125 0.967823809375 0.9691116078125 0.7289571421875001
5 0.552125 0.7289571421875001 0.135133928125 0.7289571421875001 0.135133928125 0.9801809531250001 0.552125 0.9801809531250001 0.552125 0.7289571421875001