8 0.9375 0.37847023750000003 0.8385401781249999 0.37847023750000003 0.8385401781249999 0.515625 0.9375 0.515625 0.9375 0.37847023750000003
8 0.62890625 0.38715476249999997 0.55859375 0.38715476249999997 0.55859375 0.4548630953125 0.62890625 0.4548630953125 0.62890625 0.38715476249999997
8 0.5338526781249999 0.21354166718749998 0.459633928125 0.21354166718749998 0.459633928125 0.2951369046875 0.5338526781249999 0.2951369046875 0.5338526781249999 0.21354166718749998
8 0.5989598218750001 0.25347023750000003 0.5364598218750001 0.25347023750000003 0.5364598218750001 0.3489583328125 0.5989598218750001 0.3489583328125 0.5989598218750001 0.25347023750000003
8 0.5260401781249999 0.30034523750000003 0.467446428125 0.30034523750000003 0.467446428125 0.366321428125 0.5260401781249999 0.366321428125 0.5260401781249999 0.30034523750000003
8 0.5169285718750001 0.147571428125 0.451821428125 0.147571428125 0.451821428125 0.2048630953125 0.5169285718750001 0.2048630953125 0.5169285718750001 0.147571428125
8 0.7317723218750001 0.2604166671875 0.6705714281249999 0.2604166671875 0.6705714281249999 0.37152976249999997 0.7317723218750001 0.37152976249999997 0.7317723218750001 0.2604166671875
4 0.231772321875 0.1840297625 0.057290178125 0.1840297625 0.057290178125 0.9166666671874999 0.231772321875 0.9166666671874999 0.231772321875 0.1840297625
8 0.43359375 0.6753452375 0.39192857187499996 0.6753452375 0.39192857187499996 0.734375 0.43359375 0.734375 0.43359375 0.6753452375
8 0.442709821875 0.5763869046875 0.419272321875 0.5763869046875 0.419272321875 0.609375 0.442709821875 0.609375 0.442709821875 0.5763869046875
8 0.5755223218750001 0.640625 0.5442723218750001 0.640625 0.5442723218750001 0.6684047625 0.5755223218750001 0.6684047625 0.5755223218750001 0.640625
8 0.9440089281249999 0.633678571875 0.921875 0.633678571875 0.921875 0.6736130953125 0.9440089281249999 0.6736130953125 0.9440089281249999 0.633678571875
8 0.442709821875 0.1857619046875 0.427084821875 0.1857619046875 0.427084821875 0.2048630953125 0.442709821875 0.2048630953125 0.442709821875 0.1857619046875
8 0.438803571875 0.11632142812499999 0.421875 0.11632142812499999 0.421875 0.131946428125 0.438803571875 0.131946428125 0.438803571875 0.11632142812499999
8 0.470053571875 0.1111130953125 0.454428571875 0.1111130953125 0.454428571875 0.1232619046875 0.470053571875 0.1232619046875 0.470053571875 0.1111130953125