3 0.9921875 0.1035178578125 0.8828125 0.1035178578125 0.8828125 0.26953125 0.9921875 0.26953125 0.9921875 0.1035178578125
3 0.921875 0.21484375 0.7324241078125 0.21484375 0.7324241078125 0.40429910781249995 0.921875 0.40429910781249995 0.921875 0.21484375
3 0.8125 0.59765625 0.7558616078125 0.59765625 0.7558616078125 0.6640625 0.8125 0.6640625 0.8125 0.59765625
3 0.67578125 0.78515625 0.6113303578125 0.78515625 0.6113303578125 0.8359375 0.67578125 0.8359375 0.67578125 0.78515625
3 0.953125 0.75 0.8984375 0.75 0.8984375 0.8105491078125 0.953125 0.8105491078125 0.953125 0.75
3 0.6464866078125 0.5214866078125 0.5957053578125 0.5214866078125 0.5957053578125 0.5722678578125 0.6464866078125 0.5722678578125 0.6464866078125 0.5214866078125
5 0.6035178578125 0.2832053578125 0.3808616078125 0.2832053578125 0.3808616078125 0.40625 0.6035178578125 0.40625 0.6035178578125 0.2832053578125
3 0.49023660781249995 0.06640625 0.4453125 0.06640625 0.4453125 0.0917991078125 0.49023660781249995 0.0917991078125 0.49023660781249995 0.06640625
3 0.5253928578125 0.05859375 0.5 0.05859375 0.5 0.08203125 0.5253928578125 0.08203125 0.5253928578125 0.05859375
3 0.609375 0.0625 0.5878928578125 0.0625 0.5878928578125 0.0839866078125 0.609375 0.0839866078125 0.609375 0.0625
3 0.69921875 0.08203125 0.6796875 0.08203125 0.6796875 0.1015625 0.69921875 0.1015625 0.69921875 0.08203125
3 0.7128928578125 0.1269553578125 0.63671875 0.1269553578125 0.63671875 0.2480491078125 0.7128928578125 0.2480491078125 0.7128928578125 0.1269553578125
3 0.57421875 0.19921875 0.5292991078125 0.19921875 0.5292991078125 0.2246116078125 0.57421875 0.2246116078125 0.57421875 0.19921875
3 0.046875 0.6230491078125 0.0019553578125 0.6230491078125 0.0019553578125 0.6738303578125 0.046875 0.6738303578125 0.046875 0.6230491078125
3 0.7363303578125 0.5566428578125 0.71484375 0.5566428578125 0.71484375 0.578125 0.7363303578125 0.578125 0.7363303578125 0.5566428578125
3 0.8515625 0.40039285781249995 0.8261741078125 0.40039285781249995 0.8261741078125 0.4375 0.8515625 0.4375 0.8515625 0.40039285781249995
3 0.9941428578125 0.8183616078125 0.9667991078125 0.8183616078125 0.9667991078125 0.8515625 0.9941428578125 0.8515625 0.9941428578125 0.8183616078125
3 0.87890625 0.62109375 0.86328125 0.62109375 0.86328125 0.6386741078125 0.87890625 0.6386741078125 0.87890625 0.62109375
4 0.9941428578125 0.1191428578125 0.9042991078125 0.1191428578125 0.9042991078125 0.2402366078125 0.9941428578125 0.2402366078125 0.9941428578125 0.1191428578125