7 0.384727678125 0.0027821234375 0.000741071875 0.0027821234375 0.000741071875 0.878480446875 0.384727678125 0.878480446875 0.384727678125 0.0027821234375
8 0.516678571875 0.030614524999999997 0.45663392812500003 0.030614524999999997 0.45663392812500003 0.0927653625 0.516678571875 0.0927653625 0.516678571875 0.030614524999999997
8 0.44403125 0.0714301671875 0.41808928593749994 0.0714301671875 0.41808928593749994 0.11688268125000001 0.44403125 0.11688268125000001 0.44403125 0.0714301671875
8 0.4373616078125 0.21428491562500002 0.41215624999999995 0.21428491562500002 0.41215624999999995 0.2486089390625 0.4373616078125 0.2486089390625 0.4373616078125 0.21428491562500002
8 0.40845089218749997 0.2662346375 0.38620982187499997 0.2662346375 0.38620982187499997 0.35250837968750004 0.40845089218749997 0.35250837968750004 0.40845089218749997 0.2662346375
8 0.3780580359375 0.30426815625 0.354334821875 0.30426815625 0.354334821875 0.3534357546875 0.3780580359375 0.3534357546875 0.3780580359375 0.30426815625
8 0.3409955359375 0.4118770953125 0.3135669640625 0.4118770953125 0.3135669640625 0.4619664796875 0.3409955359375 0.4619664796875 0.3409955359375 0.4118770953125
8 0.45070535781250004 0.393324021875 0.4284642859375 0.393324021875 0.4284642859375 0.44526815624999994 0.45070535781250004 0.44526815624999994 0.45070535781250004 0.393324021875
8 0.4203125 0.4230055859375 0.40103571406249994 0.4230055859375 0.40103571406249994 0.457329609375 0.4203125 0.457329609375 0.4203125 0.4230055859375
8 0.40103571406249994 0.4276480453125 0.3684196421875 0.4276480453125 0.3684196421875 0.4842346375 0.40103571406249994 0.4842346375 0.40103571406249994 0.4276480453125
8 0.516678571875 0.48979888281250006 0.4810982140625 0.48979888281250006 0.4810982140625 0.5296871515625 0.516678571875 0.5296871515625 0.516678571875 0.48979888281250006
8 0.838397321875 0.3951787703125 0.8169017859375 0.3951787703125 0.8169017859375 0.42950279374999994 0.838397321875 0.42950279374999994 0.838397321875 0.3951787703125
8 0.878428571875 0.338592178125 0.8569330359375 0.338592178125 0.8569330359375 0.3729162015625 0.878428571875 0.3729162015625 0.878428571875 0.338592178125
8 0.873241071875 0.4740279328125 0.8569330359375 0.4740279328125 0.8569330359375 0.5064972062499999 0.873241071875 0.5064972062499999 0.873241071875 0.4740279328125
8 0.754633928125 0.612245809375 0.7353616078125 0.612245809375 0.7353616078125 0.64749720625 0.754633928125 0.64749720625 0.754633928125 0.612245809375
8 0.7494419640625 0.26252513906249997 0.7316517859375 0.26252513906249997 0.7316517859375 0.28478770937500003 0.7494419640625 0.28478770937500003 0.7494419640625 0.26252513906249997
8 0.8028169640625 0.26252513906249997 0.7835446421875 0.26252513906249997 0.7835446421875 0.28293296093750003 0.8028169640625 0.28293296093750003 0.8028169640625 0.26252513906249997
8 0.6486294640625 0.27458100625 0.6241651781249999 0.27458100625 0.6241651781249999 0.300558659375 0.6486294640625 0.300558659375 0.6486294640625 0.27458100625
8 0.7220178578125 0.254173184375 0.6997767859375 0.254173184375 0.6997767859375 0.28664245781250003 0.7220178578125 0.28664245781250003 0.7220178578125 0.254173184375
8 0.7998526781249999 0.8005586593749999 0.7724241078125 0.8005586593749999 0.7724241078125 0.8423016765625 0.7998526781249999 0.8423016765625 0.7998526781249999 0.8005586593749999
8 0.8361741078125 0.60111731875 0.8154196421875 0.60111731875 0.8154196421875 0.644715084375 0.8361741078125 0.644715084375 0.8361741078125 0.60111731875
8 0.4862857140625 0.409094971875 0.45663392812500003 0.409094971875 0.45663392812500003 0.49350837968750005 0.4862857140625 0.49350837968750005 0.4862857140625 0.409094971875
4 0.6004464281249999 0.0027821234375 0.3143080359375 0.0027821234375 0.3143080359375 0.620597765625 0.6004464281249999 0.620597765625 0.6004464281249999 0.0027821234375
3 0.7991116078125 0.7940670390625 0.77390625 0.7940670390625 0.77390625 0.840446928125 0.7991116078125 0.840446928125 0.7991116078125 0.7940670390625
3 0.923647321875 0.612245809375 0.8991830359374999 0.612245809375 0.8991830359374999 0.6410055859375 0.923647321875 0.6410055859375 0.923647321875 0.612245809375
3 0.8361741078125 0.6029720671875001 0.8139375 0.6029720671875001 0.8139375 0.6465698328125 0.8361741078125 0.6465698328125 0.8361741078125 0.6029720671875001
3 0.754633928125 0.6150279328125 0.7383258921875 0.6150279328125 0.7383258921875 0.6465698328125 0.754633928125 0.6465698328125 0.754633928125 0.6150279328125
3 0.778352678125 0.6252346375 0.761303571875 0.6252346375 0.761303571875 0.658631284375 0.778352678125 0.658631284375 0.778352678125 0.6252346375
3 0.9925892859375001 0.5667932953125 0.968125 0.5667932953125 0.968125 0.61688826875 0.9925892859375001 0.61688826875 0.9925892859375001 0.5667932953125
3 0.28465625 0.9165139671875 0.2498125 0.9165139671875 0.2498125 0.9508379890624999 0.28465625 0.9508379890624999 0.28465625 0.9165139671875
3 0.6916249999999999 0.187385475 0.6226830359375 0.187385475 0.6226830359375 0.2987039109375 0.6916249999999999 0.2987039109375 0.6916249999999999 0.187385475
3 0.8206071421875001 0.16975977656250002 0.7398080359375 0.16975977656250002 0.7398080359375 0.2949944140625 0.8206071421875001 0.2949944140625 0.8206071421875001 0.16975977656250002
3 0.6271294640625 0.0936927375 0.6048928578125 0.0936927375 0.6048928578125 0.1233798875 0.6271294640625 0.1233798875 0.6271294640625 0.0936927375
3 0.6805044640625 0.1391452515625 0.647147321875 0.1391452515625 0.647147321875 0.187385475 0.6805044640625 0.187385475 0.6805044640625 0.1391452515625
3 0.9503348218750001 0.3812625703125 0.908821428125 0.3812625703125 0.908821428125 0.41744134062500005 0.9503348218750001 0.41744134062500005 0.9503348218750001 0.3812625703125
5 0.9970357140624999 0.2179944140625 0.5633794640625001 0.2179944140625 0.5633794640625001 0.995363128125 0.9970357140624999 0.995363128125 0.9970357140624999 0.2179944140625
3 0.565602678125 0.32282122968750004 0.432915178125 0.32282122968750004 0.432915178125 0.5491675984375 0.565602678125 0.5491675984375 0.565602678125 0.32282122968750004
3 0.5997053578125 0.40723463750000005 0.5507767859375 0.40723463750000005 0.5507767859375 0.481446928125 0.5997053578125 0.481446928125 0.5997053578125 0.40723463750000005
3 0.7635267859375 0.628944134375 0.692366071875 0.628944134375 0.692366071875 0.7161452515625 0.7635267859375 0.7161452515625 0.7635267859375 0.628944134375
3 0.8243124999999999 0.42115083750000004 0.7968883921875001 0.42115083750000004 0.7968883921875001 0.4582569828125 0.8243124999999999 0.4582569828125 0.8243124999999999 0.42115083750000004
3 0.7857678578125 0.9072402234375 0.7583392859375 0.9072402234375 0.7583392859375 0.9471284921875001 0.7857678578125 0.9471284921875001 0.7857678578125 0.9072402234375
3 0.8791696421875 0.691094971875 0.8613794640625001 0.691094971875 0.8613794640625001 0.718 0.8791696421875 0.718 0.8791696421875 0.691094971875
8 0.7635267859375 0.315402234375 0.7524107140625 0.315402234375 0.7524107140625 0.33766480468750004 0.7635267859375 0.33766480468750004 0.7635267859375 0.315402234375
8 0.759821428125 0.2949944140625 0.7501875 0.2949944140625 0.7501875 0.3144748609375 0.759821428125 0.3144748609375 0.759821428125 0.2949944140625
8 0.682727678125 0.11317318437499999 0.665678571875 0.11317318437499999 0.665678571875 0.13358100625 0.682727678125 0.13358100625 0.682727678125 0.11317318437499999
8 0.697553571875 0.5723575421875 0.6834687500000001 0.5723575421875 0.6834687500000001 0.589055865625 0.697553571875 0.589055865625 0.697553571875 0.5723575421875