8 0.426241071875 0.17346927343750002 0.34247767812499996 0.17346927343750002 0.34247767812499996 0.34508379843750003 0.426241071875 0.34508379843750003 0.426241071875 0.17346927343750002
8 0.2542633921875 0.43321229062500005 0.154928571875 0.43321229062500005 0.154928571875 0.5584413406250001 0.2542633921875 0.5584413406250001 0.2542633921875 0.43321229062500005
8 0.244625 0.666977653125 0.2238705359375 0.666977653125 0.2238705359375 0.6975921781250001 0.244625 0.6975921781250001 0.244625 0.666977653125
8 0.040772321875 0.546385475 0.017790178125 0.546385475 0.017790178125 0.58627374375 0.040772321875 0.58627374375 0.040772321875 0.546385475
8 0.0437366078125 0.1855307265625 0.01853125 0.1855307265625 0.01853125 0.22634636874999997 0.0437366078125 0.22634636874999997 0.0437366078125 0.1855307265625
8 0.5596741078125 0.1901675984375 0.5329866078125 0.1901675984375 0.5329866078125 0.22820111718749997 0.5596741078125 0.22820111718749997 0.5596741078125 0.1901675984375
8 0.5908080359375 0.2439720671875 0.5678258921875 0.2439720671875 0.5678258921875 0.2903519546875 0.5908080359375 0.2903519546875 0.5908080359375 0.2439720671875
8 0.670866071875 0.245826815625 0.656040178125 0.245826815625 0.656040178125 0.27644134062500003 0.670866071875 0.27644134062500003 0.670866071875 0.245826815625
8 0.8636026781249999 0.496290503125 0.8443303578125001 0.496290503125 0.8443303578125001 0.5278324015625 0.8636026781249999 0.5278324015625 0.8636026781249999 0.496290503125
8 0.8139375 0.4842346375 0.7672366078125 0.4842346375 0.7672366078125 0.5278324015625 0.8139375 0.5278324015625 0.8139375 0.4842346375
8 0.68865625 0.44805586562500005 0.669383928125 0.44805586562500005 0.669383928125 0.48608938593750006 0.68865625 0.48608938593750006 0.68865625 0.44805586562500005
8 0.9570044640625 0.27644134062500003 0.9377321421874999 0.27644134062500003 0.9377321421874999 0.30426815625 0.9570044640625 0.30426815625 0.9570044640625 0.27644134062500003
8 0.754633928125 0.5909106140625 0.6597500000000001 0.5909106140625 0.6597500000000001 0.699446928125 0.754633928125 0.699446928125 0.754633928125 0.5909106140625
8 0.825053571875 0.5881284921875001 0.7835446421875 0.5881284921875001 0.7835446421875 0.6270893859375 0.825053571875 0.6270893859375 0.825053571875 0.5881284921875001
8 0.7753883921875 0.635441340625 0.7627857140625001 0.635441340625 0.7627857140625001 0.659558659375 0.7753883921875 0.659558659375 0.7753883921875 0.635441340625
8 0.9184598218750001 0.58627374375 0.9006651781249999 0.58627374375 0.9006651781249999 0.6103910609375001 0.9184598218750001 0.6103910609375001 0.9184598218750001 0.58627374375
8 0.6212008921875001 0.589055865625 0.5900669640625 0.589055865625 0.5900669640625 0.64749720625 0.6212008921875001 0.64749720625 0.6212008921875001 0.589055865625
8 0.578946428125 0.542675978125 0.561897321875 0.542675978125 0.561897321875 0.5760670390625 0.578946428125 0.5760670390625 0.578946428125 0.542675978125
8 0.5900669640625 0.6614134078125 0.5715357140624999 0.6614134078125 0.5715357140624999 0.6929553078125 0.5900669640625 0.6929553078125 0.5900669640625 0.6614134078125
8 0.5455892859375 0.635441340625 0.5129732140625001 0.635441340625 0.5129732140625001 0.66326815625 0.5455892859375 0.66326815625 0.5455892859375 0.635441340625
8 0.552258928125 0.6688324015625 0.5329866078125 0.6688324015625 0.5329866078125 0.7013016765625 0.552258928125 0.7013016765625 0.552258928125 0.6688324015625
8 0.515196428125 0.6734748609375 0.4951830359375 0.6734748609375 0.4951830359375 0.7096480453125 0.515196428125 0.7096480453125 0.515196428125 0.6734748609375
8 0.4040044640625 0.4035251390625 0.38620982187499997 0.4035251390625 0.38620982187499997 0.43321229062500005 0.4040044640625 0.43321229062500005 0.4040044640625 0.4035251390625
8 0.431428571875 0.387754190625 0.4136383921875 0.387754190625 0.4136383921875 0.4239329609375 0.431428571875 0.4239329609375 0.431428571875 0.387754190625
8 0.47590625 0.409094971875 0.4455133921875 0.409094971875 0.4455133921875 0.481446928125 0.47590625 0.481446928125 0.47590625 0.409094971875
8 0.4877678578125 0.47588268125 0.476647321875 0.47588268125 0.476647321875 0.5055698328125 0.4877678578125 0.5055698328125 0.4877678578125 0.47588268125
8 0.6404732140625 0.0463798875 0.6293571421874999 0.0463798875 0.6293571421874999 0.081631284375 0.6404732140625 0.081631284375 0.6404732140625 0.0463798875
8 0.714602678125 0.1391452515625 0.6953303578125001 0.1391452515625 0.6953303578125001 0.205938546875 0.714602678125 0.205938546875 0.714602678125 0.1391452515625
8 0.83765625 0.389614525 0.818383928125 0.389614525 0.818383928125 0.4313575421875 0.83765625 0.4313575421875 0.83765625 0.389614525
8 0.8665669640625 0.83581005625 0.8428482140625 0.83581005625 0.8428482140625 0.88219553125 0.8665669640625 0.88219553125 0.8665669640625 0.83581005625
7 0.9036339281249999 0.807983240625 0.3232008921875 0.807983240625 0.3232008921875 0.9972234640625001 0.9036339281249999 0.9972234640625001 0.9036339281249999 0.807983240625
3 0.0570803578125 0.32931284843749997 0.0118616078125 0.32931284843749997 0.0118616078125 0.393324021875 0.0570803578125 0.393324021875 0.0570803578125 0.32931284843749997
3 0.11267410781250001 0.3645642453125 0.0889553578125 0.3645642453125 0.0889553578125 0.39888826875 0.11267410781250001 0.39888826875 0.11267410781250001 0.3645642453125
3 0.140102678125 0.3914692734375 0.1223125 0.3914692734375 0.1223125 0.4239329609375 0.140102678125 0.4239329609375 0.140102678125 0.3914692734375
3 0.218678571875 0.12708938593750002 0.19051339218750002 0.12708938593750002 0.19051339218750002 0.16790502812500002 0.218678571875 0.16790502812500002 0.218678571875 0.12708938593750002
3 0.4536696421875 0.691094971875 0.42994642812499995 0.691094971875 0.42994642812499995 0.7235642453125 0.4536696421875 0.7235642453125 0.4536696421875 0.691094971875
3 0.4373616078125 0.718 0.40845089218749997 0.718 0.40845089218749997 0.7662346375 0.4373616078125 0.7662346375 0.4373616078125 0.718
3 0.851 0.3812625703125 0.8154196421875 0.3812625703125 0.8154196421875 0.43784916249999994 0.851 0.43784916249999994 0.851 0.3812625703125
3 0.56115625 0.5565865921875 0.5181607140625 0.5565865921875 0.5181607140625 0.63265363125 0.56115625 0.63265363125 0.56115625 0.5565865921875
3 0.4284642859375 0.7319162015625 0.3639732140625 0.7319162015625 0.3639732140625 0.80426815625 0.4284642859375 0.80426815625 0.4284642859375 0.7319162015625
3 0.4633080359375 0.9211564250000001 0.431428571875 0.9211564250000001 0.431428571875 0.9712458093749999 0.4633080359375 0.9712458093749999 0.4633080359375 0.9211564250000001
3 0.7531517859375 0.054731843749999995 0.7301696421874999 0.054731843749999995 0.7301696421874999 0.081631284375 0.7531517859375 0.081631284375 0.7531517859375 0.054731843749999995
3 0.77390625 0.0992569828125 0.7531517859375 0.0992569828125 0.7531517859375 0.1233798875 0.77390625 0.1233798875 0.77390625 0.0992569828125
3 0.5003705359375 0.5603016765625 0.46701339218750004 0.5603016765625 0.46701339218750004 0.612245809375 0.5003705359375 0.612245809375 0.5003705359375 0.5603016765625
3 0.5226071421875 0.7476815640625001 0.4988883921875 0.7476815640625001 0.4988883921875 0.785715084375 0.5226071421875 0.785715084375 0.5226071421875 0.7476815640625001
3 0.521125 0.718 0.4959241078125 0.718 0.4959241078125 0.737480446875 0.521125 0.737480446875 0.521125 0.718
3 0.042254464062500004 0.542675978125 0.0163080359375 0.542675978125 0.0163080359375 0.5844189937500001 0.042254464062500004 0.5844189937500001 0.042254464062500004 0.542675978125
3 0.25129910781250003 0.43784916249999994 0.154928571875 0.43784916249999994 0.154928571875 0.5547318437500001 0.25129910781250003 0.5547318437500001 0.25129910781250003 0.43784916249999994
3 0.0518883921875 0.25603352031250004 0.0296517859375 0.25603352031250004 0.0296517859375 0.2922067046875 0.0518883921875 0.2922067046875 0.0518883921875 0.25603352031250004
3 0.4988883921875 0.0751396640625 0.478133928125 0.0751396640625 0.478133928125 0.097402234375 0.4988883921875 0.097402234375 0.4988883921875 0.0751396640625