4 0.48046875 0.8125 0.4140625 0.8125 0.4140625 0.90234375 0.48046875 0.90234375 0.48046875 0.8125
4 0.3144553578125 0.7167991078125 0.2597678578125 0.7167991078125 0.2597678578125 0.7753928578125 0.3144553578125 0.7753928578125 0.3144553578125 0.7167991078125
4 0.2578125 0.71875 0.2167991078125 0.71875 0.2167991078125 0.7910178578125 0.2578125 0.7910178578125 0.2578125 0.71875
4 0.2128928578125 0.671875 0.15625 0.671875 0.15625 0.7363303578125 0.2128928578125 0.7363303578125 0.2128928578125 0.671875
4 0.515625 0.5996116078125 0.4765625 0.5996116078125 0.4765625 0.64453125 0.515625 0.64453125 0.515625 0.5996116078125
4 0.2285178578125 0.5253928578125 0.1816428578125 0.5253928578125 0.1816428578125 0.56640625 0.2285178578125 0.56640625 0.2285178578125 0.5253928578125
4 0.28125 0.5019553578125 0.23046875 0.5019553578125 0.23046875 0.5546875 0.28125 0.5546875 0.28125 0.5019553578125
4 0.35546875 0.2128928578125 0.28515625 0.2128928578125 0.28515625 0.328125 0.35546875 0.328125 0.35546875 0.2128928578125
4 0.42578125 0.1699241078125 0.359375 0.1699241078125 0.359375 0.2597678578125 0.42578125 0.2597678578125 0.42578125 0.1699241078125
4 0.4453125 0.2714866078125 0.3574241078125 0.2714866078125 0.3574241078125 0.34375 0.4453125 0.34375 0.4453125 0.2714866078125
4 0.52734375 0.3964866078125 0.484375 0.3964866078125 0.484375 0.44726785781249995 0.52734375 0.44726785781249995 0.52734375 0.3964866078125
3 0.1171875 0.6152366078125 0.07421875 0.6152366078125 0.07421875 0.6542991078125 0.1171875 0.6542991078125 0.1171875 0.6152366078125
3 0.1972678578125 0.76953125 0.0761741078125 0.76953125 0.0761741078125 0.8183616078125 0.1972678578125 0.8183616078125 0.1972678578125 0.76953125
3 0.23046875 0.83203125 0.1015625 0.83203125 0.1015625 0.9433616078125 0.23046875 0.9433616078125 0.23046875 0.83203125
3 0.17578125 0.3808616078125 0.0058616078125 0.3808616078125 0.0058616078125 0.46679910781249995 0.17578125 0.46679910781249995 0.17578125 0.3808616078125
3 0.3847678578125 0.3300803578125 0.29296875 0.3300803578125 0.29296875 0.44726785781249995 0.3847678578125 0.44726785781249995 0.3847678578125 0.3300803578125
4 0.9140625 0.57421875 0.82421875 0.57421875 0.82421875 0.6699241078125 0.9140625 0.6699241078125 0.9140625 0.57421875
2 0.9941428578125 0.0019553578125 0.00390625 0.0019553578125 0.00390625 0.546875 0.9941428578125 0.546875 0.9941428578125 0.0019553578125
4 0.6484375 0.87109375 0.6171875 0.87109375 0.6171875 0.92578125 0.6484375 0.92578125 0.6484375 0.87109375
4 0.2753928578125 0.578125 0.2363303578125 0.578125 0.2363303578125 0.6015625 0.2753928578125 0.6015625 0.2753928578125 0.578125
3 0.2832053578125 0.40625 0.2441428578125 0.40625 0.2441428578125 0.44140625 0.2832053578125 0.44140625 0.2832053578125 0.40625
4 0.0761741078125 0.421875 0.046875 0.421875 0.046875 0.44140625 0.0761741078125 0.44140625 0.0761741078125 0.421875
4 0.43554910781249995 0.9199241078125 0.3730491078125 0.9199241078125 0.3730491078125 0.9824241078125 0.43554910781249995 0.9824241078125 0.43554910781249995 0.9199241078125
4 0.32421875 0.8359375 0.28125 0.8359375 0.28125 0.8769553578125 0.32421875 0.8769553578125 0.32421875 0.8359375
4 0.57421875 0.8535178578125 0.53515625 0.8535178578125 0.53515625 0.9316428578125 0.57421875 0.9316428578125 0.57421875 0.8535178578125
4 0.7089866078125 0.8203125 0.66015625 0.8203125 0.66015625 0.9550803578125 0.7089866078125 0.9550803578125 0.7089866078125 0.8203125
5 0.5019553578125 0.3535178578125 0.33984375 0.3535178578125 0.33984375 0.62109375 0.5019553578125 0.62109375 0.5019553578125 0.3535178578125
3 0.11328125 0.7011741078125 0.0722678578125 0.7011741078125 0.0722678578125 0.7421875 0.11328125 0.7421875 0.11328125 0.7011741078125
3 0.1503928578125 0.5878928578125 0.1191428578125 0.5878928578125 0.1191428578125 0.6230491078125 0.1503928578125 0.6230491078125 0.1503928578125 0.5878928578125