4 0.8105491078125 0.0214866078125 0.73046875 0.0214866078125 0.73046875 0.43554910781249995 0.8105491078125 0.43554910781249995 0.8105491078125 0.0214866078125
4 0.9628928578125 0.19921875 0.8515625 0.19921875 0.8515625 0.53125 0.9628928578125 0.53125 0.9628928578125 0.19921875
4 0.8652366078125 0.5253928578125 0.7402366078125 0.5253928578125 0.7402366078125 0.70703125 0.8652366078125 0.70703125 0.8652366078125 0.5253928578125
4 0.2890625 0.8066428578125 0.1191428578125 0.8066428578125 0.1191428578125 0.96875 0.2890625 0.96875 0.2890625 0.8066428578125
4 0.23046875 0.61328125 0.1328125 0.61328125 0.1328125 0.71875 0.23046875 0.71875 0.23046875 0.61328125
4 0.6152366078125 0.3300803578125 0.34375 0.3300803578125 0.34375 0.46875 0.6152366078125 0.46875 0.6152366078125 0.3300803578125
4 0.7109375 0.24609375 0.6015625 0.24609375 0.6015625 0.30859375 0.7109375 0.30859375 0.7109375 0.24609375
4 0.5703125 0.15625 0.5 0.15625 0.5 0.2089866078125 0.5703125 0.2089866078125 0.5703125 0.15625
4 0.49414285781249995 0.1015625 0.44336160781249995 0.1015625 0.44336160781249995 0.13671875 0.49414285781249995 0.13671875 0.49414285781249995 0.1015625
4 0.5605491078125 0.0527366078125 0.47461160781249995 0.0527366078125 0.47461160781249995 0.08203125 0.5605491078125 0.08203125 0.5605491078125 0.0527366078125
4 0.42578125 0.0996116078125 0.31640625 0.0996116078125 0.31640625 0.203125 0.42578125 0.203125 0.42578125 0.0996116078125
4 0.2890625 0.05859375 0.21484375 0.05859375 0.21484375 0.09375 0.2890625 0.09375 0.2890625 0.05859375
4 0.2363303578125 0.01171875 0.1308616078125 0.01171875 0.1308616078125 0.0605491078125 0.2363303578125 0.0605491078125 0.2363303578125 0.01171875
4 0.47851785781249995 0.00390625 0.3183616078125 0.00390625 0.3183616078125 0.025392857812500003 0.47851785781249995 0.025392857812500003 0.47851785781249995 0.00390625
4 0.31640625 0.78125 0.27734375 0.78125 0.27734375 0.8125 0.31640625 0.8125 0.31640625 0.78125
4 0.1074241078125 0.87109375 0.0761741078125 0.87109375 0.0761741078125 0.9355491078125 0.1074241078125 0.9355491078125 0.1074241078125 0.87109375
4 0.6972678578125 0.7109375 0.48828125 0.7109375 0.48828125 0.9042991078125 0.6972678578125 0.9042991078125 0.6972678578125 0.7109375
4 0.7636741078125 0.5703125 0.5683616078125 0.5703125 0.5683616078125 0.69140625 0.7636741078125 0.69140625 0.7636741078125 0.5703125
4 0.7011741078125 0.359375 0.6464866078125 0.359375 0.6464866078125 0.41211160781249995 0.7011741078125 0.41211160781249995 0.7011741078125 0.359375