3 0.2480491078125 0.0644553578125 0.1542991078125 0.0644553578125 0.1542991078125 0.140625 0.2480491078125 0.140625 0.2480491078125 0.0644553578125
8 0.296875 0.203125 0.2441428578125 0.203125 0.2441428578125 0.2753928578125 0.296875 0.2753928578125 0.296875 0.203125
4 0.71875 0.5644553578125 0.65234375 0.5644553578125 0.65234375 0.65234375 0.71875 0.65234375 0.71875 0.5644553578125
4 0.5957053578125 0.6972678578125 0.5175803578125 0.6972678578125 0.5175803578125 0.8261741078125 0.5957053578125 0.8261741078125 0.5957053578125 0.6972678578125
4 0.5058616078125 0.7109375 0.42578125 0.7109375 0.42578125 0.8457053578125 0.5058616078125 0.8457053578125 0.5058616078125 0.7109375
4 0.41015625 0.49804910781249995 0.31640625 0.49804910781249995 0.31640625 0.5683616078125 0.41015625 0.5683616078125 0.41015625 0.49804910781249995
4 0.26953125 0.3496116078125 0.125 0.3496116078125 0.125 0.47851785781249995 0.26953125 0.47851785781249995 0.26953125 0.3496116078125
4 0.8808616078125 0.30078125 0.84765625 0.30078125 0.84765625 0.40039285781249995 0.8808616078125 0.40039285781249995 0.8808616078125 0.30078125
4 0.7792991078125 0.46875 0.7265625 0.46875 0.7265625 0.5605491078125 0.7792991078125 0.5605491078125 0.7792991078125 0.46875
4 0.9121116078125 0.484375 0.8378928578125 0.484375 0.8378928578125 0.5800803578125 0.9121116078125 0.5800803578125 0.9121116078125 0.484375
4 0.46875 0.8769553578125 0.375 0.8769553578125 0.375 0.984375 0.46875 0.984375 0.46875 0.8769553578125
4 0.3515625 0.6171875 0.3027366078125 0.6171875 0.3027366078125 0.6699241078125 0.3515625 0.6699241078125 0.3515625 0.6171875
4 0.265625 0.703125 0.2207053578125 0.703125 0.2207053578125 0.73828125 0.265625 0.73828125 0.265625 0.703125
4 0.3183616078125 0.5683616078125 0.25390625 0.5683616078125 0.25390625 0.6328125 0.3183616078125 0.6328125 0.3183616078125 0.5683616078125
4 0.3183616078125 0.4453125 0.27734375 0.4453125 0.27734375 0.49414285781249995 0.3183616078125 0.49414285781249995 0.3183616078125 0.4453125
7 0.63671875 0.015625 0.4140625 0.015625 0.4140625 0.1347678578125 0.63671875 0.1347678578125 0.63671875 0.015625
2 0.94140625 0.078125 0.0703125 0.078125 0.0703125 0.9609375 0.94140625 0.9609375 0.94140625 0.078125
4 0.6484375 0.5625 0.5800803578125 0.5625 0.5800803578125 0.625 0.6484375 0.625 0.6484375 0.5625
4 0.5058616078125 0.5605491078125 0.45703125 0.5605491078125 0.45703125 0.6113303578125 0.5058616078125 0.6113303578125 0.5058616078125 0.5605491078125
4 0.5390625 0.6035178578125 0.5019553578125 0.6035178578125 0.5019553578125 0.64453125 0.5390625 0.64453125 0.5390625 0.6035178578125
4 0.5800803578125 0.6035178578125 0.5292991078125 0.6035178578125 0.5292991078125 0.69140625 0.5800803578125 0.69140625 0.5800803578125 0.6035178578125
4 0.5488303578125 0.921875 0.47070535781249995 0.921875 0.47070535781249995 0.99609375 0.5488303578125 0.99609375 0.5488303578125 0.921875
3 0.029299107812500003 0.45703125 0.0019553578125 0.45703125 0.0019553578125 0.5 0.029299107812500003 0.5 0.029299107812500003 0.45703125
3 0.0371116078125 0.8183616078125 0.015625 0.8183616078125 0.015625 0.8613303578125 0.0371116078125 0.8613303578125 0.0371116078125 0.8183616078125
4 0.7578125 0.64453125 0.7363303578125 0.64453125 0.7363303578125 0.67578125 0.7578125 0.67578125 0.7578125 0.64453125
4 0.2949241078125 0.2089866078125 0.26953125 0.2089866078125 0.26953125 0.24609375 0.2949241078125 0.24609375 0.2949241078125 0.2089866078125
4 0.9707053578125 0.8886741078125 0.9433616078125 0.8886741078125 0.9433616078125 0.921875 0.9707053578125 0.921875 0.9707053578125 0.8886741078125