3 0.49414285781249995 0.8847678578125 0.43164285781249995 0.8847678578125 0.43164285781249995 0.9296875 0.49414285781249995 0.9296875 0.49414285781249995 0.8847678578125
3 0.1855491078125 0.76953125 0.078125 0.76953125 0.078125 0.84765625 0.1855491078125 0.84765625 0.1855491078125 0.76953125
3 0.5371116078125 0.73828125 0.4375 0.73828125 0.4375 0.8105491078125 0.5371116078125 0.8105491078125 0.5371116078125 0.73828125
3 0.7363303578125 0.7871116078125 0.6933616078125 0.7871116078125 0.6933616078125 0.828125 0.7363303578125 0.828125 0.7363303578125 0.7871116078125
3 0.59375 0.4140625 0.5566428578125 0.4140625 0.5566428578125 0.45703125 0.59375 0.45703125 0.59375 0.4140625
3 0.4140625 0.7871116078125 0.3535178578125 0.7871116078125 0.3535178578125 0.82421875 0.4140625 0.82421875 0.4140625 0.7871116078125
3 0.42773660781249995 0.4140625 0.3984375 0.4140625 0.3984375 0.45703125 0.42773660781249995 0.45703125 0.42773660781249995 0.4140625
8 0.4140625 0.05859375 0.2890625 0.05859375 0.2890625 0.22265625 0.4140625 0.22265625 0.4140625 0.05859375
8 0.69921875 0.1464866078125 0.6015625 0.1464866078125 0.6015625 0.3105491078125 0.69921875 0.3105491078125 0.69921875 0.1464866078125
8 0.8066428578125 0.0136741078125 0.66796875 0.0136741078125 0.66796875 0.2636741078125 0.8066428578125 0.2636741078125 0.8066428578125 0.0136741078125
8 0.828125 0.2890625 0.7636741078125 0.2890625 0.7636741078125 0.5839866078125 0.828125 0.5839866078125 0.828125 0.2890625
8 0.9980491078125 0.4140625 0.9277366078125 0.4140625 0.9277366078125 0.640625 0.9980491078125 0.640625 0.9980491078125 0.4140625
8 0.9746116078125 0.76953125 0.9140625 0.76953125 0.9140625 0.87890625 0.9746116078125 0.87890625 0.9746116078125 0.76953125
8 0.109375 0.1484375 0.0410178578125 0.1484375 0.0410178578125 0.3417991078125 0.109375 0.3417991078125 0.109375 0.1484375
8 0.25390625 0.3046875 0.1464866078125 0.3046875 0.1464866078125 0.43945535781249995 0.25390625 0.43945535781249995 0.25390625 0.3046875
8 0.578125 0.0859375 0.44726785781249995 0.0859375 0.44726785781249995 0.21875 0.578125 0.21875 0.578125 0.0859375
8 0.41211160781249995 0.5292991078125 0.24609375 0.5292991078125 0.24609375 0.7324241078125 0.41211160781249995 0.7324241078125 0.41211160781249995 0.5292991078125
8 0.18359375 0.5683616078125 0.05078125 0.5683616078125 0.05078125 0.73828125 0.18359375 0.73828125 0.18359375 0.5683616078125
8 0.2949241078125 0.0097678578125 0.10546875 0.0097678578125 0.10546875 0.0839866078125 0.2949241078125 0.0839866078125 0.2949241078125 0.0097678578125
8 0.21484375 0.1269553578125 0.1582053578125 0.1269553578125 0.1582053578125 0.2597678578125 0.21484375 0.2597678578125 0.21484375 0.1269553578125
8 0.3183616078125 0.15234375 0.2324241078125 0.15234375 0.2324241078125 0.328125 0.3183616078125 0.328125 0.3183616078125 0.15234375
8 0.41796875 0.2714866078125 0.359375 0.2714866078125 0.359375 0.359375 0.41796875 0.359375 0.41796875 0.2714866078125
8 0.5078125 0.40625 0.41015625 0.40625 0.41015625 0.5996116078125 0.5078125 0.5996116078125 0.5078125 0.40625
8 0.4296875 0.9082053578125 0.2949241078125 0.9082053578125 0.2949241078125 0.9941428578125 0.4296875 0.9941428578125 0.4296875 0.9082053578125
8 0.87890625 0.58984375 0.8203125 0.58984375 0.8203125 0.703125 0.87890625 0.703125 0.87890625 0.58984375
8 0.95703125 0.625 0.8535178578125 0.625 0.8535178578125 0.82421875 0.95703125 0.82421875 0.95703125 0.625
8 0.9121116078125 0.9199241078125 0.8261741078125 0.9199241078125 0.8261741078125 0.9902366078125 0.9121116078125 0.9902366078125 0.9121116078125 0.9199241078125
8 0.7890625 0.9003928578125 0.6894553578125 0.9003928578125 0.6894553578125 0.9746116078125 0.7890625 0.9746116078125 0.7890625 0.9003928578125
8 0.89453125 0.025392857812500003 0.7675803578125 0.025392857812500003 0.7675803578125 0.265625 0.89453125 0.265625 0.89453125 0.025392857812500003
8 0.9941428578125 0.01171875 0.8671875 0.01171875 0.8671875 0.19921875 0.9941428578125 0.19921875 0.9941428578125 0.01171875
8 0.953125 0.1640625 0.9199241078125 0.1640625 0.9199241078125 0.2265625 0.953125 0.2265625 0.953125 0.1640625
8 0.9921875 0.24609375 0.9160178578125 0.24609375 0.9160178578125 0.390625 0.9921875 0.390625 0.9921875 0.24609375
8 0.7480491078125 0.265625 0.6582053578125 0.265625 0.6582053578125 0.43945535781249995 0.7480491078125 0.43945535781249995 0.7480491078125 0.265625
8 0.5683616078125 0.3027366078125 0.48046875 0.3027366078125 0.48046875 0.3828125 0.5683616078125 0.3828125 0.5683616078125 0.3027366078125
3 0.55859375 0.30859375 0.4921875 0.30859375 0.4921875 0.3847678578125 0.55859375 0.3847678578125 0.55859375 0.30859375
3 0.51953125 0.41211160781249995 0.44140625 0.41211160781249995 0.44140625 0.5839866078125 0.51953125 0.5839866078125 0.51953125 0.41211160781249995
3 0.7832053578125 0.58203125 0.6660178578125 0.58203125 0.6660178578125 0.703125 0.7832053578125 0.703125 0.7832053578125 0.58203125
8 0.78125 0.5605491078125 0.6660178578125 0.5605491078125 0.6660178578125 0.7050803578125 0.78125 0.7050803578125 0.78125 0.5605491078125
3 0.48633035781249995 0.21484375 0.40429910781249995 0.21484375 0.40429910781249995 0.2441428578125 0.48633035781249995 0.2441428578125 0.48633035781249995 0.21484375
3 0.35546875 0.7480491078125 0.2890625 0.7480491078125 0.2890625 0.7890625 0.35546875 0.7890625 0.35546875 0.7480491078125
3 0.40234375 0.73046875 0.35546875 0.73046875 0.35546875 0.765625 0.40234375 0.765625 0.40234375 0.73046875
3 0.3066428578125 0.7675803578125 0.2832053578125 0.7675803578125 0.2832053578125 0.7890625 0.3066428578125 0.7890625 0.3066428578125 0.7675803578125
3 0.28125 0.7949241078125 0.2480491078125 0.7949241078125 0.2480491078125 0.8457053578125 0.28125 0.8457053578125 0.28125 0.7949241078125
3 0.29296875 0.9238303578125 0.1484375 0.9238303578125 0.1484375 0.99609375 0.29296875 0.99609375 0.29296875 0.9238303578125
3 0.1972678578125 0.890625 0.171875 0.890625 0.171875 0.92578125 0.1972678578125 0.92578125 0.1972678578125 0.890625
3 0.484375 0.6230491078125 0.45508035781249995 0.6230491078125 0.45508035781249995 0.6796875 0.484375 0.6796875 0.484375 0.6230491078125
3 0.46289285781249995 0.66796875 0.4375 0.66796875 0.4375 0.6953125 0.46289285781249995 0.6953125 0.46289285781249995 0.66796875
3 0.40429910781249995 0.5371116078125 0.3847678578125 0.5371116078125 0.3847678578125 0.56640625 0.40429910781249995 0.56640625 0.40429910781249995 0.5371116078125
3 0.5019553578125 0.5097678578125 0.421875 0.5097678578125 0.421875 0.578125 0.5019553578125 0.578125 0.5019553578125 0.5097678578125
3 0.33984375 0.0683616078125 0.3066428578125 0.0683616078125 0.3066428578125 0.09765625 0.33984375 0.09765625 0.33984375 0.0683616078125
3 0.5683616078125 0.1269553578125 0.5097678578125 0.1269553578125 0.5097678578125 0.16796875 0.5683616078125 0.16796875 0.5683616078125 0.1269553578125
3 0.6738303578125 0.40429910781249995 0.6347678578125 0.40429910781249995 0.6347678578125 0.44921875 0.6738303578125 0.44921875 0.6738303578125 0.40429910781249995
8 0.0722678578125 0.2890625 0.03125 0.2890625 0.03125 0.3964866078125 0.0722678578125 0.3964866078125 0.0722678578125 0.2890625
8 0.1386741078125 0.2890625 0.1015625 0.2890625 0.1015625 0.3359375 0.1386741078125 0.3359375 0.1386741078125 0.2890625
8 0.19921875 0.2558616078125 0.1699241078125 0.2558616078125 0.1699241078125 0.3144553578125 0.19921875 0.3144553578125 0.19921875 0.2558616078125
8 0.40625 0.0175803578125 0.2636741078125 0.0175803578125 0.2636741078125 0.0625 0.40625 0.0625 0.40625 0.0175803578125
8 0.5371116078125 0.0390625 0.40039285781249995 0.0390625 0.40039285781249995 0.1152366078125 0.5371116078125 0.1152366078125 0.5371116078125 0.0390625
8 0.9921875 0.0019553578125 0.59375 0.0019553578125 0.59375 0.390625 0.9921875 0.390625 0.9921875 0.0019553578125
8 0.7890625 0.390625 0.7363303578125 0.390625 0.7363303578125 0.56640625 0.7890625 0.56640625 0.7890625 0.390625
8 0.2558616078125 0.66015625 0.20703125 0.66015625 0.20703125 0.7832053578125 0.2558616078125 0.7832053578125 0.2558616078125 0.66015625
8 0.2402366078125 0.7558616078125 0.1796875 0.7558616078125 0.1796875 0.7832053578125 0.2402366078125 0.7832053578125 0.2402366078125 0.7558616078125
8 0.9609375 0.8261741078125 0.890625 0.8261741078125 0.890625 0.9199241078125 0.9609375 0.9199241078125 0.9609375 0.8261741078125
8 0.8144553578125 0.8261741078125 0.80078125 0.8261741078125 0.80078125 0.84375 0.8144553578125 0.84375 0.8144553578125 0.8261741078125
8 0.8378928578125 0.8359375 0.8261741078125 0.8359375 0.8261741078125 0.8613303578125 0.8378928578125 0.8613303578125 0.8378928578125 0.8359375
8 0.875 0.734375 0.8457053578125 0.734375 0.8457053578125 0.7714866078125 0.875 0.7714866078125 0.875 0.734375
8 0.5332053578125 0.6425803578125 0.48046875 0.6425803578125 0.48046875 0.7285178578125 0.5332053578125 0.7285178578125 0.5332053578125 0.6425803578125
8 0.45117410781249995 0.51953125 0.43554910781249995 0.51953125 0.43554910781249995 0.5605491078125 0.45117410781249995 0.5605491078125 0.45117410781249995 0.51953125
8 0.5019553578125 0.5371116078125 0.48242410781249995 0.5371116078125 0.48242410781249995 0.5878928578125 0.5019553578125 0.5878928578125 0.5019553578125 0.5371116078125
8 0.39453125 0.3847678578125 0.3496116078125 0.3847678578125 0.3496116078125 0.40820535781249995 0.39453125 0.40820535781249995 0.39453125 0.3847678578125
8 0.38671875 0.22265625 0.3339866078125 0.22265625 0.3339866078125 0.27734375 0.38671875 0.27734375 0.38671875 0.22265625
8 0.9199241078125 0.2421875 0.8808616078125 0.2421875 0.8808616078125 0.30078125 0.9199241078125 0.30078125 0.9199241078125 0.2421875