8 0.180875 0.562156425 0.13862053593749998 0.562156425 0.13862053593749998 0.6066815640625001 0.180875 0.6066815640625001 0.180875 0.562156425
8 0.2031116078125 0.6029720671875001 0.18680357187500002 0.6029720671875001 0.18680357187500002 0.6224525140625 0.2031116078125 0.6224525140625 0.2031116078125 0.6029720671875001
8 0.2379553578125 0.6187430171875 0.2157142859375 0.6187430171875 0.2157142859375 0.64749720625 0.2379553578125 0.64749720625 0.2379553578125 0.6187430171875
8 0.1838392859375 0.6614134078125 0.14974107187500002 0.6614134078125 0.14974107187500002 0.691094971875 0.1838392859375 0.691094971875 0.1838392859375 0.6614134078125
8 0.272053571875 0.6827486031250001 0.2097857140625 0.6827486031250001 0.2097857140625 0.74118994375 0.272053571875 0.74118994375 0.272053571875 0.6827486031250001
8 0.2461071421875 0.703156425 0.154928571875 0.703156425 0.154928571875 0.8562178765624999 0.2461071421875 0.8562178765624999 0.2461071421875 0.703156425
8 0.28465625 0.7513966484375 0.25796874999999997 0.7513966484375 0.25796874999999997 0.7940670390625 0.28465625 0.7940670390625 0.28465625 0.7513966484375
8 0.747959821875 0.83581005625 0.709415178125 0.83581005625 0.709415178125 0.8951787703124999 0.747959821875 0.8951787703124999 0.747959821875 0.83581005625
8 0.756116071875 0.900748603125 0.6856919640625 0.900748603125 0.6856919640625 0.99165363125 0.756116071875 0.99165363125 0.756116071875 0.900748603125
8 0.7902142859375 0.9072402234375 0.754633928125 0.9072402234375 0.754633928125 0.973100559375 0.7902142859375 0.973100559375 0.7902142859375 0.9072402234375
8 0.8302455359375 0.859 0.7976294640625 0.859 0.7976294640625 0.89888826875 0.8302455359375 0.89888826875 0.8302455359375 0.859
8 0.6819866078125 0.8970335203124999 0.5759821421875 0.8970335203124999 0.5759821421875 0.9990782125000001 0.6819866078125 0.9990782125000001 0.6819866078125 0.8970335203124999
8 0.714602678125 0.389614525 0.6449241078125 0.389614525 0.6449241078125 0.4230055859375 0.714602678125 0.4230055859375 0.714602678125 0.389614525
8 0.7894732140625 0.2486089390625 0.7286875 0.2486089390625 0.7286875 0.3107597765625 0.7894732140625 0.3107597765625 0.7894732140625 0.2486089390625
8 0.733133928125 0.300558659375 0.714602678125 0.300558659375 0.714602678125 0.32838547500000004 0.733133928125 0.32838547500000004 0.733133928125 0.300558659375
8 0.6805044640625 0.33488268125 0.6597500000000001 0.33488268125 0.6597500000000001 0.36734636875 0.6805044640625 0.36734636875 0.6805044640625 0.33488268125
8 0.618977678125 0.32467597812500004 0.5663437499999999 0.32467597812500004 0.5663437499999999 0.37477095 0.618977678125 0.37477095 0.618977678125 0.32467597812500004
8 0.64640625 0.340446928125 0.6226830359375 0.340446928125 0.6226830359375 0.377553071875 0.64640625 0.377553071875 0.64640625 0.340446928125
8 0.6174955359375 0.409094971875 0.5885848218749999 0.409094971875 0.5885848218749999 0.4499106140625 0.6174955359375 0.4499106140625 0.6174955359375 0.409094971875
8 0.5374330359374999 0.105754190625 0.49740624999999994 0.105754190625 0.49740624999999994 0.1391452515625 0.5374330359374999 0.1391452515625 0.5374330359374999 0.105754190625
8 0.1578928578125 0.11317318437499999 0.1208303578125 0.11317318437499999 0.1208303578125 0.1354357546875 0.1578928578125 0.1354357546875 0.1578928578125 0.11317318437499999
8 0.1245357140625 0.13172625625 0.0874732140625 0.13172625625 0.0874732140625 0.16326815625 0.1245357140625 0.16326815625 0.1245357140625 0.13172625625
8 0.085991071875 0.1781061453125 0.061526785937499995 0.1781061453125 0.061526785937499995 0.205938546875 0.085991071875 0.205938546875 0.085991071875 0.1781061453125
8 0.0570803578125 0.1576983234375 0.025946428124999997 0.1576983234375 0.025946428124999997 0.2003743015625 0.0570803578125 0.2003743015625 0.0570803578125 0.1576983234375
8 0.0600446421875 0.2040837984375 0.0229821421875 0.2040837984375 0.0229821421875 0.254173184375 0.0600446421875 0.254173184375 0.0600446421875 0.2040837984375
8 0.3602678578125 0.11781005625 0.32987500000000003 0.11781005625 0.32987500000000003 0.1512067046875 0.3602678578125 0.1512067046875 0.3602678578125 0.11781005625
3 0.244625 0.4359944140625 0.2223883921875 0.4359944140625 0.2223883921875 0.4740279328125 0.244625 0.4740279328125 0.244625 0.4359944140625
3 0.19051339218750002 0.377553071875 0.1690133921875 0.377553071875 0.1690133921875 0.4118770953125 0.19051339218750002 0.4118770953125 0.19051339218750002 0.377553071875
3 0.3009642859375 0.153061453125 0.28317410781249996 0.153061453125 0.28317410781249996 0.17996089375 0.3009642859375 0.17996089375 0.3009642859375 0.153061453125
3 0.32023660781249996 0.17996089375 0.30466964218750003 0.17996089375 0.30466964218750003 0.2077932953125 0.32023660781249996 0.2077932953125 0.32023660781249996 0.17996089375
3 0.19199553593750002 0.1901675984375 0.16753125 0.1901675984375 0.16753125 0.2179944140625 0.19199553593750002 0.2179944140625 0.19199553593750002 0.1901675984375
3 0.1519642859375 0.26252513906249997 0.1319508921875 0.26252513906249997 0.1319508921875 0.2987039109375 0.1519642859375 0.2987039109375 0.1519642859375 0.26252513906249997
3 0.307633928125 0.0992569828125 0.285397321875 0.0992569828125 0.285397321875 0.13358100625 0.307633928125 0.13358100625 0.307633928125 0.0992569828125
3 0.747959821875 0.141927375 0.710897321875 0.141927375 0.710897321875 0.187385475 0.747959821875 0.187385475 0.747959821875 0.141927375
8 0.0296517859375 0.238407821875 0.0066696421875 0.238407821875 0.0066696421875 0.28293296093750003 0.0296517859375 0.28293296093750003 0.0296517859375 0.238407821875
8 0.6501116078125 0.8487988828124999 0.6293571421874999 0.8487988828124999 0.6293571421874999 0.878480446875 0.6501116078125 0.878480446875 0.6501116078125 0.8487988828124999
3 0.6160133921875001 0.4109497203125 0.5885848218749999 0.4109497203125 0.5885848218749999 0.4499106140625 0.6160133921875001 0.4499106140625 0.6160133921875001 0.4109497203125
3 0.6627142859374999 0.9749553078125001 0.6404732140625 0.9749553078125001 0.6404732140625 0.9972234640625001 0.6627142859374999 0.9972234640625001 0.6627142859374999 0.9749553078125001
3 0.679022321875 0.9026033515625 0.664196428125 0.9026033515625 0.664196428125 0.9248659218749999 0.679022321875 0.9248659218749999 0.679022321875 0.9026033515625
8 0.6115625 0.4109497203125 0.5900669640625 0.4109497203125 0.5900669640625 0.45176536250000005 0.6115625 0.45176536250000005 0.6115625 0.4109497203125
8 0.7435133921875 0.1512067046875 0.716084821875 0.1512067046875 0.716084821875 0.183675978125 0.7435133921875 0.183675978125 0.7435133921875 0.1512067046875
8 0.3009642859375 0.15584357499999998 0.285397321875 0.15584357499999998 0.285397321875 0.1781061453125 0.3009642859375 0.1781061453125 0.3009642859375 0.15584357499999998
8 0.3187544640625 0.1818212296875 0.303928571875 0.1818212296875 0.303928571875 0.205938546875 0.3187544640625 0.205938546875 0.3187544640625 0.1818212296875
5 0.656040178125 0.1985139671875 0.5967366078125 0.1985139671875 0.5967366078125 0.30519553125 0.656040178125 0.30519553125 0.656040178125 0.1985139671875