8 0.3847678578125 0.28125 0.2441428578125 0.28125 0.2441428578125 0.40625 0.3847678578125 0.40625 0.3847678578125 0.28125
4 0.5410178578125 0.1230491078125 0.3769553578125 0.1230491078125 0.3769553578125 0.3144553578125 0.5410178578125 0.3144553578125 0.5410178578125 0.1230491078125
4 0.265625 0.3515625 0.1777366078125 0.3515625 0.1777366078125 0.41992410781249995 0.265625 0.41992410781249995 0.265625 0.3515625
8 0.1269553578125 0.8652366078125 0.05078125 0.8652366078125 0.05078125 0.9394553578125 0.1269553578125 0.9394553578125 0.1269553578125 0.8652366078125
7 0.2089866078125 0.1464866078125 0.03125 0.1464866078125 0.03125 0.41015625 0.2089866078125 0.41015625 0.2089866078125 0.1464866078125
8 0.98828125 0.0644553578125 0.859375 0.0644553578125 0.859375 0.34765625 0.98828125 0.34765625 0.98828125 0.0644553578125
3 0.6308616078125 0.9121116078125 0.53515625 0.9121116078125 0.53515625 0.9941428578125 0.6308616078125 0.9941428578125 0.6308616078125 0.9121116078125
5 0.9589866078125 0.0136741078125 0.5058616078125 0.0136741078125 0.5058616078125 0.78515625 0.9589866078125 0.78515625 0.9589866078125 0.0136741078125
4 0.359375 0.32421875 0.30078125 0.32421875 0.30078125 0.3652366078125 0.359375 0.3652366078125 0.359375 0.32421875
4 0.32421875 0.3300803578125 0.265625 0.3300803578125 0.265625 0.3886741078125 0.32421875 0.3886741078125 0.32421875 0.3300803578125
4 0.375 0.2675803578125 0.328125 0.2675803578125 0.328125 0.3300803578125 0.375 0.3300803578125 0.375 0.2675803578125
3 0.28515625 0.640625 0.2480491078125 0.640625 0.2480491078125 0.671875 0.28515625 0.671875 0.28515625 0.640625
3 0.40039285781249995 0.6347678578125 0.3652366078125 0.6347678578125 0.3652366078125 0.66796875 0.40039285781249995 0.66796875 0.40039285781249995 0.6347678578125
3 0.6640625 0.6484375 0.625 0.6484375 0.625 0.6933616078125 0.6640625 0.6933616078125 0.6640625 0.6484375
8 0.4453125 0.12890625 0.40039285781249995 0.12890625 0.40039285781249995 0.19921875 0.4453125 0.19921875 0.4453125 0.12890625
8 0.22265625 0.3671875 0.1894553578125 0.3671875 0.1894553578125 0.41601785781249995 0.22265625 0.41601785781249995 0.22265625 0.3671875
8 0.2578125 0.3515625 0.2285178578125 0.3515625 0.2285178578125 0.4140625 0.2578125 0.4140625 0.2578125 0.3515625