8 0.720258928125 0.4325257734375 0.7001607140624999 0.4325257734375 0.7001607140624999 0.495639175 0.720258928125 0.495639175 0.720258928125 0.4325257734375
8 0.7226696421875001 0.38054639218749997 0.7009642859375 0.38054639218749997 0.7009642859375 0.41396391718750003 0.7226696421875001 0.41396391718750003 0.7226696421875001 0.38054639218749997
8 0.7162366078125 0.281231959375 0.6688125 0.281231959375 0.6688125 0.40282474218750003 0.7162366078125 0.40282474218750003 0.7162366078125 0.281231959375
8 0.721866071875 0.355489690625 0.7001607140624999 0.355489690625 0.7001607140624999 0.37312371093749996 0.721866071875 0.37312371093749996 0.721866071875 0.355489690625
8 0.6366562499999999 0.2830927828125 0.6205803578125 0.2830927828125 0.6205803578125 0.3127938140625 0.6366562499999999 0.3127938140625 0.6366562499999999 0.2830927828125
8 0.6744375 0.2635979375 0.650321428125 0.2635979375 0.650321428125 0.308149484375 0.6744375 0.308149484375 0.6744375 0.2635979375
8 0.6342455359375 0.44830412343750004 0.5353705359375 0.44830412343750004 0.5353705359375 0.4845051546875 0.6342455359375 0.4845051546875 0.6342455359375 0.44830412343750004
8 0.651928571875 0.490072165625 0.637459821875 0.490072165625 0.637459821875 0.5077061859375 0.651928571875 0.5077061859375 0.651928571875 0.490072165625
8 0.6350491078125 0.40282474218750003 0.612540178125 0.40282474218750003 0.612540178125 0.426030928125 0.6350491078125 0.426030928125 0.6350491078125 0.40282474218750003
8 0.6551428578125 0.43067010312500004 0.6326383921875001 0.43067010312500004 0.6326383921875001 0.44737628906250004 0.6551428578125 0.44737628906250004 0.6551428578125 0.43067010312500004
8 0.524116071875 0.38054639218749997 0.40836160781249997 0.38054639218749997 0.40836160781249997 0.47707732031249994 0.524116071875 0.47707732031249994 0.524116071875 0.38054639218749997
8 0.5128616078125 0.24967525781250002 0.500803571875 0.24967525781250002 0.500803571875 0.26824226875 0.5128616078125 0.26824226875 0.5128616078125 0.24967525781250002
8 0.09405357187499999 0.349917525 0.0811875 0.349917525 0.0811875 0.3656958765625 0.09405357187499999 0.3656958765625 0.09405357187499999 0.349917525
8 0.0184866078125 0.4167474234375 0.0008035718750000001 0.4167474234375 0.0008035718750000001 0.44923195937499993 0.0184866078125 0.44923195937499993 0.0184866078125 0.4167474234375
8 0.015272321875 0.4622268046875 0.0016071421874999999 0.4622268046875 0.0016071421874999999 0.4835773203125 0.015272321875 0.4835773203125 0.015272321875 0.4622268046875
8 0.08520982187500001 0.4622268046875 0.026526785937500002 0.4622268046875 0.026526785937500002 0.546690721875 0.08520982187500001 0.546690721875 0.08520982187500001 0.4622268046875
8 0.0305446421875 0.5791752578125 0.0016071421874999999 0.5791752578125 0.0016071421874999999 0.6051649484375 0.0305446421875 0.6051649484375 0.0305446421875 0.5791752578125
8 0.1326383921875 0.5596855671875 0.1173616078125 0.5596855671875 0.1173616078125 0.5801030921875 0.1326383921875 0.5801030921875 0.1326383921875 0.5596855671875
8 0.131834821875 0.5912422687500001 0.1093258921875 0.5912422687500001 0.1093258921875 0.6200154640625 0.131834821875 0.6200154640625 0.131834821875 0.5912422687500001
8 0.1382633921875 0.6385773203125 0.11254017812499999 0.6385773203125 0.11254017812499999 0.6506443296875 0.1382633921875 0.6506443296875 0.1382633921875 0.6385773203125
8 0.022508928125 0.61352061875 0.0040178578125 0.61352061875 0.0040178578125 0.62929896875 0.022508928125 0.62929896875 0.022508928125 0.61352061875
8 0.028937499999999998 0.62279896875 0.0192946421875 0.62279896875 0.0192946421875 0.6302268046874999 0.028937499999999998 0.6302268046874999 0.028937499999999998 0.62279896875
8 0.0184866078125 0.63393814375 0.0040178578125 0.63393814375 0.0040178578125 0.6525000000000001 0.0184866078125 0.6525000000000001 0.0184866078125 0.63393814375
8 0.0128616078125 0.16985567031249998 0.0032142859375 0.16985567031249998 0.0032142859375 0.19305670156250002 0.0128616078125 0.19305670156250002 0.0128616078125 0.16985567031249998
8 0.029741071875000004 0.6571443296874999 0.0024107140625 0.6571443296874999 0.0024107140625 0.6794175250000001 0.029741071875000004 0.6794175250000001 0.029741071875000004 0.6571443296874999
8 0.0401919640625 0.6998350515625 0.026526785937500002 0.6998350515625 0.026526785937500002 0.714690721875 0.0401919640625 0.714690721875 0.0401919640625 0.6998350515625
8 0.0932455359375 0.6729226796875001 0.0811875 0.6729226796875001 0.0811875 0.689628865625 0.0932455359375 0.689628865625 0.0932455359375 0.6729226796875001
8 0.0498392859375 0.621871134375 0.036977678125 0.621871134375 0.036977678125 0.6311546390625 0.0498392859375 0.6311546390625 0.0498392859375 0.621871134375
8 0.0643080359375 0.5856752578125 0.0506428578125 0.5856752578125 0.0506428578125 0.5949536078125 0.0643080359375 0.5949536078125 0.0643080359375 0.5856752578125
8 0.09405357187499999 0.573608246875 0.0819955359375 0.573608246875 0.0819955359375 0.5828865984375 0.09405357187499999 0.5828865984375 0.09405357187499999 0.573608246875
8 0.1278125 0.7165463921875 0.11334375000000001 0.7165463921875 0.11334375000000001 0.7276804125 0.1278125 0.7276804125 0.1278125 0.7165463921875
8 0.14550000000000002 0.7258247421874999 0.1294196421875 0.7258247421874999 0.1294196421875 0.7369639171875 0.14550000000000002 0.7369639171875 0.14550000000000002 0.7258247421874999
8 0.1487142859375 0.7360360828125 0.13504910781249999 0.7360360828125 0.13504910781249999 0.744391753125 0.1487142859375 0.744391753125 0.1487142859375 0.7360360828125
8 0.06109375 0.749030928125 0.0409955359375 0.749030928125 0.0409955359375 0.7713041234375 0.06109375 0.7713041234375 0.06109375 0.749030928125
8 0.0273303578125 0.744391753125 0.015272321875 0.744391753125 0.015272321875 0.7583144328125 0.0273303578125 0.7583144328125 0.0273303578125 0.744391753125
8 0.06109375 0.8631958765625001 0.0361741078125 0.8631958765625001 0.0361741078125 0.8882577312500001 0.06109375 0.8882577312500001 0.06109375 0.8631958765625001
8 0.042602678125 0.8464896906250001 0.0305446421875 0.8464896906250001 0.0305446421875 0.855768040625 0.042602678125 0.855768040625 0.042602678125 0.8464896906250001
8 0.024116071875 0.84370103125 0.014468749999999999 0.84370103125 0.014468749999999999 0.851128865625 0.024116071875 0.851128865625 0.024116071875 0.84370103125
8 0.0104508921875 0.813072165625 0.0024107140625 0.813072165625 0.0024107140625 0.8223556703125 0.0104508921875 0.8223556703125 0.0104508921875 0.813072165625
8 0.0192946421875 0.712829896875 0.0112544640625 0.712829896875 0.0112544640625 0.723969071875 0.0192946421875 0.723969071875 0.0192946421875 0.712829896875
8 0.051446428125 0.7787319593750001 0.03778125 0.7787319593750001 0.03778125 0.7852268046875001 0.051446428125 0.7852268046875001 0.051446428125 0.7787319593750001
8 0.0643080359375 0.6404329890625 0.0538571421875 0.6404329890625 0.0538571421875 0.6469329890625 0.0643080359375 0.6469329890625 0.0643080359375 0.6404329890625
8 0.0128616078125 0.728608246875 0.005625 0.728608246875 0.005625 0.735108246875 0.0128616078125 0.735108246875 0.0128616078125 0.728608246875
8 0.0112544640625 0.7360360828125 0.0008035718750000001 0.7360360828125 0.0008035718750000001 0.749030928125 0.0112544640625 0.749030928125 0.0112544640625 0.7360360828125
8 0.0112544640625 0.7072628859375001 0.0016071421874999999 0.7072628859375001 0.0016071421874999999 0.71561855625 0.0112544640625 0.71561855625 0.0112544640625 0.7072628859375001
8 0.009647321875 0.6877731953125 0.005625 0.6877731953125 0.005625 0.69334020625 0.009647321875 0.69334020625 0.009647321875 0.6877731953125
8 0.022508928125 0.68870103125 0.014468749999999999 0.68870103125 0.014468749999999999 0.6961237109375 0.022508928125 0.6961237109375 0.022508928125 0.68870103125
8 0.12138392812500001 0.8381340203125 0.11012946406249999 0.8381340203125 0.11012946406249999 0.84556185625 0.12138392812500001 0.84556185625 0.12138392812500001 0.8381340203125
8 0.1680044640625 0.926309278125 0.15514285781249998 0.926309278125 0.15514285781249998 0.940231959375 0.1680044640625 0.940231959375 0.1680044640625 0.926309278125
4 0.9887455359375 0.9541546390625 0.9622187500000001 0.9541546390625 0.9622187500000001 0.982 0.9887455359375 0.982 0.9887455359375 0.9541546390625