4 0.43359375 0.5625 0.2578125 0.5625 0.2578125 0.9199241078125 0.43359375 0.9199241078125 0.43359375 0.5625
4 0.2597678578125 0.85546875 0.1347678578125 0.85546875 0.1347678578125 0.96484375 0.2597678578125 0.96484375 0.2597678578125 0.85546875
4 0.2441428578125 0.44921875 0.0078125 0.44921875 0.0078125 0.703125 0.2441428578125 0.703125 0.2441428578125 0.44921875
4 0.3261741078125 0.1699241078125 0.15234375 0.1699241078125 0.15234375 0.45898660781249995 0.3261741078125 0.45898660781249995 0.3261741078125 0.1699241078125
4 0.13671875 0.2285178578125 0.0058616078125 0.2285178578125 0.0058616078125 0.4609375 0.13671875 0.4609375 0.13671875 0.2285178578125
4 0.5292991078125 0.1875 0.4375 0.1875 0.4375 0.2832053578125 0.5292991078125 0.2832053578125 0.5292991078125 0.1875
4 0.9765625 0.3886741078125 0.87890625 0.3886741078125 0.87890625 0.49609375 0.9765625 0.49609375 0.9765625 0.3886741078125
4 0.98828125 0.6425803578125 0.94140625 0.6425803578125 0.94140625 0.6894553578125 0.98828125 0.6894553578125 0.98828125 0.6425803578125
4 0.9921875 0.68359375 0.8574241078125 0.68359375 0.8574241078125 0.765625 0.9921875 0.765625 0.9921875 0.68359375
5 0.45117410781249995 0.8984375 0.1621116078125 0.8984375 0.1621116078125 0.99609375 0.45117410781249995 0.99609375 0.45117410781249995 0.8984375
5 0.92578125 0.7109375 0.46289285781249995 0.7109375 0.46289285781249995 0.9921875 0.92578125 0.9921875 0.92578125 0.7109375
2 0.703125 0.0019553578125 0.0058616078125 0.0019553578125 0.0058616078125 0.9902366078125 0.703125 0.9902366078125 0.703125 0.0019553578125