7 0.4425491078125 0.000927375 0.000741071875 0.000927375 0.000741071875 0.3070502796875 0.4425491078125 0.3070502796875 0.4425491078125 0.000927375
7 0.16604910781249999 0.308905028125 0.0022232140625000002 0.308905028125 0.0022232140625000002 0.47588268125 0.16604910781249999 0.47588268125 0.16604910781249999 0.308905028125
8 0.5581919640625 0.78850279375 0.52928125 0.78850279375 0.52928125 0.8181843578124999 0.5581919640625 0.8181843578124999 0.5581919640625 0.78850279375
8 0.5707946421875 0.8321005593749999 0.5307633921875 0.8321005593749999 0.5307633921875 0.8766256984374999 0.5707946421875 0.8766256984374999 0.5707946421875 0.8321005593749999
8 0.5374330359374999 0.854363128125 0.5129732140625001 0.854363128125 0.5129732140625001 0.8831229046875 0.5374330359374999 0.8831229046875 0.5374330359374999 0.854363128125
8 0.5307633921875 0.807983240625 0.49740624999999994 0.807983240625 0.49740624999999994 0.8487988828124999 0.5307633921875 0.8487988828124999 0.5307633921875 0.807983240625
8 0.5196428578125001 0.8766256984374999 0.48258035781249997 0.8766256984374999 0.48258035781249997 0.9267206703124999 0.5196428578125001 0.9267206703124999 0.5196428578125001 0.8766256984374999
8 0.447741071875 0.854363128125 0.426241071875 0.854363128125 0.426241071875 0.8849776531250001 0.447741071875 0.8849776531250001 0.447741071875 0.854363128125
8 0.4455133921875 0.80426815625 0.4151205359375 0.80426815625 0.4151205359375 0.8423016765625 0.4455133921875 0.8423016765625 0.4455133921875 0.80426815625
8 0.48258035781249997 0.5807094968750001 0.4536696421875 0.5807094968750001 0.4536696421875 0.6270893859375 0.48258035781249997 0.6270893859375 0.48258035781249997 0.5807094968750001
8 0.46182142812500004 0.60018994375 0.432915178125 0.60018994375 0.432915178125 0.635441340625 0.46182142812500004 0.635441340625 0.46182142812500004 0.60018994375
8 0.4425491078125 0.628944134375 0.4217946421875 0.628944134375 0.4217946421875 0.6512067046875 0.4425491078125 0.6512067046875 0.4425491078125 0.628944134375
8 0.56115625 0.66326815625 0.5277991078125 0.66326815625 0.5277991078125 0.6957374296875 0.56115625 0.6957374296875 0.56115625 0.66326815625
8 0.431428571875 0.5723575421875 0.402522321875 0.5723575421875 0.402522321875 0.60111731875 0.431428571875 0.60111731875 0.431428571875 0.5723575421875
8 0.42327678593750007 0.6827486031250001 0.39584821406250004 0.6827486031250001 0.39584821406250004 0.7077932953125 0.42327678593750007 0.7077932953125 0.42327678593750007 0.6827486031250001
8 0.42327678593750007 0.74211731875 0.3899196421875 0.74211731875 0.3899196421875 0.7801508375 0.42327678593750007 0.7801508375 0.42327678593750007 0.74211731875
8 0.4425491078125 0.7476815640625001 0.4217946421875 0.7476815640625001 0.4217946421875 0.7782960890624999 0.4425491078125 0.7782960890624999 0.4425491078125 0.7476815640625001
8 0.21275 0.7634525140624999 0.17271875 0.7634525140624999 0.17271875 0.8265363125 0.21275 0.8265363125 0.21275 0.7634525140624999
8 0.11267410781250001 0.6428603359375 0.0807991078125 0.6428603359375 0.0807991078125 0.6808938546875 0.11267410781250001 0.6808938546875 0.11267410781250001 0.6428603359375
8 0.085991071875 0.6734748609375 0.064491071875 0.6734748609375 0.064491071875 0.6975921781250001 0.085991071875 0.6975921781250001 0.085991071875 0.6734748609375
8 0.17420089218749998 0.5565865921875 0.1245357140625 0.5565865921875 0.1245357140625 0.64749720625 0.17420089218749998 0.64749720625 0.17420089218749998 0.5565865921875
8 0.1260178578125 0.5927653625 0.095625 0.5927653625 0.095625 0.63265363125 0.1260178578125 0.63265363125 0.1260178578125 0.5927653625
8 0.1712366078125 0.9026033515625 0.1512232140625 0.9026033515625 0.1512232140625 0.9230111734375 0.1712366078125 0.9230111734375 0.1712366078125 0.9026033515625
8 0.140102678125 0.88219553125 0.1223125 0.88219553125 0.1223125 0.9063128484374999 0.140102678125 0.9063128484374999 0.140102678125 0.88219553125
8 0.153446428125 0.8747709499999999 0.13713839218749999 0.8747709499999999 0.13713839218749999 0.900748603125 0.153446428125 0.900748603125 0.153446428125 0.8747709499999999
8 0.072647321875 0.7198547484375 0.056339285937500004 0.7198547484375 0.056339285937500004 0.737480446875 0.072647321875 0.737480446875 0.072647321875 0.7198547484375
8 0.0904375 0.7356256984375 0.058562499999999997 0.7356256984375 0.058562499999999997 0.7634525140624999 0.0904375 0.7634525140624999 0.0904375 0.7356256984375
8 0.08525 0.7782960890624999 0.0659732140625 0.7782960890624999 0.0659732140625 0.799631284375 0.08525 0.799631284375 0.08525 0.7782960890624999
8 0 0.8181843578124999 0.0163080359375 0.8181843578124999 0.0163080359375 0.7699497203125001 0 0.7699497203125001 0 0.8181843578124999
8 0.9377321421874999 0.737480446875 0.9199419640625001 0.737480446875 0.9199419640625001 0.75788826875 0.9377321421874999 0.75788826875 0.9377321421874999 0.737480446875
3 0.0437366078125 0.5380335203125 0.0066696421875 0.5380335203125 0.0066696421875 0.613173184375 0.0437366078125 0.613173184375 0.0437366078125 0.5380335203125
3 0.0904375 0.5176256984375 0.05040625 0.5176256984375 0.05040625 0.666977653125 0.0904375 0.666977653125 0.0904375 0.5176256984375
3 0.354334821875 0.5278324015625 0.094883928125 0.5278324015625 0.094883928125 0.6975921781250001 0.354334821875 0.6975921781250001 0.354334821875 0.5278324015625
3 0.45070535781250004 0.5519497203125 0.354334821875 0.5519497203125 0.354334821875 0.7838603359375 0.45070535781250004 0.7838603359375 0.45070535781250004 0.5519497203125
3 0.6849508921874999 0.5278324015625 0.4492232140625 0.5278324015625 0.4492232140625 0.6530614531250001 0.6849508921874999 0.6530614531250001 0.6849508921874999 0.5278324015625
3 0.7627857140625001 0.7198547484375 0.5663437499999999 0.7198547484375 0.5663437499999999 0.7820055859374999 0.7627857140625001 0.7820055859374999 0.7627857140625001 0.7198547484375
3 0.7175669640625 0.8645698328125 0.5730178578125 0.8645698328125 0.5730178578125 0.9554748609375 0.7175669640625 0.9554748609375 0.7175669640625 0.8645698328125
3 0.8398794640625 0.8181843578124999 0.7702008921875 0.8181843578124999 0.7702008921875 0.870134078125 0.8398794640625 0.870134078125 0.8398794640625 0.8181843578124999
3 0.5693125 0.9369217875 0.515196428125 0.9369217875 0.515196428125 0.9777430171875 0.5693125 0.9777430171875 0.5693125 0.9369217875
3 0.432915178125 0.870134078125 0.3187544640625 0.870134078125 0.3187544640625 0.9508379890624999 0.432915178125 0.9508379890624999 0.432915178125 0.870134078125
3 0.2194196421875 0.92950279375 0.1593794640625 0.92950279375 0.1593794640625 0.9795977656250001 0.2194196421875 0.9795977656250001 0.2194196421875 0.92950279375
3 0.063008928125 0.6716145250000001 0.013343749999999998 0.6716145250000001 0.013343749999999998 0.7940670390625 0.063008928125 0.7940670390625 0.063008928125 0.6716145250000001
3 0.5811696421875 0.22820111718749997 0.5515178578125 0.22820111718749997 0.5515178578125 0.2662346375 0.5811696421875 0.2662346375 0.5811696421875 0.22820111718749997
8 0.7998526781249999 0.6382234640625 0.7902142859375 0.6382234640625 0.7902142859375 0.6493519546875001 0.7998526781249999 0.6493519546875001 0.7998526781249999 0.6382234640625
8 0.9036339281249999 0.604826815625 0.895477678125 0.604826815625 0.895477678125 0.613173184375 0.9036339281249999 0.613173184375 0.9036339281249999 0.604826815625
8 0.7353616078125 0.55380446875 0.7286875 0.55380446875 0.7286875 0.5667932953125 0.7353616078125 0.5667932953125 0.7353616078125 0.55380446875
8 0.61971875 0.8942513968749999 0.6071160718749999 0.8942513968749999 0.6071160718749999 0.9081675984375 0.61971875 0.9081675984375 0.61971875 0.8942513968749999
8 0.5908080359375 0.9434189937499999 0.5826517859375 0.9434189937499999 0.5826517859375 0.9517653625 0.5908080359375 0.9517653625 0.5908080359375 0.9434189937499999
8 0.025205357812500002 0.5556592171875 0.0163080359375 0.5556592171875 0.0163080359375 0.5686480453125 0.025205357812500002 0.5686480453125 0.025205357812500002 0.5556592171875
8 0.0733883921875 0.5584413406250001 0.061526785937499995 0.5584413406250001 0.061526785937499995 0.5732849156250001 0.0733883921875 0.5732849156250001 0.0733883921875 0.5584413406250001
8 0.0733883921875 0.613173184375 0.060785714062499996 0.613173184375 0.060785714062499996 0.6298715078125 0.0733883921875 0.6298715078125 0.0733883921875 0.613173184375
8 0.329133928125 0.6697597765625 0.31653125000000004 0.6697597765625 0.31653125000000004 0.6855307265625 0.329133928125 0.6855307265625 0.329133928125 0.6697597765625
8 0.3461830359375 0.6029720671875001 0.3335803578125 0.6029720671875001 0.3335803578125 0.619670390625 0.3461830359375 0.619670390625 0.3461830359375 0.6029720671875001
8 0.3335803578125 0.5677206703125 0.3180133921875 0.5677206703125 0.3180133921875 0.581636871875 0.3335803578125 0.581636871875 0.3335803578125 0.5677206703125
8 0.394366071875 0.63358100625 0.3780580359375 0.63358100625 0.3780580359375 0.6502793296875 0.394366071875 0.6502793296875 0.394366071875 0.63358100625
8 0.6767991078125 0.6298715078125 0.6686428578125 0.6298715078125 0.6686428578125 0.643787709375 0.6767991078125 0.643787709375 0.6767991078125 0.6298715078125
3 0.329133928125 0.9499106140625001 0.2379553578125 0.9499106140625001 0.2379553578125 0.995363128125 0.329133928125 0.995363128125 0.329133928125 0.9499106140625001
3 0.9065982140625 0.5927653625 0.8880669640625 0.5927653625 0.8880669640625 0.620597765625 0.9065982140625 0.620597765625 0.9065982140625 0.5927653625
3 0.6226830359375 0.3719888265625 0.4633080359375 0.3719888265625 0.4633080359375 0.40630726250000004 0.6226830359375 0.40630726250000004 0.6226830359375 0.3719888265625