4 0.41601785781249995 0.19921875 0.32421875 0.19921875 0.32421875 0.33984375 0.41601785781249995 0.33984375 0.41601785781249995 0.19921875
4 0.53515625 0.3496116078125 0.46679910781249995 0.3496116078125 0.46679910781249995 0.45508035781249995 0.53515625 0.45508035781249995 0.53515625 0.3496116078125
4 0.5839866078125 0.1542991078125 0.515625 0.1542991078125 0.515625 0.2871116078125 0.5839866078125 0.2871116078125 0.5839866078125 0.1542991078125
4 0.30859375 0.140625 0.2285178578125 0.140625 0.2285178578125 0.2167991078125 0.30859375 0.2167991078125 0.30859375 0.140625
4 0.125 0.9121116078125 0.0839866078125 0.9121116078125 0.0839866078125 0.9589866078125 0.125 0.9589866078125 0.125 0.9121116078125
4 0.2109375 0.2714866078125 0.13671875 0.2714866078125 0.13671875 0.3457053578125 0.2109375 0.3457053578125 0.2109375 0.2714866078125
7 0.9667991078125 0.7890625 0.73828125 0.7890625 0.73828125 0.9921875 0.9667991078125 0.9921875 0.9667991078125 0.7890625
4 0.49414285781249995 0.3847678578125 0.3847678578125 0.3847678578125 0.3847678578125 0.5449241078125 0.49414285781249995 0.5449241078125 0.49414285781249995 0.3847678578125
3 0.5703125 0.5488303578125 0.5371116078125 0.5488303578125 0.5371116078125 0.59765625 0.5703125 0.59765625 0.5703125 0.5488303578125
5 0.41601785781249995 0.40820535781249995 0.20703125 0.40820535781249995 0.20703125 0.640625 0.41601785781249995 0.640625 0.41601785781249995 0.40820535781249995
1 0.171875 0.43359375 0.0703125 0.43359375 0.0703125 0.5839866078125 0.171875 0.5839866078125 0.171875 0.43359375
1 0.3027366078125 0.27734375 0.203125 0.27734375 0.203125 0.3964866078125 0.3027366078125 0.3964866078125 0.3027366078125 0.27734375
4 0.7988303578125 0.03515625 0.76171875 0.03515625 0.76171875 0.10546875 0.7988303578125 0.10546875 0.7988303578125 0.03515625