4 0.6074241078125 0.42578125 0.57421875 0.42578125 0.57421875 0.5175803578125 0.6074241078125 0.5175803578125 0.6074241078125 0.42578125
4 0.1953125 0.546875 0.0410178578125 0.546875 0.0410178578125 0.8417991078125 0.1953125 0.8417991078125 0.1953125 0.546875
4 0 0.50390625 0.1191428578125 0.50390625 0.1191428578125 0.3671875 0 0.3671875 0 0.50390625
4 0.2421875 0.0214866078125 0.0683616078125 0.0214866078125 0.0683616078125 0.2441428578125 0.2421875 0.2441428578125 0.2421875 0.0214866078125
3 0.5722678578125 0.0136741078125 0.49414285781249995 0.0136741078125 0.49414285781249995 0.078125 0.5722678578125 0.078125 0.5722678578125 0.0136741078125
2 0.5078125 0.11328125 0.1347678578125 0.11328125 0.1347678578125 0.5839866078125 0.5078125 0.5839866078125 0.5078125 0.11328125
4 0.54296875 0.3339866078125 0.51953125 0.3339866078125 0.51953125 0.37109375 0.54296875 0.37109375 0.54296875 0.3339866078125
4 0.56640625 0.3847678578125 0.51953125 0.3847678578125 0.51953125 0.44921875 0.56640625 0.44921875 0.56640625 0.3847678578125
4 0.6074241078125 0.3300803578125 0.5722678578125 0.3300803578125 0.5722678578125 0.3984375 0.6074241078125 0.3984375 0.6074241078125 0.3300803578125
4 0.6582053578125 0.1875 0.6269553578125 0.1875 0.6269553578125 0.21875 0.6582053578125 0.21875 0.6582053578125 0.1875
4 0.9375 0.04296875 0.8964866078125 0.04296875 0.8964866078125 0.1347678578125 0.9375 0.1347678578125 0.9375 0.04296875
4 0.8769553578125 0.6621116078125 0.8457053578125 0.6621116078125 0.8457053578125 0.7167991078125 0.8769553578125 0.7167991078125 0.8769553578125 0.6621116078125
4 0.296875 0.75 0.265625 0.75 0.265625 0.7988303578125 0.296875 0.7988303578125 0.296875 0.75
4 0.2402366078125 0.5527366078125 0.18359375 0.5527366078125 0.18359375 0.6738303578125 0.2402366078125 0.6738303578125 0.2402366078125 0.5527366078125
4 0.3066428578125 0.46679910781249995 0.27734375 0.46679910781249995 0.27734375 0.49804910781249995 0.3066428578125 0.49804910781249995 0.3066428578125 0.46679910781249995
4 0.33984375 0.68359375 0.3105491078125 0.68359375 0.3105491078125 0.7207053578125 0.33984375 0.7207053578125 0.33984375 0.68359375
4 0.6269553578125 0.46679910781249995 0.5996116078125 0.46679910781249995 0.5996116078125 0.5214866078125 0.6269553578125 0.5214866078125 0.6269553578125 0.46679910781249995
4 0.7636741078125 0.3613303578125 0.73046875 0.3613303578125 0.73046875 0.40820535781249995 0.7636741078125 0.40820535781249995 0.7636741078125 0.3613303578125
3 0.6894553578125 0.0957053578125 0.6464866078125 0.0957053578125 0.6464866078125 0.13671875 0.6894553578125 0.13671875 0.6894553578125 0.0957053578125
3 0.5625 0.0761741078125 0.52734375 0.0761741078125 0.52734375 0.0996116078125 0.5625 0.0996116078125 0.5625 0.0761741078125
3 0.7636741078125 0.36328125 0.7324241078125 0.36328125 0.7324241078125 0.40820535781249995 0.7636741078125 0.40820535781249995 0.7636741078125 0.36328125
3 0.3066428578125 0.46875 0.27734375 0.46875 0.27734375 0.5019553578125 0.3066428578125 0.5019553578125 0.3066428578125 0.46875