2 0.99609375 0.0019553578125 0.0019553578125 0.0019553578125 0.0019553578125 0.99609375 0.99609375 0.99609375 0.99609375 0.0019553578125
5 0.7578125 0.109375 0.18359375 0.109375 0.18359375 0.7011741078125 0.7578125 0.7011741078125 0.7578125 0.109375
4 0.46679910781249995 0.34765625 0.42578125 0.34765625 0.42578125 0.40820535781249995 0.46679910781249995 0.40820535781249995 0.46679910781249995 0.34765625
4 0.2558616078125 0.5527366078125 0.14453125 0.5527366078125 0.14453125 0.6894553578125 0.2558616078125 0.6894553578125 0.2558616078125 0.5527366078125
4 0.7558616078125 0.41796875 0.6796875 0.41796875 0.6796875 0.61328125 0.7558616078125 0.61328125 0.7558616078125 0.41796875
4 0.6855491078125 0.59765625 0.5546875 0.59765625 0.5546875 0.69140625 0.6855491078125 0.69140625 0.6855491078125 0.59765625
4 0.5566428578125 0.671875 0.49609375 0.671875 0.49609375 0.7910178578125 0.5566428578125 0.7910178578125 0.5566428578125 0.671875
4 0.48633035781249995 0.671875 0.2597678578125 0.671875 0.2597678578125 0.7441428578125 0.48633035781249995 0.7441428578125 0.48633035781249995 0.671875
4 0.2519553578125 0.2363303578125 0.1855491078125 0.2363303578125 0.1855491078125 0.3203125 0.2519553578125 0.3203125 0.2519553578125 0.2363303578125
4 0.7988303578125 0.234375 0.61328125 0.234375 0.61328125 0.3457053578125 0.7988303578125 0.3457053578125 0.7988303578125 0.234375
4 0.81640625 0.5917991078125 0.69921875 0.5917991078125 0.69921875 0.7988303578125 0.81640625 0.7988303578125 0.81640625 0.5917991078125