3 0.98828125 0.14453125 0.8457053578125 0.14453125 0.8457053578125 0.49023660781249995 0.98828125 0.49023660781249995 0.98828125 0.14453125
3 0.890625 0.2441428578125 0.6484375 0.2441428578125 0.6484375 0.40625 0.890625 0.40625 0.890625 0.2441428578125
3 0.8769553578125 0.8261741078125 0.7753928578125 0.8261741078125 0.7753928578125 0.93359375 0.8769553578125 0.93359375 0.8769553578125 0.8261741078125
3 0.4375 0.79296875 0.3574241078125 0.79296875 0.3574241078125 0.88671875 0.4375 0.88671875 0.4375 0.79296875
3 0.7011741078125 0.7480491078125 0.625 0.7480491078125 0.625 0.9355491078125 0.7011741078125 0.9355491078125 0.7011741078125 0.7480491078125
3 0.1191428578125 0.1796875 0.0683616078125 0.1796875 0.0683616078125 0.2285178578125 0.1191428578125 0.2285178578125 0.1191428578125 0.1796875
3 0.1113303578125 0.0878928578125 0.0722678578125 0.0878928578125 0.0722678578125 0.13671875 0.1113303578125 0.13671875 0.1113303578125 0.0878928578125
4 0.1113303578125 0.07421875 0.0703125 0.07421875 0.0703125 0.1328125 0.1113303578125 0.1328125 0.1113303578125 0.07421875
4 0.1171875 0.1699241078125 0.06640625 0.1699241078125 0.06640625 0.23828125 0.1171875 0.23828125 0.1171875 0.1699241078125
3 0.2636741078125 0.5683616078125 0.2363303578125 0.5683616078125 0.2363303578125 0.59765625 0.2636741078125 0.59765625 0.2636741078125 0.5683616078125
3 0.1191428578125 0.45898660781249995 0.08203125 0.45898660781249995 0.08203125 0.49609375 0.1191428578125 0.49609375 0.1191428578125 0.45898660781249995
3 0.0488303578125 0.5253928578125 0.015625 0.5253928578125 0.015625 0.5566428578125 0.0488303578125 0.5566428578125 0.0488303578125 0.5253928578125
3 0.08984375 0.55859375 0.0625 0.55859375 0.0625 0.58984375 0.08984375 0.58984375 0.08984375 0.55859375
3 0.8613303578125 0.6269553578125 0.8300803578125 0.6269553578125 0.8300803578125 0.6503928578125 0.8613303578125 0.6503928578125 0.8613303578125 0.6269553578125
3 0.7734375 0.6191428578125 0.73046875 0.6191428578125 0.73046875 0.65234375 0.7734375 0.65234375 0.7734375 0.6191428578125
3 0.7832053578125 0.6582053578125 0.7324241078125 0.6582053578125 0.7324241078125 0.6894553578125 0.7832053578125 0.6894553578125 0.7832053578125 0.6582053578125
3 0.44921875 0.68359375 0.41211160781249995 0.68359375 0.41211160781249995 0.71875 0.44921875 0.71875 0.44921875 0.68359375
3 0.49609375 0.66015625 0.4609375 0.66015625 0.4609375 0.6953125 0.49609375 0.6953125 0.49609375 0.66015625
3 0.5839866078125 0.59765625 0.5527366078125 0.59765625 0.5527366078125 0.62890625 0.5839866078125 0.62890625 0.5839866078125 0.59765625
3 0.6171875 0.578125 0.5878928578125 0.578125 0.5878928578125 0.609375 0.6171875 0.609375 0.6171875 0.578125
3 0.6035178578125 0.5292991078125 0.5703125 0.5292991078125 0.5703125 0.55078125 0.6035178578125 0.55078125 0.6035178578125 0.5292991078125
3 0.78125 0.0136741078125 0.6660178578125 0.0136741078125 0.6660178578125 0.15234375 0.78125 0.15234375 0.78125 0.0136741078125
3 0.859375 0.1582053578125 0.8105491078125 0.1582053578125 0.8105491078125 0.2285178578125 0.859375 0.2285178578125 0.859375 0.1582053578125
3 0.99609375 0.5 0.9433616078125 0.5 0.9433616078125 0.55859375 0.99609375 0.55859375 0.99609375 0.5
4 0.87109375 0.8339866078125 0.7949241078125 0.8339866078125 0.7949241078125 0.9082053578125 0.87109375 0.9082053578125 0.87109375 0.8339866078125
4 0.90625 0.9316428578125 0.8417991078125 0.9316428578125 0.8417991078125 0.9863303578125 0.90625 0.9863303578125 0.90625 0.9316428578125
4 0.42578125 0.8125 0.3613303578125 0.8125 0.3613303578125 0.8691428578125 0.42578125 0.8691428578125 0.42578125 0.8125
4 0.2832053578125 0.8925803578125 0.234375 0.8925803578125 0.234375 0.9355491078125 0.2832053578125 0.9355491078125 0.2832053578125 0.8925803578125
4 0.6894553578125 0.75390625 0.6328125 0.75390625 0.6328125 0.82421875 0.6894553578125 0.82421875 0.6894553578125 0.75390625
4 0.8300803578125 0.9355491078125 0.7441428578125 0.9355491078125 0.7441428578125 0.9941428578125 0.8300803578125 0.9941428578125 0.8300803578125 0.9355491078125
4 0.0449241078125 0.1777366078125 0.0234375 0.1777366078125 0.0234375 0.1972678578125 0.0449241078125 0.1972678578125 0.0449241078125 0.1777366078125
4 0.20703125 0.9589866078125 0.1503928578125 0.9589866078125 0.1503928578125 0.9941428578125 0.20703125 0.9941428578125 0.20703125 0.9589866078125
3 0.046875 0.19921875 0.0214866078125 0.19921875 0.0214866078125 0.2285178578125 0.046875 0.2285178578125 0.046875 0.19921875
3 0.51953125 0.03515625 0.45898660781249995 0.03515625 0.45898660781249995 0.0957053578125 0.51953125 0.0957053578125 0.51953125 0.03515625
3 0.9433616078125 0.609375 0.9082053578125 0.609375 0.9082053578125 0.6484375 0.9433616078125 0.6484375 0.9433616078125 0.609375
5 0.6699241078125 0.2871116078125 0.4296875 0.2871116078125 0.4296875 0.48242410781249995 0.6699241078125 0.48242410781249995 0.6699241078125 0.2871116078125