3 0.5811696421875 0.6187430171875 0.5359508921875 0.6187430171875 0.5359508921875 0.6873854749999999 0.5811696421875 0.6873854749999999 0.5811696421875 0.6187430171875
3 0.670866071875 0.3970335203125 0.6367678578125 0.3970335203125 0.6367678578125 0.4359944140625 0.670866071875 0.4359944140625 0.670866071875 0.3970335203125
3 0.7494419640625 0.22170949687500002 0.7272053578125 0.22170949687500002 0.7272053578125 0.25046368750000003 0.7494419640625 0.25046368750000003 0.7494419640625 0.22170949687500002
3 0.778352678125 0.4035251390625 0.7575982140625 0.4035251390625 0.7575982140625 0.42950279374999994 0.778352678125 0.42950279374999994 0.778352678125 0.4035251390625
3 0.940696428125 0.12894413437500002 0.9251294640625 0.12894413437500002 0.9251294640625 0.1539888265625 0.940696428125 0.1539888265625 0.940696428125 0.12894413437500002
3 0.9043749999999999 0.66326815625 0.8813928578124999 0.66326815625 0.8813928578124999 0.691094971875 0.9043749999999999 0.691094971875 0.9043749999999999 0.66326815625
3 0.5277991078125 0.3172569828125 0.478133928125 0.3172569828125 0.478133928125 0.4155865921875 0.5277991078125 0.4155865921875 0.5277991078125 0.3172569828125
8 0.2194196421875 0.5083519546875 0.1964419640625 0.5083519546875 0.1964419640625 0.5380335203125 0.2194196421875 0.5380335203125 0.2194196421875 0.5083519546875
8 0.2542633921875 0.46382122968750006 0.217196428125 0.46382122968750006 0.217196428125 0.5064972062499999 0.2542633921875 0.5064972062499999 0.2542633921875 0.46382122968750006
8 0.28836160781250003 0.3571452515625 0.24314285781249997 0.3571452515625 0.24314285781249997 0.3951787703125 0.28836160781250003 0.3951787703125 0.28836160781250003 0.3571452515625
8 0.34247767812499996 0.3070502796875 0.29948214218749997 0.3070502796875 0.29948214218749997 0.3571452515625 0.34247767812499996 0.3571452515625 0.34247767812499996 0.3070502796875
8 0.37138839218749997 0.31911173125 0.357303571875 0.31911173125 0.357303571875 0.34322905000000004 0.37138839218749997 0.34322905000000004 0.37138839218749997 0.31911173125
8 0.434397321875 0.2968491625 0.41808928593749994 0.2968491625 0.41808928593749994 0.32653072656250004 0.434397321875 0.32653072656250004 0.434397321875 0.2968491625
8 0.3350625 0.46011173124999993 0.317272321875 0.46011173124999993 0.317272321875 0.487944134375 0.3350625 0.487944134375 0.3350625 0.46011173124999993
8 0.4054866078125 0.4703184359375 0.3832455359375 0.4703184359375 0.3832455359375 0.49350837968750005 0.4054866078125 0.49350837968750005 0.4054866078125 0.4703184359375
8 0.4284642859375 0.43321229062500005 0.39955357187499996 0.43321229062500005 0.39955357187499996 0.4693910609375 0.4284642859375 0.4693910609375 0.4284642859375 0.43321229062500005
8 0.510008928125 0.25046368750000003 0.4425491078125 0.25046368750000003 0.4425491078125 0.2801508375 0.510008928125 0.2801508375 0.510008928125 0.25046368750000003
8 0.521125 0.22634636874999997 0.4959241078125 0.22634636874999997 0.4959241078125 0.25231843593750003 0.521125 0.25231843593750003 0.521125 0.22634636874999997
8 0.43810267812500003 0.20222905 0.41808928593749994 0.20222905 0.41808928593749994 0.22634636874999997 0.43810267812500003 0.22634636874999997 0.43810267812500003 0.20222905
8 0.3639732140625 0.0473072625 0.3269107140625 0.0473072625 0.3269107140625 0.07050279375 0.3639732140625 0.07050279375 0.3639732140625 0.0473072625
8 0.037803571875000004 0.37477095 0.0200133921875 0.37477095 0.0200133921875 0.3970335203125 0.037803571875000004 0.3970335203125 0.037803571875000004 0.37477095
8 0.11638392812500001 0.1901675984375 0.08525 0.1901675984375 0.08525 0.23191061406250002 0.11638392812500001 0.23191061406250002 0.11638392812500001 0.1901675984375
8 0.153446428125 0.21243016718750002 0.1319508921875 0.21243016718750002 0.1319508921875 0.2402625703125 0.153446428125 0.2402625703125 0.153446428125 0.21243016718750002
8 0.0807991078125 0.2903519546875 0.058562499999999997 0.2903519546875 0.058562499999999997 0.316329609375 0.0807991078125 0.316329609375 0.0807991078125 0.2903519546875
8 0.1208303578125 0.245826815625 0.0793169640625 0.245826815625 0.0793169640625 0.28849720625 0.1208303578125 0.28849720625 0.1208303578125 0.245826815625
8 0.238696428125 0.10296647968749999 0.21275 0.10296647968749999 0.21275 0.1298715078125 0.238696428125 0.1298715078125 0.238696428125 0.10296647968749999
8 0.20162946406249999 0.159553071875 0.18235714218750002 0.159553071875 0.18235714218750002 0.17996089375 0.20162946406249999 0.17996089375 0.20162946406249999 0.159553071875
8 0.3899196421875 0.000927375 0.3187544640625 0.000927375 0.3187544640625 0.0287597765625 0.3899196421875 0.0287597765625 0.3899196421875 0.000927375
8 0.315790178125 0.0129888265625 0.2913258921875 0.0129888265625 0.2913258921875 0.042670390625 0.315790178125 0.042670390625 0.315790178125 0.0129888265625
8 0.2965178578125 0.034324021875 0.2750178578125 0.034324021875 0.2750178578125 0.0630782125 0.2965178578125 0.0630782125 0.2965178578125 0.034324021875
3 0.040772321875 0.3766256984375 0.0229821421875 0.3766256984375 0.0229821421875 0.401670390625 0.040772321875 0.401670390625 0.040772321875 0.3766256984375
3 0.0148258921875 0.28849720625 0.000741071875 0.28849720625 0.000741071875 0.31911173125 0.0148258921875 0.31911173125 0.0148258921875 0.28849720625
3 0.3409955359375 0.3144748609375 0.302446428125 0.3144748609375 0.302446428125 0.3534357546875 0.3409955359375 0.3534357546875 0.3409955359375 0.3144748609375
5 0.40622767812499994 0.21521229062499997 0.3031875 0.21521229062499997 0.3031875 0.3014860328125 0.40622767812499994 0.3014860328125 0.40622767812499994 0.21521229062499997
7 0.9369910718750001 0.8089106140625001 0.5959955359375 0.8089106140625001 0.5959955359375 0.9962960890625 0.9369910718750001 0.9962960890625 0.9369910718750001 0.8089106140625001
8 0.5641205359375 0.6428603359375 0.553 0.6428603359375 0.553 0.652134078125 0.5641205359375 0.652134078125 0.5641205359375 0.6428603359375
8 0.552258928125 0.6252346375 0.5411428578125 0.6252346375 0.5411428578125 0.6428603359375 0.552258928125 0.6428603359375 0.552258928125 0.6252346375
8 0.5752410718750001 0.6614134078125 0.5581919640625 0.6614134078125 0.5581919640625 0.6790391062500001 0.5752410718750001 0.6790391062500001 0.5752410718750001 0.6614134078125