8 0.8094866078124999 0.19758659218750002 0.7865089281250001 0.19758659218750002 0.7865089281250001 0.2365474859375 0.8094866078124999 0.2365474859375 0.8094866078124999 0.19758659218750002
8 0.8087455359375 0.2439720671875 0.787991071875 0.2439720671875 0.787991071875 0.26252513906249997 0.8087455359375 0.26252513906249997 0.8087455359375 0.2439720671875
8 0.7902142859375 0.26252513906249997 0.77390625 0.26252513906249997 0.77390625 0.27644134062500003 0.7902142859375 0.27644134062500003 0.7902142859375 0.26252513906249997
8 0.7850267859375 0.2077932953125 0.7672366078125 0.2077932953125 0.7672366078125 0.23005586562499997 0.7850267859375 0.23005586562499997 0.7850267859375 0.2077932953125
8 0.7257232140625 0.1660502796875 0.6945892859375 0.1660502796875 0.6945892859375 0.21243016718750002 0.7257232140625 0.21243016718750002 0.7257232140625 0.1660502796875
8 0.7398080359375 0.1539888265625 0.7257232140625 0.1539888265625 0.7257232140625 0.175324021875 0.7398080359375 0.175324021875 0.7398080359375 0.1539888265625
8 0.6805044640625 0.16419553125 0.6612321421875 0.16419553125 0.6612321421875 0.183675978125 0.6805044640625 0.183675978125 0.6805044640625 0.16419553125
8 0.6834687500000001 0.19573184375 0.665678571875 0.19573184375 0.665678571875 0.21243016718750002 0.6834687500000001 0.21243016718750002 0.6834687500000001 0.19573184375
8 0.8398794640625 0.32838547500000004 0.8124553578124999 0.32838547500000004 0.8124553578124999 0.35250837968750004 0.8398794640625 0.35250837968750004 0.8398794640625 0.32838547500000004
8 0.7605625 0.2801508375 0.73684375 0.2801508375 0.73684375 0.312614525 0.7605625 0.312614525 0.7605625 0.2801508375
8 0.7531517859375 0.3172569828125 0.7220178578125 0.3172569828125 0.7220178578125 0.34508379843750003 0.7531517859375 0.34508379843750003 0.7531517859375 0.3172569828125
8 0.7235 0.34879329531250003 0.70496875 0.34879329531250003 0.70496875 0.37477095 0.7235 0.37477095 0.7235 0.34879329531250003
8 0.6753169640625 0.3534357546875 0.6486294640625 0.3534357546875 0.6486294640625 0.371061453125 0.6753169640625 0.371061453125 0.6753169640625 0.3534357546875
8 0.5967366078125 0.34508379843750003 0.5745 0.34508379843750003 0.5745 0.3654916203125 0.5967366078125 0.3654916203125 0.5967366078125 0.34508379843750003
8 0.701258928125 0.34137430156250004 0.6834687500000001 0.34137430156250004 0.6834687500000001 0.3645642453125 0.701258928125 0.3645642453125 0.701258928125 0.34137430156250004
8 0.8576741078125 0.5686480453125 0.8332098218749999 0.5686480453125 0.8332098218749999 0.6150279328125 0.8576741078125 0.6150279328125 0.8576741078125 0.5686480453125
8 0.8302455359375 0.4053798875 0.8139375 0.4053798875 0.8139375 0.4276480453125 0.8302455359375 0.4276480453125 0.8302455359375 0.4053798875
8 0.8235714281250001 0.4536201125 0.8154196421875 0.4536201125 0.8154196421875 0.4740279328125 0.8235714281250001 0.4740279328125 0.8235714281250001 0.4536201125
8 0.2802053578125 0.41744134062500005 0.26241517812500004 0.41744134062500005 0.26241517812500004 0.43784916249999994 0.2802053578125 0.43784916249999994 0.2802053578125 0.41744134062500005
8 0.194959821875 0.44155865937499994 0.17420089218749998 0.44155865937499994 0.17420089218749998 0.46382122968750006 0.194959821875 0.46382122968750006 0.194959821875 0.44155865937499994
8 0.163084821875 0.4536201125 0.1423258921875 0.4536201125 0.1423258921875 0.4703184359375 0.163084821875 0.4703184359375 0.163084821875 0.4536201125
8 0.31060267812500003 0.14749720625 0.302446428125 0.14749720625 0.302446428125 0.16975977656250002 0.31060267812500003 0.16975977656250002 0.31060267812500003 0.14749720625
8 0.4536696421875 0.4276480453125 0.43958482187500003 0.4276480453125 0.43958482187500003 0.45176536250000005 0.4536696421875 0.45176536250000005 0.4536696421875 0.4276480453125
8 0.4358794640625 0.4276480453125 0.426241071875 0.4276480453125 0.426241071875 0.44805586562500005 0.4358794640625 0.44805586562500005 0.4358794640625 0.4276480453125
7 0.14974107187500002 0.3849720671875 0.000741071875 0.3849720671875 0.000741071875 0.9990782125000001 0.14974107187500002 0.9990782125000001 0.14974107187500002 0.3849720671875
7 0.5329866078125 0.628944134375 0.14974107187500002 0.628944134375 0.14974107187500002 0.9990782125000001 0.5329866078125 0.9990782125000001 0.5329866078125 0.628944134375
3 0.312084821875 0.141927375 0.28836160781250003 0.141927375 0.28836160781250003 0.17161452500000002 0.312084821875 0.17161452500000002 0.312084821875 0.141927375
3 0.4551517859375 0.4118770953125 0.4203125 0.4118770953125 0.4203125 0.4656815640625 0.4551517859375 0.4656815640625 0.4551517859375 0.4118770953125
3 0.818383928125 0.6827486031250001 0.701258928125 0.6827486031250001 0.701258928125 0.7513966484375 0.818383928125 0.7513966484375 0.818383928125 0.6827486031250001
3 0.980727678125 0.5927653625 0.8991830359374999 0.5927653625 0.8991830359374999 0.703156425 0.980727678125 0.703156425 0.980727678125 0.5927653625
3 0.5404017859375 0.2968491625 0.45737500000000003 0.2968491625 0.45737500000000003 0.40723463750000005 0.5404017859375 0.40723463750000005 0.5404017859375 0.2968491625
3 0.21275 0.389614525 0.140102678125 0.389614525 0.140102678125 0.520407821875 0.21275 0.520407821875 0.21275 0.389614525
3 0.24017857187499997 0.3571452515625 0.19940625 0.3571452515625 0.19940625 0.4230055859375 0.24017857187499997 0.4230055859375 0.24017857187499997 0.3571452515625
3 0.25129910781250003 0.45176536250000005 0.2223883921875 0.45176536250000005 0.2223883921875 0.496290503125 0.25129910781250003 0.496290503125 0.25129910781250003 0.45176536250000005
3 0.2816919640625 0.46753631249999994 0.2542633921875 0.46753631249999994 0.2542633921875 0.503715084375 0.2816919640625 0.503715084375 0.2816919640625 0.46753631249999994
3 0.28465625 0.38311731875 0.24017857187499997 0.38311731875 0.24017857187499997 0.457329609375 0.28465625 0.457329609375 0.28465625 0.38311731875
3 0.309116071875 0.2949944140625 0.11119196406250001 0.2949944140625 0.11119196406250001 0.5881284921875001 0.309116071875 0.5881284921875001 0.309116071875 0.2949944140625
3 0.39584821406250004 0.6938826812500001 0.25278125 0.6938826812500001 0.25278125 0.807983240625 0.39584821406250004 0.807983240625 0.39584821406250004 0.6938826812500001
3 0.9651607140625 0.4619664796875 0.9392142859374999 0.4619664796875 0.9392142859374999 0.496290503125 0.9651607140625 0.496290503125 0.9651607140625 0.4619664796875
3 0.9540401781250001 0.393324021875 0.8895491078125 0.393324021875 0.8895491078125 0.47588268125 0.9540401781250001 0.47588268125 0.9540401781250001 0.393324021875
3 0.6048928578125 0.717072625 0.5841383921875 0.717072625 0.5841383921875 0.74118994375 0.6048928578125 0.74118994375 0.6048928578125 0.717072625
3 0.7494419640625 0.5324692734375 0.7205357140624999 0.5324692734375 0.7205357140624999 0.5723575421875 0.7494419640625 0.5723575421875 0.7494419640625 0.5324692734375
3 0.5581919640625 0.838592178125 0.5404017859375 0.838592178125 0.5404017859375 0.8627094968750001 0.5581919640625 0.8627094968750001 0.5581919640625 0.838592178125
3 0.677540178125 0.16419553125 0.6612321421875 0.16419553125 0.6612321421875 0.187385475 0.677540178125 0.187385475 0.677540178125 0.16419553125
3 0.6849508921874999 0.192022346875 0.665678571875 0.192022346875 0.665678571875 0.2179944140625 0.6849508921874999 0.2179944140625 0.6849508921874999 0.192022346875
3 0.7220178578125 0.159553071875 0.6953303578125001 0.159553071875 0.6953303578125001 0.21243016718750002 0.7220178578125 0.21243016718750002 0.7220178578125 0.159553071875
3 0.7383258921875 0.1512067046875 0.7272053578125 0.1512067046875 0.7272053578125 0.175324021875 0.7383258921875 0.175324021875 0.7383258921875 0.1512067046875
3 0.8109732140625001 0.19573184375 0.787991071875 0.19573184375 0.787991071875 0.23191061406250002 0.8109732140625001 0.23191061406250002 0.8109732140625001 0.19573184375
3 0.787991071875 0.20222905 0.7702008921875 0.20222905 0.7702008921875 0.23005586562499997 0.787991071875 0.23005586562499997 0.787991071875 0.20222905
3 0.838397321875 0.31911173125 0.8109732140625001 0.31911173125 0.8109732140625001 0.35250837968750004 0.838397321875 0.35250837968750004 0.838397321875 0.31911173125
3 0.6753169640625 0.3534357546875 0.6501116078125 0.3534357546875 0.6501116078125 0.379407821875 0.6753169640625 0.379407821875 0.6753169640625 0.3534357546875
3 0.5329866078125 0.6456424578125 0.398071428125 0.6456424578125 0.398071428125 0.7968491625 0.5329866078125 0.7968491625 0.5329866078125 0.6456424578125
3 0.8932544640625 0.8144748609375 0.8406205359375001 0.8144748609375 0.8406205359375001 0.8840502796875 0.8932544640625 0.8840502796875 0.8932544640625 0.8144748609375
3 0.8339508921875 0.00927374375 0.8154196421875 0.00927374375 0.8154196421875 0.038960893749999996 0.8339508921875 0.038960893749999996 0.8339508921875 0.00927374375
3 0.9028928578125001 0.23376536250000002 0.8813928578124999 0.23376536250000002 0.8813928578124999 0.2671620109375 0.9028928578125001 0.2671620109375 0.9028928578125001 0.23376536250000002
3 0.9785044640624999 0.3571452515625 0.960709821875 0.3571452515625 0.960709821875 0.3886871515625 0.9785044640624999 0.3886871515625 0.9785044640624999 0.3571452515625
3 0.357303571875 0.11224580937499999 0.26760714218750004 0.11224580937499999 0.26760714218750004 0.2439720671875 0.357303571875 0.2439720671875 0.357303571875 0.11224580937499999
3 0.3988125 0.1623407828125 0.3765758921875 0.1623407828125 0.3765758921875 0.1985139671875 0.3988125 0.1985139671875 0.3988125 0.1623407828125
8 0.48258035781249997 0.7634525140624999 0.466272321875 0.7634525140624999 0.466272321875 0.7801508375 0.48258035781249997 0.7801508375 0.48258035781249997 0.7634525140624999
8 0.4484821421875 0.71057541875 0.40029464218750005 0.71057541875 0.40029464218750005 0.777368715625 0.4484821421875 0.777368715625 0.4484821421875 0.71057541875
8 0.475165178125 0.652134078125 0.4595982140625 0.652134078125 0.4595982140625 0.6948100562499999 0.475165178125 0.6948100562499999 0.475165178125 0.652134078125
8 0.464790178125 0.7513966484375 0.451446428125 0.7513966484375 0.451446428125 0.7782960890624999 0.464790178125 0.7782960890624999 0.464790178125 0.7513966484375
8 0.37509375 0.7291284921875001 0.3009642859375 0.7291284921875001 0.3009642859375 0.799631284375 0.37509375 0.799631284375 0.37509375 0.7291284921875001
8 0.28836160781250003 0.706865921875 0.258709821875 0.706865921875 0.258709821875 0.7393351953125 0.28836160781250003 0.7393351953125 0.28836160781250003 0.706865921875