3 0.7207053578125 0.75390625 0.5839866078125 0.75390625 0.5839866078125 0.99609375 0.7207053578125 0.99609375 0.7207053578125 0.75390625
3 0.3457053578125 0.63671875 0.1933616078125 0.63671875 0.1933616078125 0.79296875 0.3457053578125 0.79296875 0.3457053578125 0.63671875
3 0.1621116078125 0.6074241078125 0.0527366078125 0.6074241078125 0.0527366078125 0.7050803578125 0.1621116078125 0.7050803578125 0.1621116078125 0.6074241078125
3 0.98828125 0.2441428578125 0.71875 0.2441428578125 0.71875 0.453125 0.98828125 0.453125 0.98828125 0.2441428578125
7 0.1933616078125 0.7734375 0.0175803578125 0.7734375 0.0175803578125 0.9746116078125 0.1933616078125 0.9746116078125 0.1933616078125 0.7734375
5 0.7910178578125 0.1953125 0.2871116078125 0.1953125 0.2871116078125 0.54296875 0.7910178578125 0.54296875 0.7910178578125 0.1953125
3 0.46484375 0.5722678578125 0.40234375 0.5722678578125 0.40234375 0.63671875 0.46484375 0.63671875 0.46484375 0.5722678578125
3 0.3808616078125 0.60546875 0.3515625 0.60546875 0.3515625 0.63671875 0.3808616078125 0.63671875 0.3808616078125 0.60546875
3 0.42383035781249995 0.6933616078125 0.39453125 0.6933616078125 0.39453125 0.7285178578125 0.42383035781249995 0.7285178578125 0.42383035781249995 0.6933616078125
3 0.7246116078125 0.6464866078125 0.6796875 0.6464866078125 0.6796875 0.6953125 0.7246116078125 0.6953125 0.7246116078125 0.6464866078125
3 0.7558616078125 0.6953125 0.6875 0.6953125 0.6875 0.7832053578125 0.7558616078125 0.7832053578125 0.7558616078125 0.6953125
3 0.7734375 0.8125 0.7363303578125 0.8125 0.7363303578125 0.85546875 0.7734375 0.85546875 0.7734375 0.8125
3 0.94921875 0.46289285781249995 0.8378928578125 0.46289285781249995 0.8378928578125 0.62109375 0.94921875 0.62109375 0.94921875 0.46289285781249995
3 0.97265625 0.6035178578125 0.94140625 0.6035178578125 0.94140625 0.63671875 0.97265625 0.63671875 0.97265625 0.6035178578125
3 0.99609375 0.6347678578125 0.96875 0.6347678578125 0.96875 0.671875 0.99609375 0.671875 0.99609375 0.6347678578125
3 0.2421875 0.35546875 0.2089866078125 0.35546875 0.2089866078125 0.3886741078125 0.2421875 0.3886741078125 0.2421875 0.35546875
3 0.1015625 0.25390625 0.0566428578125 0.25390625 0.0566428578125 0.296875 0.1015625 0.296875 0.1015625 0.25390625