3 0.9980491078125 0.2089866078125 0.6621116078125 0.2089866078125 0.6621116078125 0.44726785781249995 0.9980491078125 0.44726785781249995 0.9980491078125 0.2089866078125
3 0.7402366078125 0.6328125 0.6582053578125 0.6328125 0.6582053578125 0.7597678578125 0.7402366078125 0.7597678578125 0.7402366078125 0.6328125
3 0.7089866078125 0.76953125 0.5566428578125 0.76953125 0.5566428578125 0.9921875 0.7089866078125 0.9921875 0.7089866078125 0.76953125
3 0.3300803578125 0.6386741078125 0.20703125 0.6386741078125 0.20703125 0.77734375 0.3300803578125 0.77734375 0.3300803578125 0.6386741078125
3 0.4296875 0.58984375 0.3847678578125 0.58984375 0.3847678578125 0.6269553578125 0.4296875 0.6269553578125 0.4296875 0.58984375
5 0.7597678578125 0.1777366078125 0.2734375 0.1777366078125 0.2734375 0.51953125 0.7597678578125 0.51953125 0.7597678578125 0.1777366078125
3 0.9140625 0.4609375 0.83203125 0.4609375 0.83203125 0.5449241078125 0.9140625 0.5449241078125 0.9140625 0.4609375
3 0.7675803578125 0.80859375 0.73046875 0.80859375 0.73046875 0.8378928578125 0.7675803578125 0.8378928578125 0.7675803578125 0.80859375
3 0.21875 0.375 0.1894553578125 0.375 0.1894553578125 0.40039285781249995 0.21875 0.40039285781249995 0.21875 0.375
3 0.9394553578125 0.5527366078125 0.91015625 0.5527366078125 0.91015625 0.58984375 0.9394553578125 0.58984375 0.9394553578125 0.5527366078125
3 0.9609375 0.5761741078125 0.94140625 0.5761741078125 0.94140625 0.6035178578125 0.9609375 0.6035178578125 0.9609375 0.5761741078125
3 0.6582053578125 0.671875 0.6171875 0.671875 0.6171875 0.70703125 0.6582053578125 0.70703125 0.6582053578125 0.671875
7 0.6953125 0.8964866078125 0.5957053578125 0.8964866078125 0.5957053578125 0.9863303578125 0.6953125 0.9863303578125 0.6953125 0.8964866078125
4 0.3105491078125 0.65234375 0.27734375 0.65234375 0.27734375 0.734375 0.3105491078125 0.734375 0.3105491078125 0.65234375
7 0.1386741078125 0.81640625 0.0390625 0.81640625 0.0390625 0.97265625 0.1386741078125 0.97265625 0.1386741078125 0.81640625
3 0.7167991078125 0.0859375 0.6796875 0.0859375 0.6796875 0.1425803578125 0.7167991078125 0.1425803578125 0.7167991078125 0.0859375
3 0.1171875 0.6640625 0.0703125 0.6640625 0.0703125 0.7109375 0.1171875 0.7109375 0.1171875 0.6640625