4 0.2363303578125 0.671875 0.0019553578125 0.671875 0.0019553578125 0.9902366078125 0.2363303578125 0.9902366078125 0.2363303578125 0.671875
4 0.6191428578125 0.82421875 0.45898660781249995 0.82421875 0.45898660781249995 0.94140625 0.6191428578125 0.94140625 0.6191428578125 0.82421875
7 0.4765625 0.8046875 0.40820535781249995 0.8046875 0.40820535781249995 0.98046875 0.4765625 0.98046875 0.4765625 0.8046875
4 0.80078125 0.0957053578125 0.7480491078125 0.0957053578125 0.7480491078125 0.1386741078125 0.80078125 0.1386741078125 0.80078125 0.0957053578125
4 0.8671875 0.1777366078125 0.8144553578125 0.1777366078125 0.8144553578125 0.22265625 0.8671875 0.22265625 0.8671875 0.1777366078125
4 0.91796875 0.2421875 0.79296875 0.2421875 0.79296875 0.47265625 0.91796875 0.47265625 0.91796875 0.2421875
4 0.9921875 0.359375 0.9453125 0.359375 0.9453125 0.40039285781249995 0.9921875 0.40039285781249995 0.9921875 0.359375
5 0.703125 0.1035178578125 0.02734375 0.1035178578125 0.02734375 0.8828125 0.703125 0.8828125 0.703125 0.1035178578125
6 0.49609375 0.453125 0.2265625 0.453125 0.2265625 0.9902366078125 0.49609375 0.9902366078125 0.49609375 0.453125
4 0.796875 0.2167991078125 0.7519553578125 0.2167991078125 0.7519553578125 0.26953125 0.796875 0.26953125 0.796875 0.2167991078125
4 0.62109375 0 0.62109375 0.0722678578125 0.7246116078125 0.0722678578125 0.7246116078125 0 0.62109375 0
4 0.5683616078125 0 0.5683616078125 0.025392857812500003 0.5957053578125 0.025392857812500003 0.5957053578125 0 0.5683616078125 0
4 0.99609375 0.1699241078125 0.96875 0.1699241078125 0.96875 0.1933616078125 0.99609375 0.1933616078125 0.99609375 0.1699241078125
8 0.7871116078125 0.10546875 0.7636741078125 0.10546875 0.7636741078125 0.1308616078125 0.7871116078125 0.1308616078125 0.7871116078125 0.10546875
8 0.85546875 0.1875 0.8261741078125 0.1875 0.8261741078125 0.2109375 0.85546875 0.2109375 0.85546875 0.1875
8 0.83203125 0.2519553578125 0.80859375 0.2519553578125 0.80859375 0.2734375 0.83203125 0.2734375 0.83203125 0.2519553578125
8 0.8359375 0.28515625 0.8144553578125 0.28515625 0.8144553578125 0.30078125 0.8359375 0.30078125 0.8359375 0.28515625
8 0.9121116078125 0.43164285781249995 0.8828125 0.43164285781249995 0.8828125 0.45508035781249995 0.9121116078125 0.45508035781249995 0.9121116078125 0.43164285781249995