7 0.4136383921875 0.4035251390625 0.000741071875 0.4035251390625 0.000741071875 0.9990782125000001 0.4136383921875 0.9990782125000001 0.4136383921875 0.4035251390625
8 0.714602678125 0.11317318437499999 0.6901428578125001 0.11317318437499999 0.6901428578125001 0.1354357546875 0.714602678125 0.1354357546875 0.714602678125 0.11317318437499999
8 0.8539642859375001 0.0992569828125 0.7672366078125 0.0992569828125 0.7672366078125 0.1354357546875 0.8539642859375001 0.1354357546875 0.8539642859375001 0.0992569828125
8 0.9747946421875 0.246754190625 0.876946428125 0.246754190625 0.876946428125 0.37477095 0.9747946421875 0.37477095 0.9747946421875 0.246754190625
8 0.945883928125 0.386826815625 0.8673080359374999 0.386826815625 0.8673080359374999 0.4554748609375 0.945883928125 0.4554748609375 0.945883928125 0.386826815625
8 0.8539642859375001 0.409094971875 0.819125 0.409094971875 0.819125 0.4656815640625 0.8539642859375001 0.4656815640625 0.8539642859375001 0.409094971875
8 0.942178571875 0.48979888281250006 0.8880669640625 0.48979888281250006 0.8880669640625 0.589055865625 0.942178571875 0.589055865625 0.942178571875 0.48979888281250006
8 0.968125 0.4693910609375 0.9525580359375001 0.4693910609375 0.9525580359375001 0.5055698328125 0.968125 0.5055698328125 0.968125 0.4693910609375
8 0.8650848218749999 0.22449162031249997 0.83765625 0.22449162031249997 0.83765625 0.26994413437500003 0.8650848218749999 0.26994413437500003 0.8650848218749999 0.22449162031249997
8 0.7805803578125 0.0027821234375 0.747959821875 0.0027821234375 0.747959821875 0.0222625703125 0.7805803578125 0.0222625703125 0.7805803578125 0.0027821234375
5 0.9925892859375001 0.0027821234375 0.7242410718750001 0.0027821234375 0.7242410718750001 0.99165363125 0.9925892859375001 0.99165363125 0.9925892859375001 0.0027821234375
5 0.0741294640625 0 0.0741294640625 0.0834860328125 0.180875 0.0834860328125 0.180875 0 0.0741294640625 0
8 0.180133928125 0.9387821234375 0.109709821875 0.9387821234375 0.109709821875 0.9990782125000001 0.180133928125 0.9990782125000001 0.180133928125 0.9387821234375
8 0.027428571875000002 0.721709496875 0.000741071875 0.721709496875 0.000741071875 0.807983240625 0.027428571875000002 0.807983240625 0.027428571875000002 0.721709496875
3 0.6856919640625 0.246754190625 0.665678571875 0.246754190625 0.665678571875 0.28293296093750003 0.6856919640625 0.28293296093750003 0.6856919640625 0.246754190625
3 0.7220178578125 0.23005586562499997 0.68865625 0.23005586562499997 0.68865625 0.27272625625 0.7220178578125 0.27272625625 0.7220178578125 0.23005586562499997
3 0.8591562500000001 0.23191061406250002 0.841366071875 0.23191061406250002 0.841366071875 0.2680893859375 0.8591562500000001 0.2680893859375 0.8591562500000001 0.23191061406250002
3 0.9043749999999999 0.41744134062500005 0.876946428125 0.41744134062500005 0.876946428125 0.45176536250000005 0.9043749999999999 0.45176536250000005 0.9043749999999999 0.41744134062500005
3 0.9266116078125 0.387754190625 0.8962187500000001 0.387754190625 0.8962187500000001 0.4499106140625 0.9266116078125 0.4499106140625 0.9266116078125 0.387754190625
3 0.9347678578125 0.49443575468749995 0.8939955359375 0.49443575468749995 0.8939955359375 0.5807094968750001 0.9347678578125 0.5807094968750001 0.9347678578125 0.49443575468749995
3 0.9696071421875001 0.472173184375 0.9518169640625 0.472173184375 0.9518169640625 0.5102067046875 0.9696071421875001 0.5102067046875 0.9696071421875001 0.472173184375
3 0.6530758921875 0.5241229046875 0.6271294640625 0.5241229046875 0.6271294640625 0.5547318437500001 0.6530758921875 0.5547318437500001 0.6530758921875 0.5241229046875
3 0.6627142859374999 0.49814525156249995 0.6404732140625 0.49814525156249995 0.6404732140625 0.52226815625 0.6627142859374999 0.52226815625 0.6627142859374999 0.49814525156249995
3 0.8895491078125 0.5881284921875001 0.8539642859375001 0.5881284921875001 0.8539642859375001 0.6410055859375 0.8895491078125 0.6410055859375 0.8895491078125 0.5881284921875001
8 0.8762053578125 0.6215251390625001 0.8621205359375 0.6215251390625001 0.8621205359375 0.6400782125 0.8762053578125 0.6400782125 0.8762053578125 0.6215251390625001