8 0 0.875 0.05859375 0.875 0.05859375 0.7441428578125 0 0.7441428578125 0 0.875
4 0.98828125 0.6582053578125 0.8828125 0.6582053578125 0.8828125 0.8203125 0.98828125 0.8203125 0.98828125 0.6582053578125
4 0.8886741078125 0.8671875 0.7675803578125 0.8671875 0.7675803578125 0.98828125 0.8886741078125 0.98828125 0.8886741078125 0.8671875
7 0.88671875 0.92578125 0.7597678578125 0.92578125 0.7597678578125 0.9902366078125 0.88671875 0.9902366078125 0.88671875 0.92578125
4 0.140625 0.3964866078125 0.015625 0.3964866078125 0.015625 0.51953125 0.140625 0.51953125 0.140625 0.3964866078125
4 0.41601785781249995 0.9550803578125 0.3671875 0.9550803578125 0.3671875 0.9921875 0.41601785781249995 0.9921875 0.41601785781249995 0.9550803578125
2 0.9609375 0.05078125 0.09375 0.05078125 0.09375 0.8144553578125 0.9609375 0.8144553578125 0.9609375 0.05078125
4 0.33984375 0.2167991078125 0.2988303578125 0.2167991078125 0.2988303578125 0.2578125 0.33984375 0.2578125 0.33984375 0.2167991078125
4 0.3828125 0.2675803578125 0.3183616078125 0.2675803578125 0.3183616078125 0.3203125 0.3828125 0.3203125 0.3828125 0.2675803578125
4 0.46484375 0.33984375 0.40234375 0.33984375 0.40234375 0.41601785781249995 0.46484375 0.41601785781249995 0.46484375 0.33984375
3 0.39453125 0.3496116078125 0.3730491078125 0.3496116078125 0.3730491078125 0.37109375 0.39453125 0.37109375 0.39453125 0.3496116078125
3 0.5292991078125 0.625 0.5058616078125 0.625 0.5058616078125 0.6484375 0.5292991078125 0.6484375 0.5292991078125 0.625
4 0.53515625 0.359375 0.3359375 0.359375 0.3359375 0.7558616078125 0.53515625 0.7558616078125 0.53515625 0.359375