4 0.65625 0.2832053578125 0.5527366078125 0.2832053578125 0.5527366078125 0.3535178578125 0.65625 0.3535178578125 0.65625 0.2832053578125
4 0.68359375 0.3671875 0.5703125 0.3671875 0.5703125 0.41601785781249995 0.68359375 0.41601785781249995 0.68359375 0.3671875
4 0.8925803578125 0.27734375 0.83984375 0.27734375 0.83984375 0.3574241078125 0.8925803578125 0.3574241078125 0.8925803578125 0.27734375
4 0.78125 0.12890625 0.6894553578125 0.12890625 0.6894553578125 0.1621116078125 0.78125 0.1621116078125 0.78125 0.12890625
4 0.5019553578125 0.00390625 0.1953125 0.00390625 0.1953125 0.0839866078125 0.5019553578125 0.0839866078125 0.5019553578125 0.00390625
4 0.12109375 0.0917991078125 0.08203125 0.0917991078125 0.08203125 0.1347678578125 0.12109375 0.1347678578125 0.12109375 0.0917991078125
4 0.0722678578125 0.1464866078125 0.0214866078125 0.1464866078125 0.0214866078125 0.2578125 0.0722678578125 0.2578125 0.0722678578125 0.1464866078125
4 0.0722678578125 0.4921875 0.0019553578125 0.4921875 0.0019553578125 0.625 0.0722678578125 0.625 0.0722678578125 0.4921875
4 0.1015625 0.73046875 0.0390625 0.73046875 0.0390625 0.8964866078125 0.1015625 0.8964866078125 0.1015625 0.73046875
4 0.14453125 0.7011741078125 0.10546875 0.7011741078125 0.10546875 0.7578125 0.14453125 0.7578125 0.14453125 0.7011741078125
4 0.21484375 0.8769553578125 0.1230491078125 0.8769553578125 0.1230491078125 0.9550803578125 0.21484375 0.9550803578125 0.21484375 0.8769553578125
5 0.46679910781249995 0.1582053578125 0.1191428578125 0.1582053578125 0.1191428578125 0.5371116078125 0.46679910781249995 0.5371116078125 0.46679910781249995 0.1582053578125
7 0.953125 0.8125 0.73046875 0.8125 0.73046875 0.99609375 0.953125 0.99609375 0.953125 0.8125
4 0.8359375 0.27734375 0.8027366078125 0.27734375 0.8027366078125 0.30078125 0.8359375 0.30078125 0.8359375 0.27734375
8 0.87890625 0.3066428578125 0.83984375 0.3066428578125 0.83984375 0.3378928578125 0.87890625 0.3378928578125 0.87890625 0.3066428578125
8 0.83203125 0.2792991078125 0.8027366078125 0.2792991078125 0.8027366078125 0.2949241078125 0.83203125 0.2949241078125 0.83203125 0.2792991078125
8 0.63671875 0.30859375 0.5605491078125 0.30859375 0.5605491078125 0.3496116078125 0.63671875 0.3496116078125 0.63671875 0.30859375
8 0.6542991078125 0.37109375 0.6308616078125 0.37109375 0.6308616078125 0.40429910781249995 0.6542991078125 0.40429910781249995 0.6542991078125 0.37109375
8 0.03125 0.58203125 0.0136741078125 0.58203125 0.0136741078125 0.6171875 0.03125 0.6171875 0.03125 0.58203125
8 0.078125 0.7949241078125 0.05078125 0.7949241078125 0.05078125 0.8847678578125 0.078125 0.8847678578125 0.078125 0.7949241078125
8 0.1875 0.9082053578125 0.171875 0.9082053578125 0.171875 0.92578125 0.1875 0.92578125 0.1875 0.9082053578125
8 0.47461160781249995 0.0214866078125 0.45703125 0.0214866078125 0.45703125 0.0371116078125 0.47461160781249995 0.0371116078125 0.47461160781249995 0.0214866078125
8 0.45703125 0.0546875 0.4375 0.0546875 0.4375 0.0683616078125 0.45703125 0.0683616078125 0.45703125 0.0546875
8 0.328125 0.0058616078125 0.2988303578125 0.0058616078125 0.2988303578125 0.0332053578125 0.328125 0.0332053578125 0.328125 0.0058616078125