4 0.81640625 0.20703125 0.6074241078125 0.20703125 0.6074241078125 0.625 0.81640625 0.625 0.81640625 0.20703125
4 0.46289285781249995 0.5058616078125 0.3652366078125 0.5058616078125 0.3652366078125 0.7988303578125 0.46289285781249995 0.7988303578125 0.46289285781249995 0.5058616078125
4 0.5800803578125 0.7128928578125 0.48242410781249995 0.7128928578125 0.48242410781249995 0.98046875 0.5800803578125 0.98046875 0.5800803578125 0.7128928578125
4 0.19140625 0.8125 0.0566428578125 0.8125 0.0566428578125 0.95703125 0.19140625 0.95703125 0.19140625 0.8125
4 0.3457053578125 0.8828125 0.21875 0.8828125 0.21875 0.9941428578125 0.3457053578125 0.9941428578125 0.3457053578125 0.8828125
2 0.9746116078125 0.6855491078125 0.5917991078125 0.6855491078125 0.5917991078125 0.96484375 0.9746116078125 0.96484375 0.9746116078125 0.6855491078125
5 0.9746116078125 0.6894553578125 0.59765625 0.6894553578125 0.59765625 0.984375 0.9746116078125 0.984375 0.9746116078125 0.6894553578125
5 0.98828125 0.04296875 0.7578125 0.04296875 0.7578125 0.74609375 0.98828125 0.74609375 0.98828125 0.04296875
8 0.1347678578125 0.0214866078125 0.0644553578125 0.0214866078125 0.0644553578125 0.0878928578125 0.1347678578125 0.0878928578125 0.1347678578125 0.0214866078125
8 0.125 0.1328125 0.0390625 0.1328125 0.0390625 0.28125 0.125 0.28125 0.125 0.1328125
8 0.19921875 0.11328125 0.140625 0.11328125 0.140625 0.20703125 0.19921875 0.20703125 0.19921875 0.11328125
8 0.23828125 0.2207053578125 0.11328125 0.2207053578125 0.11328125 0.43359375 0.23828125 0.43359375 0.23828125 0.2207053578125
8 0.28515625 0.08203125 0.2128928578125 0.08203125 0.2128928578125 0.23046875 0.28515625 0.23046875 0.28515625 0.08203125
8 0.1582053578125 0.43945535781249995 0.0605491078125 0.43945535781249995 0.0605491078125 0.734375 0.1582053578125 0.734375 0.1582053578125 0.43945535781249995
8 0.24609375 0.51171875 0.2011741078125 0.51171875 0.2011741078125 0.5878928578125 0.24609375 0.5878928578125 0.24609375 0.51171875
8 0.2265625 0.5839866078125 0.1933616078125 0.5839866078125 0.1933616078125 0.72265625 0.2265625 0.72265625 0.2265625 0.5839866078125
8 0.2832053578125 0.42383035781249995 0.2324241078125 0.42383035781249995 0.2324241078125 0.46289285781249995 0.2832053578125 0.46289285781249995 0.2832053578125 0.42383035781249995
8 0.26171875 0.46875 0.2128928578125 0.46875 0.2128928578125 0.5253928578125 0.26171875 0.5253928578125 0.26171875 0.46875
8 0.3222678578125 0.296875 0.29296875 0.296875 0.29296875 0.3574241078125 0.3222678578125 0.3574241078125 0.3222678578125 0.296875
8 0.375 0.2207053578125 0.3183616078125 0.2207053578125 0.3183616078125 0.28125 0.375 0.28125 0.375 0.2207053578125
8 0.4140625 0.171875 0.37109375 0.171875 0.37109375 0.23046875 0.4140625 0.23046875 0.4140625 0.171875
8 0.45703125 0.0957053578125 0.40234375 0.0957053578125 0.40234375 0.18359375 0.45703125 0.18359375 0.45703125 0.0957053578125
8 0.48242410781249995 0.05078125 0.43945535781249995 0.05078125 0.43945535781249995 0.1074241078125 0.48242410781249995 0.1074241078125 0.48242410781249995 0.05078125
8 0.5722678578125 0.3496116078125 0.5390625 0.3496116078125 0.5390625 0.52734375 0.5722678578125 0.52734375 0.5722678578125 0.3496116078125
8 0.5859375 0.26171875 0.43945535781249995 0.26171875 0.43945535781249995 0.3691428578125 0.5859375 0.3691428578125 0.5859375 0.26171875
8 0.48828125 0.3261741078125 0.3847678578125 0.3261741078125 0.3847678578125 0.48242410781249995 0.48828125 0.48242410781249995 0.48828125 0.3261741078125
8 0.546875 0.1816428578125 0.49804910781249995 0.1816428578125 0.49804910781249995 0.23046875 0.546875 0.23046875 0.546875 0.1816428578125
3 0.4375 0.0175803578125 0.3886741078125 0.0175803578125 0.3886741078125 0.05859375 0.4375 0.05859375 0.4375 0.0175803578125
3 0.05078125 0.5566428578125 0.01171875 0.5566428578125 0.01171875 0.6308616078125 0.05078125 0.6308616078125 0.05078125 0.5566428578125
4 0.48046875 0.33203125 0.3847678578125 0.33203125 0.3847678578125 0.47851785781249995 0.48046875 0.47851785781249995 0.48046875 0.33203125
4 0.56640625 0.3496116078125 0.54296875 0.3496116078125 0.54296875 0.51953125 0.56640625 0.51953125 0.56640625 0.3496116078125
4 0.578125 0.265625 0.45117410781249995 0.265625 0.45117410781249995 0.37109375 0.578125 0.37109375 0.578125 0.265625
4 0.5371116078125 0.1855491078125 0.5019553578125 0.1855491078125 0.5019553578125 0.2246116078125 0.5371116078125 0.2246116078125 0.5371116078125 0.1855491078125
4 0 0.859375 0.0449241078125 0.859375 0.0449241078125 0.7597678578125 0 0.7597678578125 0 0.859375
4 0.1484375 0.47070535781249995 0.0644553578125 0.47070535781249995 0.0644553578125 0.7207053578125 0.1484375 0.7207053578125 0.1484375 0.47070535781249995
4 0.19140625 0.43554910781249995 0.1328125 0.43554910781249995 0.1328125 0.5253928578125 0.19140625 0.5253928578125 0.19140625 0.43554910781249995