3 0.5410178578125 0.22265625 0.49609375 0.22265625 0.49609375 0.2734375 0.5410178578125 0.2734375 0.5410178578125 0.22265625
3 0.4921875 0.3378928578125 0.44921875 0.3378928578125 0.44921875 0.38671875 0.4921875 0.38671875 0.4921875 0.3378928578125
3 0.44336160781249995 0.19140625 0.140625 0.19140625 0.140625 0.3496116078125 0.44336160781249995 0.3496116078125 0.44336160781249995 0.19140625
3 0.140625 0.84375 0.0449241078125 0.84375 0.0449241078125 0.98828125 0.140625 0.98828125 0.140625 0.84375
3 0 0.80859375 0.025392857812500003 0.80859375 0.025392857812500003 0.6777366078125 0 0.6777366078125 0 0.80859375
3 0.0625 0.5703125 0.0097678578125 0.5703125 0.0097678578125 0.6347678578125 0.0625 0.6347678578125 0.0625 0.5703125
3 0.90625 0.7832053578125 0.8105491078125 0.7832053578125 0.8105491078125 0.9667991078125 0.90625 0.9667991078125 0.90625 0.7832053578125
8 0.3535178578125 0.0097678578125 0.2734375 0.0097678578125 0.2734375 0.0859375 0.3535178578125 0.0859375 0.3535178578125 0.0097678578125
8 0.2480491078125 0.0097678578125 0.1875 0.0097678578125 0.1875 0.09765625 0.2480491078125 0.09765625 0.2480491078125 0.0097678578125
8 0.21484375 0.7285178578125 0.1484375 0.7285178578125 0.1484375 0.7675803578125 0.21484375 0.7675803578125 0.21484375 0.7285178578125
8 0.37890625 0.8769553578125 0.3203125 0.8769553578125 0.3203125 0.93359375 0.37890625 0.93359375 0.37890625 0.8769553578125
8 0.49609375 0.83984375 0.41992410781249995 0.83984375 0.41992410781249995 0.9667991078125 0.49609375 0.9667991078125 0.49609375 0.83984375
8 0.2734375 0.8691428578125 0.18359375 0.8691428578125 0.18359375 0.9453125 0.2734375 0.9453125 0.2734375 0.8691428578125
8 0.2050803578125 0.9355491078125 0.15234375 0.9355491078125 0.15234375 0.9667991078125 0.2050803578125 0.9667991078125 0.2050803578125 0.9355491078125
8 0.6640625 0.859375 0.5566428578125 0.859375 0.5566428578125 0.9824241078125 0.6640625 0.9824241078125 0.6640625 0.859375
8 0.1230491078125 0.7109375 0.029299107812500003 0.7109375 0.029299107812500003 0.80078125 0.1230491078125 0.80078125 0.1230491078125 0.7109375
8 0.1015625 0.5625 0.0703125 0.5625 0.0703125 0.6308616078125 0.1015625 0.6308616078125 0.1015625 0.5625
8 0.7578125 0.47851785781249995 0.72265625 0.47851785781249995 0.72265625 0.5253928578125 0.7578125 0.5253928578125 0.7578125 0.47851785781249995
8 0.73828125 0.87890625 0.7011741078125 0.87890625 0.7011741078125 0.9316428578125 0.73828125 0.9316428578125 0.73828125 0.87890625
3 0.1152366078125 0.39453125 0.0878928578125 0.39453125 0.0878928578125 0.42578125 0.1152366078125 0.42578125 0.1152366078125 0.39453125
8 0.42773660781249995 0.671875 0.3984375 0.671875 0.3984375 0.6894553578125 0.42773660781249995 0.6894553578125 0.42773660781249995 0.671875
8 0.3457053578125 0.12109375 0.21875 0.12109375 0.21875 0.1953125 0.3457053578125 0.1953125 0.3457053578125 0.12109375