8 0.1564107140625 0.534324021875 0.1334330359375 0.534324021875 0.1334330359375 0.56122905 0.1564107140625 0.56122905 0.1564107140625 0.534324021875
8 0.22090625 0.4202234640625 0.19940625 0.4202234640625 0.19940625 0.45176536250000005 0.22090625 0.45176536250000005 0.22090625 0.4202234640625
8 0.1793928578125 0.33488268125 0.1252767859375 0.33488268125 0.1252767859375 0.3998156421875 0.1793928578125 0.3998156421875 0.1793928578125 0.33488268125
8 0.18458035781249998 0.192022346875 0.149 0.192022346875 0.149 0.3070502796875 0.18458035781249998 0.3070502796875 0.18458035781249998 0.192022346875
3 0.35359375000000004 0.721709496875 0.31653125000000004 0.721709496875 0.31653125000000004 0.7755139671875 0.35359375000000004 0.7755139671875 0.35359375000000004 0.721709496875
3 0.3773169640625 0.769022346875 0.3506294640625 0.769022346875 0.3506294640625 0.8089106140625001 0.3773169640625 0.8089106140625001 0.3773169640625 0.769022346875
8 0.2957767859375 0.9276480453125 0.2468482140625 0.9276480453125 0.2468482140625 0.9888715078124999 0.2957767859375 0.9888715078124999 0.2957767859375 0.9276480453125
8 0.1393616078125 0.589055865625 0.0889553578125 0.589055865625 0.0889553578125 0.6827486031250001 0.1393616078125 0.6827486031250001 0.1393616078125 0.589055865625
8 0.0548571421875 0.5695754187500001 0.0303928578125 0.5695754187500001 0.0303928578125 0.619670390625 0.0548571421875 0.619670390625 0.0548571421875 0.5695754187500001
3 0.0333571421875 0.6150279328125 0.0014821421875 0.6150279328125 0.0014821421875 0.6623407828125 0.0333571421875 0.6623407828125 0.0333571421875 0.6150279328125
5 0.33728571406249996 0.7903575421875 0.2424017859375 0.7903575421875 0.2424017859375 0.9128044687499999 0.33728571406249996 0.9128044687499999 0.33728571406249996 0.7903575421875
3 0.05337499999999999 0.6660502796875 0.0333571421875 0.6660502796875 0.0333571421875 0.6892402234375 0.05337499999999999 0.6892402234375 0.05337499999999999 0.6660502796875
3 0.07190625 0.6419329609375 0.0548571421875 0.6419329609375 0.0548571421875 0.66326815625 0.07190625 0.66326815625 0.07190625 0.6419329609375
8 0.2097857140625 0.7820055859374999 0.1957008921875 0.7820055859374999 0.1957008921875 0.7977765359375 0.2097857140625 0.7977765359375 0.2097857140625 0.7820055859374999
8 0.2868794640625 0.74118994375 0.2683482140625 0.74118994375 0.2683482140625 0.7634525140624999 0.2868794640625 0.7634525140624999 0.2868794640625 0.74118994375
8 0.2090446421875 0.8181843578124999 0.1927366078125 0.8181843578124999 0.1927366078125 0.8348826812500001 0.2090446421875 0.8348826812500001 0.2090446421875 0.8181843578124999
8 0.21052678593750002 0.8525083796875 0.1875446421875 0.8525083796875 0.1875446421875 0.8923966484375001 0.21052678593750002 0.8923966484375001 0.21052678593750002 0.8525083796875
8 0.1793928578125 0.791284915625 0.16530803593750001 0.791284915625 0.16530803593750001 0.807055865625 0.1793928578125 0.807055865625 0.1793928578125 0.791284915625
8 0.22831696406250002 0.7319162015625 0.213491071875 0.7319162015625 0.213491071875 0.752324021875 0.22831696406250002 0.752324021875 0.22831696406250002 0.7319162015625
8 0.249071428125 0.760670390625 0.23499107187499998 0.760670390625 0.23499107187499998 0.7820055859374999 0.249071428125 0.7820055859374999 0.249071428125 0.760670390625
8 0.2379553578125 0.7801508375 0.2164553578125 0.7801508375 0.2164553578125 0.80426815625 0.2379553578125 0.80426815625 0.2379553578125 0.7801508375
3 0.218678571875 0.8487988828124999 0.176428571875 0.8487988828124999 0.176428571875 0.900748603125 0.218678571875 0.900748603125 0.218678571875 0.8487988828124999
3 0.302446428125 0.9341396640624999 0.25055803593750003 0.9341396640624999 0.25055803593750003 0.9944357546875 0.302446428125 0.9944357546875 0.302446428125 0.9341396640624999
8 0.317272321875 0.7003743015625 0.30541071406250003 0.7003743015625 0.30541071406250003 0.7198547484375 0.317272321875 0.7198547484375 0.317272321875 0.7003743015625
8 0.3180133921875 0.7588156421875001 0.3017053578125 0.7588156421875001 0.3017053578125 0.784787709375 0.3180133921875 0.784787709375 0.3180133921875 0.7588156421875001
8 0.270571428125 0.635441340625 0.258709821875 0.635441340625 0.258709821875 0.6493519546875001 0.270571428125 0.6493519546875001 0.270571428125 0.635441340625
8 0.1512232140625 0.737480446875 0.14158482187500002 0.737480446875 0.14158482187500002 0.7541787703125 0.1512232140625 0.7541787703125 0.1512232140625 0.737480446875
3 0.13862053593749998 0.5909106140625 0.0904375 0.5909106140625 0.0904375 0.6790391062500001 0.13862053593749998 0.6790391062500001 0.13862053593749998 0.5909106140625
3 0.17420089218749998 0.6066815640625001 0.1423258921875 0.6066815640625001 0.1423258921875 0.6512067046875 0.17420089218749998 0.6512067046875 0.17420089218749998 0.6066815640625001
3 0.1957008921875 0.744899440625 0.16679017812500002 0.744899440625 0.16679017812500002 0.768094971875 0.1957008921875 0.768094971875 0.1957008921875 0.744899440625
3 0.171977678125 0.8738435750000001 0.153446428125 0.8738435750000001 0.153446428125 0.900748603125 0.171977678125 0.900748603125 0.171977678125 0.8738435750000001
3 0.1912544640625 0.8181843578124999 0.1645669640625 0.8181843578124999 0.1645669640625 0.859927375 0.1912544640625 0.859927375 0.1912544640625 0.8181843578124999
8 0.3721294640625 0.7745865921874999 0.3558169640625 0.7745865921874999 0.3558169640625 0.7903575421875 0.3721294640625 0.7903575421875 0.3721294640625 0.7745865921874999
8 0.34840625 0.737480446875 0.3335803578125 0.737480446875 0.3335803578125 0.753251396875 0.34840625 0.753251396875 0.34840625 0.737480446875
8 0.0682008921875 0.4155865921875 0.0074107140625 0.4155865921875 0.0074107140625 0.464754190625 0.0682008921875 0.464754190625 0.0682008921875 0.4155865921875
8 0.08525 0.46103910625 0.051147321875 0.46103910625 0.051147321875 0.5296871515625 0.08525 0.5296871515625 0.08525 0.46103910625
8 0.12305357187499999 0.46753631249999994 0.08005803593750001 0.46753631249999994 0.08005803593750001 0.5287597765625 0.12305357187499999 0.5287597765625 0.12305357187499999 0.46753631249999994
8 0.040031250000000004 0.46753631249999994 0.0096383921875 0.46753631249999994 0.0096383921875 0.502787709375 0.040031250000000004 0.502787709375 0.040031250000000004 0.46753631249999994