4 0.085071428125 0.0763883921875 0.005209821875 0.0763883921875 0.005209821875 0.1388883921875 0.085071428125 0.1388883921875 0.085071428125 0.0763883921875
4 0.2222232140625 0.005209821875 0.005209821875 0.005209821875 0.005209821875 0.0607633921875 0.2222232140625 0.0607633921875 0.2222232140625 0.005209821875
4 0.9826383921874999 0.005209821875 0.7309017859375 0.005209821875 0.7309017859375 0.057290178125 0.9826383921874999 0.057290178125 0.9826383921874999 0.005209821875
4 0.3159732140625 0.9444464281249999 0.005209821875 0.9444464281249999 0.005209821875 0.9965267859375 0.3159732140625 0.9965267859375 0.3159732140625 0.9444464281249999
8 0.6267366078125 0.125 0.538196428125 0.125 0.538196428125 0.17708482187500002 0.6267366078125 0.17708482187500002 0.6267366078125 0.125
8 0.678821428125 0.1545133921875 0.6267366078125 0.1545133921875 0.6267366078125 0.180553571875 0.678821428125 0.180553571875 0.678821428125 0.1545133921875
8 0.7309017859375 0.057290178125 0.6927098218750001 0.057290178125 0.6927098218750001 0.0920133921875 0.7309017859375 0.0920133921875 0.7309017859375 0.057290178125
8 0.7864598218750001 0.133678571875 0.765625 0.133678571875 0.765625 0.1597232140625 0.7864598218750001 0.1597232140625 0.7864598218750001 0.133678571875
8 0.875 0.1857633921875 0.8454866078125001 0.1857633921875 0.8454866078125001 0.208334821875 0.875 0.208334821875 0.875 0.1857633921875
8 0.8958348218750001 0.203125 0.8680535718750001 0.203125 0.8680535718750001 0.23263839218750001 0.8958348218750001 0.23263839218750001 0.8958348218750001 0.203125
8 0.758678571875 0.432290178125 0.727428571875 0.432290178125 0.727428571875 0.45486160781249996 0.758678571875 0.45486160781249996 0.758678571875 0.432290178125
5 0.524303571875 0.071178571875 0.057290178125 0.071178571875 0.057290178125 0.43576339218750004 0.524303571875 0.43576339218750004 0.524303571875 0.071178571875
5 0.8072901781249999 0.38888839218750004 0.055553571875 0.38888839218750004 0.055553571875 0.7395848218750001 0.8072901781249999 0.7395848218750001 0.8072901781249999 0.38888839218750004
5 0.428821428125 0.7916651781249999 0.1440982140625 0.7916651781249999 0.1440982140625 0.9409732140625 0.428821428125 0.9409732140625 0.428821428125 0.7916651781249999
8 0.633678571875 0.055553571875 0.5989598218750001 0.055553571875 0.5989598218750001 0.069446428125 0.633678571875 0.069446428125 0.633678571875 0.055553571875
8 0.578125 0.0625 0.5451383921875 0.0625 0.5451383921875 0.0798616078125 0.578125 0.0798616078125 0.578125 0.0625