4 0.234375 0.12109375 0.1464866078125 0.12109375 0.1464866078125 0.2519553578125 0.234375 0.2519553578125 0.234375 0.12109375
4 0.40234375 0.1503928578125 0.2792991078125 0.1503928578125 0.2792991078125 0.2441428578125 0.40234375 0.2441428578125 0.40234375 0.1503928578125
4 0.5917991078125 0.00390625 0.50390625 0.00390625 0.50390625 0.029299107812500003 0.5917991078125 0.029299107812500003 0.5917991078125 0.00390625
4 0.8046875 0.0078125 0.73828125 0.0078125 0.73828125 0.0332053578125 0.8046875 0.0332053578125 0.8046875 0.0078125
4 0.9941428578125 0.09375 0.9316428578125 0.09375 0.9316428578125 0.2128928578125 0.9941428578125 0.2128928578125 0.9941428578125 0.09375
4 0.9550803578125 0.20703125 0.89453125 0.20703125 0.89453125 0.3046875 0.9550803578125 0.3046875 0.9550803578125 0.20703125
4 0.9941428578125 0.5 0.8925803578125 0.5 0.8925803578125 0.7675803578125 0.9941428578125 0.7675803578125 0.9941428578125 0.5
4 0.05859375 0.3339866078125 0.00390625 0.3339866078125 0.00390625 0.4609375 0.05859375 0.4609375 0.05859375 0.3339866078125
4 0.1503928578125 0.2597678578125 0.10546875 0.2597678578125 0.10546875 0.3378928578125 0.1503928578125 0.3378928578125 0.1503928578125 0.2597678578125
5 0.59375 0.59375 0.10546875 0.59375 0.10546875 0.9902366078125 0.59375 0.9902366078125 0.59375 0.59375
6 0.6699241078125 0.7011741078125 0.0800803578125 0.7011741078125 0.0800803578125 0.98828125 0.6699241078125 0.98828125 0.6699241078125 0.7011741078125
8 0.5800803578125 0.9316428578125 0.45117410781249995 0.9316428578125 0.45117410781249995 0.99609375 0.5800803578125 0.99609375 0.5800803578125 0.9316428578125
8 0.22265625 0.85546875 0.1875 0.85546875 0.1875 0.890625 0.22265625 0.890625 0.22265625 0.85546875
8 0.1582053578125 0.8925803578125 0.1347678578125 0.8925803578125 0.1347678578125 0.9121116078125 0.1582053578125 0.9121116078125 0.1582053578125 0.8925803578125
8 0.1230491078125 0.91796875 0.0957053578125 0.91796875 0.0957053578125 0.93359375 0.1230491078125 0.93359375 0.1230491078125 0.91796875
8 0.1542991078125 0.84375 0.1269553578125 0.84375 0.1269553578125 0.8730491078125 0.1542991078125 0.8730491078125 0.1542991078125 0.84375