5 0.47461160781249995 0.5078125 0.0078125 0.5078125 0.0078125 0.9746116078125 0.47461160781249995 0.9746116078125 0.47461160781249995 0.5078125
8 0.5703125 0.0078125 0.47461160781249995 0.0078125 0.47461160781249995 0.1035178578125 0.5703125 0.1035178578125 0.5703125 0.0078125
8 0.55859375 0.16015625 0.4296875 0.16015625 0.4296875 0.265625 0.55859375 0.265625 0.55859375 0.16015625
8 0.30859375 0.30078125 0.0136741078125 0.30078125 0.0136741078125 0.3847678578125 0.30859375 0.3847678578125 0.30859375 0.30078125
8 0.71875 0.0078125 0.6777366078125 0.0078125 0.6777366078125 0.06640625 0.71875 0.06640625 0.71875 0.0078125
8 0.0175803578125 0.296875 0.0019553578125 0.296875 0.0019553578125 0.3652366078125 0.0175803578125 0.3652366078125 0.0175803578125 0.296875
8 0.234375 0.203125 0.1933616078125 0.203125 0.1933616078125 0.2832053578125 0.234375 0.2832053578125 0.234375 0.203125
8 0.0859375 0.08984375 0.0136741078125 0.08984375 0.0136741078125 0.1738303578125 0.0859375 0.1738303578125 0.0859375 0.08984375
8 0.1582053578125 0.0234375 0.10546875 0.0234375 0.10546875 0.1425803578125 0.1582053578125 0.1425803578125 0.1582053578125 0.0234375
8 0.234375 0.06640625 0.1503928578125 0.06640625 0.1503928578125 0.1738303578125 0.234375 0.1738303578125 0.234375 0.06640625
8 0.17578125 0.1777366078125 0.1542991078125 0.1777366078125 0.1542991078125 0.1972678578125 0.17578125 0.1972678578125 0.17578125 0.1777366078125
8 0.2714866078125 0.0683616078125 0.2421875 0.0683616078125 0.2421875 0.0996116078125 0.2714866078125 0.0996116078125 0.2714866078125 0.0683616078125
8 0.3339866078125 0.029299107812500003 0.29296875 0.029299107812500003 0.29296875 0.1015625 0.3339866078125 0.1015625 0.3339866078125 0.029299107812500003
8 0.3105491078125 0.125 0.2714866078125 0.125 0.2714866078125 0.1503928578125 0.3105491078125 0.1503928578125 0.3105491078125 0.125
8 0.3046875 0.1542991078125 0.2597678578125 0.1542991078125 0.2597678578125 0.22265625 0.3046875 0.22265625 0.3046875 0.1542991078125
8 0.3222678578125 0.21484375 0.29296875 0.21484375 0.29296875 0.24609375 0.3222678578125 0.24609375 0.3222678578125 0.21484375
8 0.390625 0.2167991078125 0.3515625 0.2167991078125 0.3515625 0.2480491078125 0.390625 0.2480491078125 0.390625 0.2167991078125
8 0.3691428578125 0.1542991078125 0.34765625 0.1542991078125 0.34765625 0.17578125 0.3691428578125 0.17578125 0.3691428578125 0.1542991078125
8 0.41992410781249995 0.05078125 0.390625 0.05078125 0.390625 0.0761741078125 0.41992410781249995 0.0761741078125 0.41992410781249995 0.05078125
8 0.3984375 0.0234375 0.3828125 0.0234375 0.3828125 0.0410178578125 0.3984375 0.0410178578125 0.3984375 0.0234375
8 0.45508035781249995 0 0.45508035781249995 0.025392857812500003 0.48242410781249995 0.025392857812500003 0.48242410781249995 0 0.45508035781249995 0
8 0.65234375 0.0722678578125 0.6308616078125 0.0722678578125 0.6308616078125 0.0996116078125 0.65234375 0.0996116078125 0.65234375 0.0722678578125
8 0.5175803578125 0.1425803578125 0.47070535781249995 0.1425803578125 0.47070535781249995 0.1738303578125 0.5175803578125 0.1738303578125 0.5175803578125 0.1425803578125
8 0.5761741078125 0.1738303578125 0.53515625 0.1738303578125 0.53515625 0.2832053578125 0.5761741078125 0.2832053578125 0.5761741078125 0.1738303578125
8 0.671875 0.2636741078125 0.65234375 0.2636741078125 0.65234375 0.28125 0.671875 0.28125 0.671875 0.2636741078125
8 0.7089866078125 0.1953125 0.6894553578125 0.1953125 0.6894553578125 0.234375 0.7089866078125 0.234375 0.7089866078125 0.1953125
8 0.8417991078125 0.0234375 0.8222678578125 0.0234375 0.8222678578125 0.05078125 0.8417991078125 0.05078125 0.8417991078125 0.0234375
8 0.875 0.025392857812500003 0.859375 0.025392857812500003 0.859375 0.0546875 0.875 0.0546875 0.875 0.025392857812500003
8 0.9511741078125 0.11328125 0.93359375 0.11328125 0.93359375 0.1484375 0.9511741078125 0.1484375 0.9511741078125 0.11328125
8 0.9394553578125 0.1738303578125 0.9003928578125 0.1738303578125 0.9003928578125 0.21484375 0.9394553578125 0.21484375 0.9394553578125 0.1738303578125
8 0.984375 0.1464866078125 0.9609375 0.1464866078125 0.9609375 0.17578125 0.984375 0.17578125 0.984375 0.1464866078125
8 0.99609375 0.2324241078125 0.9121116078125 0.2324241078125 0.9121116078125 0.390625 0.99609375 0.390625 0.99609375 0.2324241078125
8 0.91796875 0.3691428578125 0.9042991078125 0.3691428578125 0.9042991078125 0.3925803578125 0.91796875 0.3925803578125 0.91796875 0.3691428578125
8 0.83984375 0.34765625 0.7988303578125 0.34765625 0.7988303578125 0.4375 0.83984375 0.4375 0.83984375 0.34765625
8 0.8925803578125 0.3066428578125 0.8730491078125 0.3066428578125 0.8730491078125 0.3378928578125 0.8925803578125 0.3378928578125 0.8925803578125 0.3066428578125
8 0.3964866078125 0.7558616078125 0.37890625 0.7558616078125 0.37890625 0.7753928578125 0.3964866078125 0.7753928578125 0.3964866078125 0.7558616078125
8 0.1953125 0.2890625 0.15234375 0.2890625 0.15234375 0.34765625 0.1953125 0.34765625 0.1953125 0.2890625