8 0.3647946421875 0.3499665078125 0.331633928125 0.3499665078125 0.331633928125 0.3855071765625 0.3647946421875 0.3855071765625 0.3647946421875 0.3499665078125
8 0.16071428593749998 0.3718373203125 0.11989732187499999 0.3718373203125 0.11989732187499999 0.41285167500000003 0.16071428593749998 0.41285167500000003 0.16071428593749998 0.3718373203125
8 0.25 0.49760765625000003 0.21173660781249998 0.49760765625000003 0.21173660781249998 0.5413540671875 0.25 0.5413540671875 0.25 0.49760765625000003
8 0.2806116078125 0.544086125 0.2602053578125 0.544086125 0.2602053578125 0.5686937796875 0.2806116078125 0.5686937796875 0.2806116078125 0.544086125
8 0.3724508921875 0.5768947375 0.2908169640625 0.5768947375 0.2908169640625 0.6206411484375 0.3724508921875 0.6206411484375 0.3724508921875 0.5768947375
8 0.331633928125 0.5933014359375 0.2602053578125 0.5933014359375 0.2602053578125 0.6479856453124999 0.331633928125 0.6479856453124999 0.331633928125 0.5933014359375
8 0.20153125 0.6042392343749999 0.176022321875 0.6042392343749999 0.176022321875 0.656186603125 0.20153125 0.656186603125 0.20153125 0.6042392343749999
8 0.2474508921875 0.6944641140625001 0.1836741078125 0.6944641140625001 0.1836741078125 0.7436794265625 0.2474508921875 0.7436794265625 0.2474508921875 0.6944641140625001
8 0.176022321875 0.787421053125 0.1173482140625 0.787421053125 0.1173482140625 0.8256985640625001 0.176022321875 0.8256985640625001 0.176022321875 0.787421053125
8 0.3469375 0.6698564593749999 0.31377678593749997 0.6698564593749999 0.31377678593749997 0.6999330140625 0.3469375 0.6999330140625 0.3469375 0.6698564593749999
8 0.5102053578125 0.6999330140625 0.3673482140625 0.6999330140625 0.3673482140625 0.754612440625 0.5102053578125 0.754612440625 0.5102053578125 0.6999330140625
8 0.428571428125 0.6671244015625 0.4056116078125 0.6671244015625 0.4056116078125 0.6862631578125 0.428571428125 0.6862631578125 0.428571428125 0.6671244015625
8 0.41326339218749997 0.44839234375 0.3673482140625 0.44839234375 0.3673482140625 0.51947846875 0.41326339218749997 0.51947846875 0.41326339218749997 0.44839234375
8 0.48724553593750003 0.39918181875 0.46428571406249997 0.39918181875 0.46428571406249997 0.4237846890625 0.48724553593750003 0.4237846890625 0.48724553593750003 0.39918181875
8 0.45153125000000005 0.41011483281250005 0.426022321875 0.41011483281250005 0.426022321875 0.4401913875 0.45153125000000005 0.4401913875 0.45153125000000005 0.41011483281250005
8 0.4897946421875 0.4237846890625 0.45663392812500003 0.4237846890625 0.45663392812500003 0.4620622015625 0.4897946421875 0.4620622015625 0.4897946421875 0.4237846890625
8 0.57653125 0.3308277515625 0.5076517859375 0.3308277515625 0.5076517859375 0.3773062203125 0.57653125 0.3773062203125 0.57653125 0.3308277515625
7 0.9846919640625 0.0437464109375 0.7423482140625 0.0437464109375 0.7423482140625 0.9542057421875001 0.9846919640625 0.9542057421875001 0.9846919640625 0.0437464109375
2 0.698977678125 0.024607656250000002 0.400508928125 0.024607656250000002 0.400508928125 0.2734114828125 0.698977678125 0.2734114828125 0.698977678125 0.024607656250000002