4 0.9658520171875 0.0525731 0.8600269062500001 0.0525731 0.8600269062500001 0.135812865625 0.9658520171875 0.135812865625 0.9658520171875 0.0525731
4 0.1746950671875 0.056953215625 0.07391031406250001 0.056953215625 0.07391031406250001 0.129239765625 0.1746950671875 0.129239765625 0.1746950671875 0.056953215625
4 0.8667443953125 0.8827894734375 0.6550986546875001 0.8827894734375 0.6550986546875001 0.9988830406250001 0.8667443953125 0.9988830406250001 0.8667443953125 0.8827894734375
4 0.40145739843749995 0.959456140625 0.24020179375 0.959456140625 0.24020179375 0.9988830406250001 0.40145739843749995 0.9988830406250001 0.40145739843749995 0.959456140625
4 0.9087399109375 0.7009707609375 0.8818654703125001 0.7009707609375 0.8818654703125001 0.7382105265625001 0.9087399109375 0.7382105265625001 0.9087399109375 0.7009707609375
4 0.12934080781249999 0.2738187140625 0.10918385625 0.2738187140625 0.10918385625 0.295725146875 0.12934080781249999 0.295725146875 0.12934080781249999 0.2738187140625
4 0.502242153125 0.243152046875 0.485443946875 0.243152046875 0.485443946875 0.2672456140625 0.502242153125 0.2672456140625 0.502242153125 0.243152046875
4 0.46192825156249995 0.2672456140625 0.4417713 0.2672456140625 0.4417713 0.289152046875 0.46192825156249995 0.289152046875 0.46192825156249995 0.2672456140625
4 0.4400896859375 0.922216375 0.4199327359375 0.922216375 0.4199327359375 0.9485029234375 0.4400896859375 0.9485029234375 0.4400896859375 0.922216375
4 0.5223991031249999 0.5607777781250001 0.5039237671875 0.5607777781250001 0.5039237671875 0.589257309375 0.5223991031249999 0.589257309375 0.5223991031249999 0.5607777781250001
4 0.1948520171875 0.573918128125 0.1830896859375 0.573918128125 0.1830896859375 0.589257309375 0.1948520171875 0.589257309375 0.1948520171875 0.573918128125
4 0.29899551562500004 0.9025029234374999 0.268757846875 0.9025029234374999 0.268757846875 0.9309766078124999 0.29899551562500004 0.9309766078124999 0.29899551562500004 0.9025029234374999
4 0.2721165921875 0.2584853796875 0.2553183859375 0.2584853796875 0.2553183859375 0.2738187140625 0.2721165921875 0.2738187140625 0.2721165921875 0.2584853796875