3 0.89453125 0.21484375 0.69140625 0.21484375 0.69140625 0.3769553578125 0.89453125 0.3769553578125 0.89453125 0.21484375
3 0.9941428578125 0.0605491078125 0.82421875 0.0605491078125 0.82421875 0.40625 0.9941428578125 0.40625 0.9941428578125 0.0605491078125
3 0.99609375 0.3886741078125 0.8691428578125 0.3886741078125 0.8691428578125 0.47070535781249995 0.99609375 0.47070535781249995 0.99609375 0.3886741078125
2 0.9296875 0.23046875 0.2167991078125 0.23046875 0.2167991078125 0.8125 0.9296875 0.8125 0.9296875 0.23046875
4 0.015625 0.2363303578125 0.00390625 0.2363303578125 0.00390625 0.2753928578125 0.015625 0.2753928578125 0.015625 0.2363303578125
4 0.96875 0.1074241078125 0.9082053578125 0.1074241078125 0.9082053578125 0.23828125 0.96875 0.23828125 0.96875 0.1074241078125
4 0.8125 0.6640625 0.78515625 0.6640625 0.78515625 0.7519553578125 0.8125 0.7519553578125 0.8125 0.6640625
3 0.0566428578125 0.5332053578125 0.0058616078125 0.5332053578125 0.0058616078125 0.6015625 0.0566428578125 0.6015625 0.0566428578125 0.5332053578125
3 0.19921875 0.66796875 0.1699241078125 0.66796875 0.1699241078125 0.7050803578125 0.19921875 0.7050803578125 0.19921875 0.66796875
3 0.4296875 0.7871116078125 0.390625 0.7871116078125 0.390625 0.8457053578125 0.4296875 0.8457053578125 0.4296875 0.7871116078125
3 0.48046875 0.7558616078125 0.43945535781249995 0.7558616078125 0.43945535781249995 0.8183616078125 0.48046875 0.8183616078125 0.48046875 0.7558616078125
3 0.828125 0.7734375 0.7988303578125 0.7734375 0.7988303578125 0.7988303578125 0.828125 0.7988303578125 0.828125 0.7734375
3 0.9199241078125 0.7753928578125 0.8613303578125 0.7753928578125 0.8613303578125 0.8457053578125 0.9199241078125 0.8457053578125 0.9199241078125 0.7753928578125
3 0.69140625 0.7832053578125 0.66015625 0.7832053578125 0.66015625 0.8203125 0.69140625 0.8203125 0.69140625 0.7832053578125
8 0.36328125 0.9824241078125 0.3417991078125 0.9824241078125 0.3417991078125 0.9941428578125 0.36328125 0.9941428578125 0.36328125 0.9824241078125