7 0.98046875 0.7792991078125 0.7871116078125 0.7792991078125 0.7871116078125 0.98046875 0.98046875 0.98046875 0.98046875 0.7792991078125
4 0.984375 0.025392857812500003 0.0214866078125 0.025392857812500003 0.0214866078125 0.96875 0.984375 0.96875 0.984375 0.025392857812500003
4 0.71875 0.54296875 0.671875 0.54296875 0.671875 0.6230491078125 0.71875 0.6230491078125 0.71875 0.54296875
4 0.7832053578125 0.453125 0.75 0.453125 0.75 0.5214866078125 0.7832053578125 0.5214866078125 0.7832053578125 0.453125
4 0.7578125 0.6269553578125 0.69921875 0.6269553578125 0.69921875 0.6875 0.7578125 0.6875 0.7578125 0.6269553578125
4 0.41211160781249995 0.6875 0.3574241078125 0.6875 0.3574241078125 0.80859375 0.41211160781249995 0.80859375 0.41211160781249995 0.6875
4 0.38671875 0.61328125 0.2675803578125 0.61328125 0.2675803578125 0.7089866078125 0.38671875 0.7089866078125 0.38671875 0.61328125
4 0.4296875 0.5214866078125 0.34765625 0.5214866078125 0.34765625 0.62890625 0.4296875 0.62890625 0.4296875 0.5214866078125
4 0.14453125 0.5527366078125 0.0722678578125 0.5527366078125 0.0722678578125 0.625 0.14453125 0.625 0.14453125 0.5527366078125
4 0.21875 0.69921875 0.125 0.69921875 0.125 0.82421875 0.21875 0.82421875 0.21875 0.69921875
4 0.453125 0.85546875 0.2871116078125 0.85546875 0.2871116078125 0.9277366078125 0.453125 0.9277366078125 0.453125 0.85546875
4 0.6347678578125 0.8886741078125 0.5390625 0.8886741078125 0.5390625 0.9511741078125 0.6347678578125 0.9511741078125 0.6347678578125 0.8886741078125