5 0.47851785781249995 0.65234375 0.2128928578125 0.65234375 0.2128928578125 0.7890625 0.47851785781249995 0.7890625 0.47851785781249995 0.65234375
8 0.0644553578125 0.6660178578125 0.0449241078125 0.6660178578125 0.0449241078125 0.6953125 0.0644553578125 0.6953125 0.0644553578125 0.6660178578125
8 0.0214866078125 0.61328125 0.00390625 0.61328125 0.00390625 0.6347678578125 0.0214866078125 0.6347678578125 0.0214866078125 0.61328125
8 0.37109375 0.5214866078125 0.34765625 0.5214866078125 0.34765625 0.5683616078125 0.37109375 0.5683616078125 0.37109375 0.5214866078125
8 0.2910178578125 0.5527366078125 0.28125 0.5527366078125 0.28125 0.5859375 0.2910178578125 0.5859375 0.2910178578125 0.5527366078125
8 0.13671875 0.48828125 0.11328125 0.48828125 0.11328125 0.5292991078125 0.13671875 0.5292991078125 0.13671875 0.48828125
8 0.18359375 0.45117410781249995 0.13671875 0.45117410781249995 0.13671875 0.49023660781249995 0.18359375 0.49023660781249995 0.18359375 0.45117410781249995
4 0.1796875 0.45508035781249995 0.1386741078125 0.45508035781249995 0.1386741078125 0.48633035781249995 0.1796875 0.48633035781249995 0.1796875 0.45508035781249995
4 0.1328125 0.48828125 0.1171875 0.48828125 0.1171875 0.5292991078125 0.1328125 0.5292991078125 0.1328125 0.48828125
3 0.7480491078125 0.72265625 0.71875 0.72265625 0.71875 0.75 0.7480491078125 0.75 0.7480491078125 0.72265625
3 0.9199241078125 0.55078125 0.890625 0.55078125 0.890625 0.5878928578125 0.9199241078125 0.5878928578125 0.9199241078125 0.55078125