5 0.33203125 0.1953125 0.00390625 0.1953125 0.00390625 0.8359375 0.33203125 0.8359375 0.33203125 0.1953125
4 0.98828125 0.0390625 0.8515625 0.0390625 0.8515625 0.2207053578125 0.98828125 0.2207053578125 0.98828125 0.0390625
8 0.53125 0.56640625 0.43164285781249995 0.56640625 0.43164285781249995 0.67578125 0.53125 0.67578125 0.53125 0.56640625
8 0.31640625 0.2636741078125 0.21484375 0.2636741078125 0.21484375 0.34375 0.31640625 0.34375 0.31640625 0.2636741078125
8 0.1738303578125 0.19921875 0.1269553578125 0.19921875 0.1269553578125 0.25 0.1738303578125 0.25 0.1738303578125 0.19921875
8 0.30078125 0.0214866078125 0.2597678578125 0.0214866078125 0.2597678578125 0.0566428578125 0.30078125 0.0566428578125 0.30078125 0.0214866078125
8 0.46289285781249995 0.1484375 0.41015625 0.1484375 0.41015625 0.1875 0.46289285781249995 0.1875 0.46289285781249995 0.1484375
8 0.58984375 0.0390625 0.5527366078125 0.0390625 0.5527366078125 0.0917991078125 0.58984375 0.0917991078125 0.58984375 0.0390625
1 0.5175803578125 0.0078125 0.2402366078125 0.0078125 0.2402366078125 0.1953125 0.5175803578125 0.1953125 0.5175803578125 0.0078125
4 0.5136741078125 0.15234375 0.49414285781249995 0.15234375 0.49414285781249995 0.1738303578125 0.5136741078125 0.1738303578125 0.5136741078125 0.15234375
4 0.484375 0.16015625 0.46289285781249995 0.16015625 0.46289285781249995 0.1933616078125 0.484375 0.1933616078125 0.484375 0.16015625
3 0.2714866078125 0.51171875 0.24609375 0.51171875 0.24609375 0.53515625 0.2714866078125 0.53515625 0.2714866078125 0.51171875
3 0.2324241078125 0.48828125 0.2128928578125 0.48828125 0.2128928578125 0.51171875 0.2324241078125 0.51171875 0.2324241078125 0.48828125