4 0.41601785781249995 0.7265625 0.37890625 0.7265625 0.37890625 0.7675803578125 0.41601785781249995 0.7675803578125 0.41601785781249995 0.7265625
4 0.5097678578125 0.734375 0.4453125 0.734375 0.4453125 0.90625 0.5097678578125 0.90625 0.5097678578125 0.734375
4 0.6074241078125 0.7421875 0.57421875 0.7421875 0.57421875 0.8183616078125 0.6074241078125 0.8183616078125 0.6074241078125 0.7421875
4 0.6191428578125 0.6875 0.5859375 0.6875 0.5859375 0.7285178578125 0.6191428578125 0.7285178578125 0.6191428578125 0.6875
4 0.2792991078125 0.6113303578125 0.23046875 0.6113303578125 0.23046875 0.69921875 0.2792991078125 0.69921875 0.2792991078125 0.6113303578125
4 0.3261741078125 0.6972678578125 0.296875 0.6972678578125 0.296875 0.7441428578125 0.3261741078125 0.7441428578125 0.3261741078125 0.6972678578125
4 0.42578125 0.6953125 0.3339866078125 0.6953125 0.3339866078125 0.9765625 0.42578125 0.9765625 0.42578125 0.6953125
4 0.23828125 0.6796875 0.1933616078125 0.6796875 0.1933616078125 0.7265625 0.23828125 0.7265625 0.23828125 0.6796875
4 0.1953125 0.6328125 0.1621116078125 0.6328125 0.1621116078125 0.6894553578125 0.1953125 0.6894553578125 0.1953125 0.6328125
4 0.58984375 0.88671875 0.51953125 0.88671875 0.51953125 0.9589866078125 0.58984375 0.9589866078125 0.58984375 0.88671875
4 0.6484375 0.8105491078125 0.6152366078125 0.8105491078125 0.6152366078125 0.8671875 0.6484375 0.8671875 0.6484375 0.8105491078125
4 0.6933616078125 0.875 0.6484375 0.875 0.6484375 0.9316428578125 0.6933616078125 0.9316428578125 0.6933616078125 0.875
4 0.875 0.7753928578125 0.8359375 0.7753928578125 0.8359375 0.82421875 0.875 0.82421875 0.875 0.7753928578125
3 0.2324241078125 0.7109375 0.15625 0.7109375 0.15625 0.9765625 0.2324241078125 0.9765625 0.2324241078125 0.7109375
3 0.14453125 0.5253928578125 0.08984375 0.5253928578125 0.08984375 0.6972678578125 0.14453125 0.6972678578125 0.14453125 0.5253928578125
3 0.5 0.1796875 0.27734375 0.1796875 0.27734375 0.3144553578125 0.5 0.3144553578125 0.5 0.1796875
3 0.8808616078125 0.3496116078125 0.60546875 0.3496116078125 0.60546875 0.5546875 0.8808616078125 0.5546875 0.8808616078125 0.3496116078125
3 0.21875 0.3496116078125 0.0371116078125 0.3496116078125 0.0371116078125 0.47070535781249995 0.21875 0.47070535781249995 0.21875 0.3496116078125
3 0.25 0.0859375 0.1875 0.0859375 0.1875 0.1347678578125 0.25 0.1347678578125 0.25 0.0859375
2 0.8691428578125 0.19140625 0.109375 0.19140625 0.109375 0.9453125 0.8691428578125 0.9453125 0.8691428578125 0.19140625
8 0.3261741078125 0.7050803578125 0.30078125 0.7050803578125 0.30078125 0.73828125 0.3261741078125 0.73828125 0.3261741078125 0.7050803578125
8 0.9628928578125 0.3144553578125 0.9238303578125 0.3144553578125 0.9238303578125 0.3417991078125 0.9628928578125 0.3417991078125 0.9628928578125 0.3144553578125
8 0.4296875 0.18359375 0.38671875 0.18359375 0.38671875 0.21484375 0.4296875 0.21484375 0.4296875 0.18359375
4 0.6386741078125 0.3652366078125 0.62109375 0.3652366078125 0.62109375 0.40039285781249995 0.6386741078125 0.40039285781249995 0.6386741078125 0.3652366078125
4 0.6933616078125 0.3671875 0.6582053578125 0.3671875 0.6582053578125 0.41015625 0.6933616078125 0.41015625 0.6933616078125 0.3671875
4 0.7558616078125 0.40820535781249995 0.7265625 0.40820535781249995 0.7265625 0.44921875 0.7558616078125 0.44921875 0.7558616078125 0.40820535781249995
4 0.7128928578125 0.43164285781249995 0.6816428578125 0.43164285781249995 0.6816428578125 0.46484375 0.7128928578125 0.46484375 0.7128928578125 0.43164285781249995
4 0.78515625 0.390625 0.76171875 0.390625 0.76171875 0.4140625 0.78515625 0.4140625 0.78515625 0.390625
3 0.5800803578125 0.2109375 0.54296875 0.2109375 0.54296875 0.2402366078125 0.5800803578125 0.2402366078125 0.5800803578125 0.2109375
3 0.359375 0.078125 0.3261741078125 0.078125 0.3261741078125 0.1074241078125 0.359375 0.1074241078125 0.359375 0.078125
3 0.6347678578125 0.9511741078125 0.59765625 0.9511741078125 0.59765625 0.984375 0.6347678578125 0.984375 0.6347678578125 0.9511741078125
3 0.171875 0.6777366078125 0.0917991078125 0.6777366078125 0.0917991078125 0.9941428578125 0.171875 0.9941428578125 0.171875 0.6777366078125
4 0.44140625 0.5371116078125 0.41211160781249995 0.5371116078125 0.41211160781249995 0.5722678578125 0.44140625 0.5722678578125 0.44140625 0.5371116078125
4 0.83203125 0.78515625 0.80859375 0.78515625 0.80859375 0.84375 0.83203125 0.84375 0.83203125 0.78515625
4 0.71484375 0.8046875 0.69140625 0.8046875 0.69140625 0.8691428578125 0.71484375 0.8691428578125 0.71484375 0.8046875
8 0.49804910781249995 0.8652366078125 0.4609375 0.8652366078125 0.4609375 0.9140625 0.49804910781249995 0.9140625 0.49804910781249995 0.8652366078125
8 0.5917991078125 0.7480491078125 0.5761741078125 0.7480491078125 0.5761741078125 0.7675803578125 0.5917991078125 0.7675803578125 0.5917991078125 0.7480491078125
8 0.2167991078125 0.07421875 0.140625 0.07421875 0.140625 0.1484375 0.2167991078125 0.1484375 0.2167991078125 0.07421875
8 0.6796875 0.0078125 0.6113303578125 0.0078125 0.6113303578125 0.0546875 0.6796875 0.0546875 0.6796875 0.0078125
4 0.27734375 0.7480491078125 0.2363303578125 0.7480491078125 0.2363303578125 0.80859375 0.27734375 0.80859375 0.27734375 0.7480491078125
3 0.07421875 0.16796875 0.0449241078125 0.16796875 0.0449241078125 0.19921875 0.07421875 0.19921875 0.07421875 0.16796875