3 0.32171875 0.7152178765625 0.2409196421875 0.7152178765625 0.2409196421875 0.8664245812500001 0.32171875 0.8664245812500001 0.32171875 0.7152178765625
3 0.28465625 0.9165139671875 0.2157142859375 0.9165139671875 0.2157142859375 0.99258100625 0.28465625 0.99258100625 0.28465625 0.9165139671875
3 0.45070535781250004 0.9582625703125001 0.36175 0.9582625703125001 0.36175 0.9944357546875 0.45070535781250004 0.9944357546875 0.45070535781250004 0.9582625703125001
3 0.5663437499999999 0.9081675984375 0.483321428125 0.9081675984375 0.483321428125 0.9972234640625001 0.5663437499999999 0.9972234640625001 0.5663437499999999 0.9081675984375
3 0.6649375 0.9063128484374999 0.6234241078125 0.9063128484374999 0.6234241078125 0.94527374375 0.6649375 0.94527374375 0.6649375 0.9063128484374999
3 0.5596741078125 0.8107653625 0.528540178125 0.8107653625 0.528540178125 0.854363128125 0.5596741078125 0.854363128125 0.5596741078125 0.8107653625
3 0.47590625 0.732843575 0.431428571875 0.732843575 0.431428571875 0.791284915625 0.47590625 0.791284915625 0.47590625 0.732843575
8 0.5366919640625001 0.3172569828125 0.503334821875 0.3172569828125 0.503334821875 0.36734636875 0.5366919640625001 0.36734636875 0.5366919640625001 0.3172569828125
8 0.561897321875 0.3024134078125 0.5374330359374999 0.3024134078125 0.5374330359374999 0.33766480468750004 0.561897321875 0.33766480468750004 0.561897321875 0.3024134078125
8 0.62490625 0.3135474859375 0.5826517859375 0.3135474859375 0.5826517859375 0.3497206703125 0.62490625 0.3497206703125 0.62490625 0.3135474859375
8 0.6278705359375001 0.3654916203125 0.5856205359375 0.3654916203125 0.5856205359375 0.4109497203125 0.6278705359375001 0.4109497203125 0.6278705359375001 0.3654916203125
8 0.689397321875 0.514843575 0.6597500000000001 0.514843575 0.6597500000000001 0.5603016765625 0.689397321875 0.5603016765625 0.689397321875 0.514843575
8 0.4373616078125 0.0723575421875 0.4047455359375 0.0723575421875 0.4047455359375 0.13079888281250002 0.4373616078125 0.13079888281250002 0.4373616078125 0.0723575421875
8 0.393625 0.004636871875 0.36249107187499996 0.004636871875 0.36249107187499996 0.0463798875 0.393625 0.0463798875 0.393625 0.004636871875
8 0.35359375000000004 0.041743017187499995 0.31134375 0.041743017187499995 0.31134375 0.0936927375 0.35359375000000004 0.0936927375 0.35359375000000004 0.041743017187499995
8 0.4188303578125 0.24118994374999997 0.37361160781249997 0.24118994374999997 0.37361160781249997 0.2912793296875 0.4188303578125 0.2912793296875 0.4188303578125 0.24118994374999997
8 0.2646383921875 0.14564245781250001 0.2246116078125 0.14564245781250001 0.2246116078125 0.20222905 0.2646383921875 0.20222905 0.2646383921875 0.14564245781250001
8 0.8495178578125 0.74118994375 0.8146785718749999 0.74118994375 0.8146785718749999 0.7820055859374999 0.8495178578125 0.7820055859374999 0.8495178578125 0.74118994375
8 0.8888080359374999 0.791284915625 0.8502589281249999 0.791284915625 0.8502589281249999 0.8209664796875 0.8888080359374999 0.8209664796875 0.8888080359374999 0.791284915625
8 0.9214241078125 0.7346983234375 0.8977008921875 0.7346983234375 0.8977008921875 0.760670390625 0.9214241078125 0.760670390625 0.9214241078125 0.7346983234375
8 0.858415178125 0.8367374296874999 0.8443303578125001 0.8367374296874999 0.8443303578125001 0.8738435750000001 0.858415178125 0.8738435750000001 0.858415178125 0.8367374296874999
8 0.8272812500000001 0.8450893859375 0.8065223218750001 0.8450893859375 0.8065223218750001 0.8859050281249999 0.8272812500000001 0.8859050281249999 0.8272812500000001 0.8450893859375
3 0.560415178125 0.6113184359375 0.53446875 0.6113184359375 0.53446875 0.6567765359375 0.560415178125 0.6567765359375 0.560415178125 0.6113184359375
3 0.6486294640625 0.6113184359375 0.5863616078125 0.6113184359375 0.5863616078125 0.721709496875 0.6486294640625 0.721709496875 0.6486294640625 0.6113184359375
8 0.43958482187500003 0.344156425 0.4136383921875 0.344156425 0.4136383921875 0.38311731875 0.43958482187500003 0.38311731875 0.43958482187500003 0.344156425
3 0.7776116078124999 0.32467597812500004 0.7197946421875 0.32467597812500004 0.7197946421875 0.40259776562500005 0.7776116078124999 0.40259776562500005 0.7776116078124999 0.32467597812500004
8 0.7197946421875 0.44526815624999994 0.6945892859375 0.44526815624999994 0.6945892859375 0.4777374296875 0.7197946421875 0.4777374296875 0.7197946421875 0.44526815624999994
8 0.7524107140625 0.45640223437499994 0.7309107140625 0.45640223437499994 0.7309107140625 0.49721787656250005 0.7524107140625 0.49721787656250005 0.7524107140625 0.45640223437499994
8 0.8094866078124999 0.4202234640625 0.761303571875 0.4202234640625 0.761303571875 0.464754190625 0.8094866078124999 0.464754190625 0.8094866078124999 0.4202234640625
8 0.759821428125 0.21985474843750002 0.7309107140625 0.21985474843750002 0.7309107140625 0.255100559375 0.759821428125 0.255100559375 0.759821428125 0.21985474843750002
8 0.431428571875 0.16326815625 0.41141517812500006 0.16326815625 0.41141517812500006 0.19573184375 0.431428571875 0.19573184375 0.431428571875 0.16326815625
8 0.2742767859375 0.9638268156249999 0.258709821875 0.9638268156249999 0.258709821875 0.9842346375 0.2742767859375 0.9842346375 0.2742767859375 0.9638268156249999
8 0.253522321875 0.9768156421875 0.2357321421875 0.9768156421875 0.2357321421875 0.9962960890625 0.253522321875 0.9962960890625 0.253522321875 0.9768156421875
8 0.307633928125 0.7319162015625 0.28984375 0.7319162015625 0.28984375 0.753251396875 0.307633928125 0.753251396875 0.307633928125 0.7319162015625
8 0.298 0.768094971875 0.2809508921875 0.768094971875 0.2809508921875 0.78757541875 0.298 0.78757541875 0.298 0.768094971875
8 0.272053571875 0.791284915625 0.2594508921875 0.791284915625 0.2594508921875 0.807983240625 0.272053571875 0.807983240625 0.272053571875 0.791284915625
8 0.656040178125 0.9128044687499999 0.6449241078125 0.9128044687499999 0.6449241078125 0.92857541875 0.656040178125 0.92857541875 0.656040178125 0.9128044687499999
8 0.6449241078125 0.9211564250000001 0.632321428125 0.9211564250000001 0.632321428125 0.9359944140625001 0.6449241078125 0.9359944140625001 0.6449241078125 0.9211564250000001
8 0.5181607140625 0.978670390625 0.5062991078125 0.978670390625 0.5062991078125 0.9972234640625001 0.5181607140625 0.9972234640625001 0.5181607140625 0.978670390625
8 0.5055580359375 0.9879441343750001 0.4951830359375 0.9879441343750001 0.4951830359375 0.9990782125000001 0.5055580359375 0.9990782125000001 0.5055580359375 0.9879441343750001
8 0.5396607140625 0.9573296093750001 0.5255758921875 0.9573296093750001 0.5255758921875 0.9693910609374999 0.5396607140625 0.9693910609374999 0.5396607140625 0.9573296093750001
8 0.7753883921875 0.628016759375 0.761303571875 0.628016759375 0.761303571875 0.6539888265625 0.7753883921875 0.6539888265625 0.7753883921875 0.628016759375
8 0.40103571406249994 0.5482402234375 0.3869553578125 0.5482402234375 0.3869553578125 0.5677206703125 0.40103571406249994 0.5677206703125 0.40103571406249994 0.5482402234375
8 0.6367678578125 0.614100559375 0.6226830359375 0.614100559375 0.6226830359375 0.63172625625 0.6367678578125 0.63172625625 0.6367678578125 0.614100559375
8 0.5255758921875 0.035251396875 0.5085267859375 0.035251396875 0.5085267859375 0.0575139671875 0.5255758921875 0.0575139671875 0.5255758921875 0.035251396875
8 0.516678571875 0.0667932953125 0.5011116078125 0.0667932953125 0.5011116078125 0.089055865625 0.516678571875 0.089055865625 0.516678571875 0.0667932953125