3 0.1008169640625 0.10760893906249999 0.040772321875 0.10760893906249999 0.040772321875 0.20686592187500003 0.1008169640625 0.20686592187500003 0.1008169640625 0.10760893906249999
3 0.4862857140625 0.19480446875 0.144553571875 0.19480446875 0.144553571875 0.3766256984375 0.4862857140625 0.3766256984375 0.4862857140625 0.19480446875
3 0.42327678593750007 0.4007430171875 0.2957767859375 0.4007430171875 0.2957767859375 0.49443575468749995 0.42327678593750007 0.49443575468749995 0.42327678593750007 0.4007430171875
3 0.5856205359375 0.3061229046875 0.5077857140625001 0.3061229046875 0.5077857140625001 0.4109497203125 0.5856205359375 0.4109497203125 0.5856205359375 0.3061229046875
8 0.144553571875 0.6076089390625 0.1119330359375 0.6076089390625 0.1119330359375 0.6641955312500001 0.144553571875 0.6641955312500001 0.144553571875 0.6076089390625
8 0.43513839218749994 0.5769944140625001 0.392883928125 0.5769944140625001 0.392883928125 0.66326815625 0.43513839218749994 0.66326815625 0.43513839218749994 0.5769944140625001
8 0.5048169640625 0.5751396640625 0.42401785781249995 0.5751396640625 0.42401785781249995 0.613173184375 0.5048169640625 0.613173184375 0.5048169640625 0.5751396640625
8 0.6612321421875 0.41744134062500005 0.6367678578125 0.41744134062500005 0.6367678578125 0.4536201125 0.6612321421875 0.4536201125 0.6612321421875 0.41744134062500005
8 0.5759821421875 0.41280446875 0.5011116078125 0.41280446875 0.5011116078125 0.47588268125 0.5759821421875 0.47588268125 0.5759821421875 0.41280446875
8 0.339508928125 0.0027821234375 0.2928080359375 0.0027821234375 0.2928080359375 0.0992569828125 0.339508928125 0.0992569828125 0.339508928125 0.0027821234375
3 0.709415178125 0.4842346375 0.6760580359375 0.4842346375 0.6760580359375 0.520407821875 0.709415178125 0.520407821875 0.709415178125 0.4842346375
3 0.61453125 0.5788547484375 0.5752410718750001 0.5788547484375 0.5752410718750001 0.6094636875 0.61453125 0.6094636875 0.61453125 0.5788547484375
8 0.567084821875 0.6864581000000001 0.535209821875 0.6864581000000001 0.535209821875 0.752324021875 0.567084821875 0.752324021875 0.567084821875 0.6864581000000001
8 0.5693125 0.799631284375 0.543366071875 0.799631284375 0.543366071875 0.8293184359374999 0.5693125 0.8293184359374999 0.5693125 0.799631284375
2 0.1119330359375 0.2912793296875 0.021495535937499997 0.2912793296875 0.021495535937499997 0.4230055859375 0.1119330359375 0.4230055859375 0.1119330359375 0.2912793296875
3 0.6078571421875 0.4118770953125 0.587102678125 0.4118770953125 0.587102678125 0.44526815624999994 0.6078571421875 0.44526815624999994 0.6078571421875 0.4118770953125
3 0.6308392859375 0.4471284921875 0.601928571875 0.4471284921875 0.601928571875 0.4740279328125 0.6308392859375 0.4740279328125 0.6308392859375 0.4471284921875
3 0.5463303578125001 0.5964748609375 0.498147321875 0.5964748609375 0.498147321875 0.6382234640625 0.5463303578125001 0.6382234640625 0.5463303578125001 0.5964748609375
8 0.3232008921875 0.47124580937499994 0.3143080359375 0.47124580937499994 0.3143080359375 0.4851620109375 0.3232008921875 0.4851620109375 0.3232008921875 0.47124580937499994
8 0.4306875 0.4192960890625 0.4151205359375 0.4192960890625 0.4151205359375 0.4387765359375 0.4306875 0.4387765359375 0.4306875 0.4192960890625
8 0.4106741078125 0.45640223437499994 0.40103571406249994 0.45640223437499994 0.40103571406249994 0.4684636875 0.4106741078125 0.4684636875 0.4106741078125 0.45640223437499994
8 0.389178571875 0.4230055859375 0.381022321875 0.4230055859375 0.381022321875 0.43321229062500005 0.389178571875 0.43321229062500005 0.389178571875 0.4230055859375
8 0.2424017859375 0.379407821875 0.2290580359375 0.379407821875 0.2290580359375 0.3914692734375 0.2424017859375 0.3914692734375 0.2424017859375 0.379407821875
8 0.2424017859375 0.4666089390625 0.22683482187499998 0.4666089390625 0.22683482187499998 0.48608938593750006 0.2424017859375 0.48608938593750006 0.2424017859375 0.4666089390625
8 0.2594508921875 0.3970335203125 0.2357321421875 0.3970335203125 0.2357321421875 0.4703184359375 0.2594508921875 0.4703184359375 0.2594508921875 0.3970335203125
8 0.1452946421875 0.4248603359375 0.1341741078125 0.4248603359375 0.1341741078125 0.46382122968750006 0.1452946421875 0.46382122968750006 0.1452946421875 0.4248603359375
8 0.1964419640625 0.362709496875 0.14974107187500002 0.362709496875 0.14974107187500002 0.46753631249999994 0.1964419640625 0.46753631249999994 0.1964419640625 0.362709496875
8 0.1704955359375 0.34322905000000004 0.1578928578125 0.34322905000000004 0.1578928578125 0.359927375 0.1704955359375 0.359927375 0.1704955359375 0.34322905000000004
8 0.2357321421875 0.30519553125 0.203852678125 0.30519553125 0.203852678125 0.33024022343750004 0.2357321421875 0.33024022343750004 0.2357321421875 0.30519553125
8 0.2416607140625 0.30426815625 0.2357321421875 0.30426815625 0.2357321421875 0.316329609375 0.2416607140625 0.316329609375 0.2416607140625 0.30426815625
8 0.19051339218750002 0.30519553125 0.17271875 0.30519553125 0.17271875 0.32838547500000004 0.19051339218750002 0.32838547500000004 0.19051339218750002 0.30519553125
8 0.1645669640625 0.2755139671875 0.15566964218749998 0.2755139671875 0.15566964218749998 0.28849720625 0.1645669640625 0.28849720625 0.1645669640625 0.2755139671875
8 0.5411428578125 0.344156425 0.533727678125 0.344156425 0.533727678125 0.3617821234375 0.5411428578125 0.3617821234375 0.5411428578125 0.344156425
8 0.55596875 0.35158100625 0.5463303578125001 0.35158100625 0.5463303578125001 0.362709496875 0.55596875 0.362709496875 0.55596875 0.35158100625
8 0.625647321875 0.3497206703125 0.6167544640625 0.3497206703125 0.6167544640625 0.362709496875 0.625647321875 0.362709496875 0.625647321875 0.3497206703125
8 0.6945892859375 0.5 0.68865625 0.5 0.68865625 0.5120614531250001 0.6945892859375 0.5120614531250001 0.6945892859375 0.5
8 0.601928571875 0.589983240625 0.59821875 0.589983240625 0.59821875 0.5992625703125001 0.601928571875 0.5992625703125001 0.601928571875 0.589983240625
8 0.2861383921875 0.2486089390625 0.2683482140625 0.2486089390625 0.2683482140625 0.26159776562500003 0.2861383921875 0.26159776562500003 0.2861383921875 0.2486089390625
8 0.3447008921875 0.2708715078125 0.334321428125 0.2708715078125 0.334321428125 0.2838603359375 0.3447008921875 0.2838603359375 0.3447008921875 0.2708715078125
8 0.3454419640625 0.2356201125 0.3380267859375 0.2356201125 0.3380267859375 0.246754190625 0.3454419640625 0.246754190625 0.3454419640625 0.2356201125
8 0.40029464218750005 0.332100559375 0.389178571875 0.332100559375 0.389178571875 0.34508379843750003 0.40029464218750005 0.34508379843750003 0.40029464218750005 0.332100559375
8 0.3839866078125 0.29963128437500003 0.375834821875 0.29963128437500003 0.375834821875 0.308905028125 0.3839866078125 0.308905028125 0.3839866078125 0.29963128437500003
8 0.3654553578125 0.3024134078125 0.3565625 0.3024134078125 0.3565625 0.3144748609375 0.3654553578125 0.3144748609375 0.3654553578125 0.3024134078125
8 0.4054866078125 0.29592178750000003 0.398071428125 0.29592178750000003 0.398071428125 0.307977653125 0.4054866078125 0.307977653125 0.4054866078125 0.29592178750000003
8 0.432915178125 0.2940670390625 0.42401785781249995 0.2940670390625 0.42401785781249995 0.3014860328125 0.432915178125 0.3014860328125 0.432915178125 0.2940670390625
8 0.46775446406250004 0.27458100625 0.4551517859375 0.27458100625 0.4551517859375 0.2875698328125 0.46775446406250004 0.2875698328125 0.46775446406250004 0.27458100625
8 0.20682142812499998 0.4619664796875 0.198665178125 0.4619664796875 0.198665178125 0.473100559375 0.20682142812499998 0.473100559375 0.20682142812499998 0.4619664796875
8 0.252040178125 0.25046368750000003 0.244625 0.25046368750000003 0.244625 0.25974301718750004 0.252040178125 0.25974301718750004 0.252040178125 0.25046368750000003
8 0.22831696406250002 0.26437988749999997 0.2164553578125 0.26437988749999997 0.2164553578125 0.2792234640625 0.22831696406250002 0.2792234640625 0.22831696406250002 0.26437988749999997
8 0.244625 0.277368715625 0.2357321421875 0.277368715625 0.2357321421875 0.2875698328125 0.244625 0.2875698328125 0.244625 0.277368715625
8 0.2646383921875 0.13265363125000001 0.2594508921875 0.13265363125000001 0.2594508921875 0.1465698328125 0.2646383921875 0.1465698328125 0.2646383921875 0.13265363125000001
8 0.7435133921875 0.8135474859375 0.733875 0.8135474859375 0.733875 0.8265363125 0.7435133921875 0.8265363125 0.7435133921875 0.8135474859375
7 0.8836160718749999 0.70222905 0.48258035781249997 0.70222905 0.48258035781249997 0.9981508375000001 0.8836160718749999 0.9981508375000001 0.8836160718749999 0.70222905
3 0.2327633921875 0.4703184359375 0.2031116078125 0.4703184359375 0.2031116078125 0.49814525156249995 0.2327633921875 0.49814525156249995 0.2327633921875 0.4703184359375
3 0.6226830359375 0.359927375 0.5959955359375 0.359927375 0.5959955359375 0.39888826875 0.6226830359375 0.39888826875 0.6226830359375 0.359927375