3 0.42578125 0.609375 0.34375 0.609375 0.34375 0.6894553578125 0.42578125 0.6894553578125 0.42578125 0.609375
3 0.26953125 0.7949241078125 0.203125 0.7949241078125 0.203125 0.8652366078125 0.26953125 0.8652366078125 0.26953125 0.7949241078125
4 0.3378928578125 0.1269553578125 0.27734375 0.1269553578125 0.27734375 0.2167991078125 0.3378928578125 0.2167991078125 0.3378928578125 0.1269553578125
5 0.8535178578125 0.0449241078125 0.41601785781249995 0.0449241078125 0.41601785781249995 0.5449241078125 0.8535178578125 0.5449241078125 0.8535178578125 0.0449241078125
8 0 0.5761741078125 0.1074241078125 0.5761741078125 0.1074241078125 0.40234375 0 0.40234375 0 0.5761741078125
3 0.3984375 0.8574241078125 0.28125 0.8574241078125 0.28125 0.9589866078125 0.3984375 0.9589866078125 0.3984375 0.8574241078125
3 0.17578125 0.1640625 0.15234375 0.1640625 0.15234375 0.1933616078125 0.17578125 0.1933616078125 0.17578125 0.1640625
3 0.26953125 0.1640625 0.24609375 0.1640625 0.24609375 0.1875 0.26953125 0.1875 0.26953125 0.1640625
3 0.3261741078125 0.1777366078125 0.2792991078125 0.1777366078125 0.2792991078125 0.2011741078125 0.3261741078125 0.2011741078125 0.3261741078125 0.1777366078125
3 0.3378928578125 0.1621116078125 0.3144553578125 0.1621116078125 0.3144553578125 0.18359375 0.3378928578125 0.18359375 0.3378928578125 0.1621116078125
4 0.375 0.88671875 0.2890625 0.88671875 0.2890625 0.9511741078125 0.375 0.9511741078125 0.375 0.88671875
4 0.25390625 0.8339866078125 0.2167991078125 0.8339866078125 0.2167991078125 0.8671875 0.25390625 0.8671875 0.25390625 0.8339866078125
3 0.2285178578125 0.0644553578125 0.203125 0.0644553578125 0.203125 0.0917991078125 0.2285178578125 0.0917991078125 0.2285178578125 0.0644553578125