3 0.8378928578125 0.7128928578125 0.7089866078125 0.7128928578125 0.7089866078125 0.89453125 0.8378928578125 0.89453125 0.8378928578125 0.7128928578125
3 0.9941428578125 0.32421875 0.9003928578125 0.32421875 0.9003928578125 0.43554910781249995 0.9941428578125 0.43554910781249995 0.9941428578125 0.32421875
4 0.75390625 0.1777366078125 0.49804910781249995 0.1777366078125 0.49804910781249995 0.28125 0.75390625 0.28125 0.75390625 0.1777366078125
4 0.9003928578125 0.0097678578125 0.734375 0.0097678578125 0.734375 0.1015625 0.9003928578125 0.1015625 0.9003928578125 0.0097678578125
3 0.1035178578125 0.58203125 0.01953125 0.58203125 0.01953125 0.65234375 0.1035178578125 0.65234375 0.1035178578125 0.58203125
5 0.62109375 0.2480491078125 0.296875 0.2480491078125 0.296875 0.46484375 0.62109375 0.46484375 0.62109375 0.2480491078125
3 0.46875 0.8144553578125 0.41601785781249995 0.8144553578125 0.41601785781249995 0.8769553578125 0.46875 0.8769553578125 0.46875 0.8144553578125
3 0.1269553578125 0.8027366078125 0.06640625 0.8027366078125 0.06640625 0.8515625 0.1269553578125 0.8515625 0.1269553578125 0.8027366078125
3 0.1894553578125 0.5839866078125 0.1074241078125 0.5839866078125 0.1074241078125 0.6484375 0.1894553578125 0.6484375 0.1894553578125 0.5839866078125
3 0.2246116078125 0.4921875 0.1816428578125 0.4921875 0.1816428578125 0.5390625 0.2246116078125 0.5390625 0.2246116078125 0.4921875
3 0.8417991078125 0.46484375 0.7988303578125 0.46484375 0.7988303578125 0.5019553578125 0.8417991078125 0.5019553578125 0.8417991078125 0.46484375
3 0.86328125 0.40625 0.8359375 0.40625 0.8359375 0.44726785781249995 0.86328125 0.44726785781249995 0.86328125 0.40625
3 0.9003928578125 0.3613303578125 0.8828125 0.3613303578125 0.8828125 0.421875 0.9003928578125 0.421875 0.9003928578125 0.3613303578125
3 0.7441428578125 0.5390625 0.7089866078125 0.5390625 0.7089866078125 0.56640625 0.7441428578125 0.56640625 0.7441428578125 0.5390625
8 0.76171875 0.8496116078125 0.75 0.8496116078125 0.75 0.8691428578125 0.76171875 0.8691428578125 0.76171875 0.8496116078125
8 0.7402366078125 0.80078125 0.7265625 0.80078125 0.7265625 0.8144553578125 0.7402366078125 0.8144553578125 0.7402366078125 0.80078125
8 0.7734375 0.75 0.76171875 0.75 0.76171875 0.76171875 0.7734375 0.76171875 0.7734375 0.75
8 0.7910178578125 0.8027366078125 0.7832053578125 0.8027366078125 0.7832053578125 0.8261741078125 0.7910178578125 0.8261741078125 0.7910178578125 0.8027366078125