8 0.734375 0.48242410781249995 0.6972678578125 0.48242410781249995 0.6972678578125 0.6035178578125 0.734375 0.6035178578125 0.734375 0.48242410781249995
8 0.9785178578125 0.1015625 0.91015625 0.1015625 0.91015625 0.1875 0.9785178578125 0.1875 0.9785178578125 0.1015625
8 0.6191428578125 0.03515625 0.578125 0.03515625 0.578125 0.08203125 0.6191428578125 0.08203125 0.6191428578125 0.03515625
8 0.94921875 0.859375 0.88671875 0.859375 0.88671875 0.9375 0.94921875 0.9375 0.94921875 0.859375
8 0.65234375 0.9453125 0.625 0.9453125 0.625 0.99609375 0.65234375 0.99609375 0.65234375 0.9453125
8 0.9980491078125 0.5859375 0.9824241078125 0.5859375 0.9824241078125 0.6777366078125 0.9980491078125 0.6777366078125 0.9980491078125 0.5859375
4 0.7421875 0.9628928578125 0.6894553578125 0.9628928578125 0.6894553578125 0.99609375 0.7421875 0.99609375 0.7421875 0.9628928578125
4 0.8574241078125 0.3574241078125 0.8105491078125 0.3574241078125 0.8105491078125 0.3925803578125 0.8574241078125 0.3925803578125 0.8574241078125 0.3574241078125
8 0.0332053578125 0.796875 0.0058616078125 0.796875 0.0058616078125 0.83984375 0.0332053578125 0.83984375 0.0332053578125 0.796875
5 0.6230491078125 0.25390625 0.0078125 0.25390625 0.0078125 0.9472678578125 0.6230491078125 0.9472678578125 0.6230491078125 0.25390625
8 0.7402366078125 0.8691428578125 0.66015625 0.8691428578125 0.66015625 0.9238303578125 0.7402366078125 0.9238303578125 0.7402366078125 0.8691428578125