7 0.84765625 0.93359375 0.3535178578125 0.93359375 0.3535178578125 0.99609375 0.84765625 0.99609375 0.84765625 0.93359375
3 0.9765625 0.2109375 0.7089866078125 0.2109375 0.7089866078125 0.3359375 0.9765625 0.3359375 0.9765625 0.2109375
3 0.6699241078125 0.6152366078125 0.6074241078125 0.6152366078125 0.6074241078125 0.8417991078125 0.6699241078125 0.8417991078125 0.6699241078125 0.6152366078125
3 0.48046875 0.4765625 0.2675803578125 0.4765625 0.2675803578125 0.5800803578125 0.48046875 0.5800803578125 0.48046875 0.4765625
3 0.953125 0.4921875 0.77734375 0.4921875 0.77734375 0.6035178578125 0.953125 0.6035178578125 0.953125 0.4921875
5 0.8769553578125 0.08984375 0.2597678578125 0.08984375 0.2597678578125 0.5703125 0.8769553578125 0.5703125 0.8769553578125 0.08984375
3 0.96875 0.6015625 0.9296875 0.6015625 0.9296875 0.6484375 0.96875 0.6484375 0.96875 0.6015625
3 0.45117410781249995 0.6816428578125 0.41796875 0.6816428578125 0.41796875 0.70703125 0.45117410781249995 0.70703125 0.45117410781249995 0.6816428578125
3 0.2910178578125 0.58984375 0.2636741078125 0.58984375 0.2636741078125 0.62890625 0.2910178578125 0.62890625 0.2910178578125 0.58984375
4 0.92578125 0.25 0.90625 0.25 0.90625 0.28515625 0.92578125 0.28515625 0.92578125 0.25
4 0.046875 0.6972678578125 0.0019553578125 0.6972678578125 0.0019553578125 0.8808616078125 0.046875 0.8808616078125 0.046875 0.6972678578125
4 0.2128928578125 0.8417991078125 0.029299107812500003 0.8417991078125 0.029299107812500003 0.99609375 0.2128928578125 0.99609375 0.2128928578125 0.8417991078125