5 0.6074241078125 0.5058616078125 0.1855491078125 0.5058616078125 0.1855491078125 0.95703125 0.6074241078125 0.95703125 0.6074241078125 0.5058616078125
2 0.9707053578125 0.76953125 0.75390625 0.76953125 0.75390625 0.9589866078125 0.9707053578125 0.9589866078125 0.9707053578125 0.76953125
8 0.2890625 0.1894553578125 0.2519553578125 0.1894553578125 0.2519553578125 0.296875 0.2890625 0.296875 0.2890625 0.1894553578125
8 0.16015625 0.0683616078125 0.1152366078125 0.0683616078125 0.1152366078125 0.1308616078125 0.16015625 0.1308616078125 0.16015625 0.0683616078125
8 0.33984375 0.0136741078125 0.25390625 0.0136741078125 0.25390625 0.1816428578125 0.33984375 0.1816428578125 0.33984375 0.0136741078125
8 0.7578125 0.1328125 0.7285178578125 0.1328125 0.7285178578125 0.1894553578125 0.7578125 0.1894553578125 0.7578125 0.1328125
8 0.96484375 0.1621116078125 0.91796875 0.1621116078125 0.91796875 0.2207053578125 0.96484375 0.2207053578125 0.96484375 0.1621116078125
8 0.9921875 0.390625 0.91796875 0.390625 0.91796875 0.5292991078125 0.9921875 0.5292991078125 0.9921875 0.390625
6 0.40429910781249995 0.73828125 0.19921875 0.73828125 0.19921875 0.9921875 0.40429910781249995 0.9921875 0.40429910781249995 0.73828125
4 0.9589866078125 0.1660178578125 0.9355491078125 0.1660178578125 0.9355491078125 0.1933616078125 0.9589866078125 0.1933616078125 0.9589866078125 0.1660178578125
4 0.2832053578125 0.2167991078125 0.25390625 0.2167991078125 0.25390625 0.2832053578125 0.2832053578125 0.2832053578125 0.2832053578125 0.2167991078125
4 0.1582053578125 0.0839866078125 0.1269553578125 0.0839866078125 0.1269553578125 0.1269553578125 0.1582053578125 0.1269553578125 0.1582053578125 0.0839866078125
4 0.32421875 0.0234375 0.2558616078125 0.0234375 0.2558616078125 0.1660178578125 0.32421875 0.1660178578125 0.32421875 0.0234375
4 0.43164285781249995 0.0019553578125 0.40429910781249995 0.0019553578125 0.40429910781249995 0.0234375 0.43164285781249995 0.0234375 0.43164285781249995 0.0019553578125
8 0.0722678578125 0.390625 0.046875 0.390625 0.046875 0.41796875 0.0722678578125 0.41796875 0.0722678578125 0.390625
8 0.9511741078125 0.4921875 0.9199241078125 0.4921875 0.9199241078125 0.5566428578125 0.9511741078125 0.5566428578125 0.9511741078125 0.4921875
4 0.9765625 0.48633035781249995 0.9511741078125 0.48633035781249995 0.9511741078125 0.5175803578125 0.9765625 0.5175803578125 0.9765625 0.48633035781249995