4 0.4375 0.47461160781249995 0.3671875 0.47461160781249995 0.3671875 0.53125 0.4375 0.53125 0.4375 0.47461160781249995
4 0.6230491078125 0.28515625 0.578125 0.28515625 0.578125 0.3183616078125 0.6230491078125 0.3183616078125 0.6230491078125 0.28515625
4 0.47851785781249995 0.5410178578125 0.39453125 0.5410178578125 0.39453125 0.63671875 0.47851785781249995 0.63671875 0.47851785781249995 0.5410178578125
4 0.3964866078125 0.6230491078125 0.34375 0.6230491078125 0.34375 0.66015625 0.3964866078125 0.66015625 0.3964866078125 0.6230491078125
4 0.65625 0.6171875 0.5996116078125 0.6171875 0.5996116078125 0.66015625 0.65625 0.66015625 0.65625 0.6171875
4 0.43164285781249995 0.37890625 0.390625 0.37890625 0.390625 0.41601785781249995 0.43164285781249995 0.41601785781249995 0.43164285781249995 0.37890625
4 0.6777366078125 0.7890625 0.6347678578125 0.7890625 0.6347678578125 0.828125 0.6777366078125 0.828125 0.6777366078125 0.7890625
4 0.1640625 0.30859375 0.0019553578125 0.30859375 0.0019553578125 0.35546875 0.1640625 0.35546875 0.1640625 0.30859375
4 0.29296875 0.26171875 0.2285178578125 0.26171875 0.2285178578125 0.296875 0.29296875 0.296875 0.29296875 0.26171875
4 0.59375 0.8613303578125 0.5566428578125 0.8613303578125 0.5566428578125 0.90234375 0.59375 0.90234375 0.59375 0.8613303578125
4 0 0.46679910781249995 0.03125 0.46679910781249995 0.03125 0.3535178578125 0 0.3535178578125 0 0.46679910781249995
4 0 0.7246116078125 0.0234375 0.7246116078125 0.0234375 0.68359375 0 0.68359375 0 0.7246116078125
4 0.025392857812500003 0.54296875 0.0019553578125 0.54296875 0.0019553578125 0.6796875 0.025392857812500003 0.6796875 0.025392857812500003 0.54296875
8 0.0917991078125 0.1875 0.05859375 0.1875 0.05859375 0.2285178578125 0.0917991078125 0.2285178578125 0.0917991078125 0.1875
8 0.03515625 0.20703125 0.0019553578125 0.20703125 0.0019553578125 0.25390625 0.03515625 0.25390625 0.03515625 0.20703125
7 0 0 0 0.3066428578125 0.2128928578125 0.3066428578125 0.2128928578125 0 0 0
3 0.47070535781249995 0.1816428578125 0.43554910781249995 0.1816428578125 0.43554910781249995 0.2265625 0.47070535781249995 0.2265625 0.47070535781249995 0.1816428578125
5 0.99609375 0.0019553578125 0.52734375 0.0019553578125 0.52734375 0.9980491078125 0.99609375 0.9980491078125 0.99609375 0.0019553578125
2 0.0019553578125 0 0.0019553578125 0.9941428578125 0.99609375 0.9941428578125 0.99609375 0 0.0019553578125 0
4 0.62109375 0.41796875 0.5371116078125 0.41796875 0.5371116078125 0.5136741078125 0.62109375 0.5136741078125 0.62109375 0.41796875
4 0.53125 0.36328125 0.43945535781249995 0.36328125 0.43945535781249995 0.45117410781249995 0.53125 0.45117410781249995 0.53125 0.36328125
4 0.45898660781249995 0.7089866078125 0.3144553578125 0.7089866078125 0.3144553578125 0.94140625 0.45898660781249995 0.94140625 0.45898660781249995 0.7089866078125
4 0.35546875 0.4921875 0.25390625 0.4921875 0.25390625 0.6796875 0.35546875 0.6796875 0.35546875 0.4921875
4 0.25 0.49609375 0.1386741078125 0.49609375 0.1386741078125 0.6484375 0.25 0.6484375 0.25 0.49609375
4 0.2890625 0.64453125 0.1386741078125 0.64453125 0.1386741078125 0.8417991078125 0.2890625 0.8417991078125 0.2890625 0.64453125
4 0.2890625 0.8847678578125 0.09375 0.8847678578125 0.09375 0.9941428578125 0.2890625 0.9941428578125 0.2890625 0.8847678578125
4 0.12109375 0.78515625 0.0136741078125 0.78515625 0.0136741078125 0.8671875 0.12109375 0.8671875 0.12109375 0.78515625
4 0.09375 0.51171875 0.01171875 0.51171875 0.01171875 0.6621116078125 0.09375 0.6621116078125 0.09375 0.51171875
3 0.7636741078125 0.3339866078125 0.734375 0.3339866078125 0.734375 0.36328125 0.7636741078125 0.36328125 0.7636741078125 0.3339866078125
3 0.7011741078125 0.3417991078125 0.6699241078125 0.3417991078125 0.6699241078125 0.3847678578125 0.7011741078125 0.3847678578125 0.7011741078125 0.3417991078125
3 0.66015625 0.3574241078125 0.6328125 0.3574241078125 0.6328125 0.3964866078125 0.66015625 0.3964866078125 0.66015625 0.3574241078125
3 0.8359375 0.1328125 0.8027366078125 0.1328125 0.8027366078125 0.1621116078125 0.8359375 0.1621116078125 0.8359375 0.1328125
3 0.7988303578125 0.453125 0.76953125 0.453125 0.76953125 0.4765625 0.7988303578125 0.4765625 0.7988303578125 0.453125
3 0.7324241078125 0.5214866078125 0.703125 0.5214866078125 0.703125 0.5527366078125 0.7324241078125 0.5527366078125 0.7324241078125 0.5214866078125
3 0.8339866078125 0.90234375 0.7988303578125 0.90234375 0.7988303578125 0.95703125 0.8339866078125 0.95703125 0.8339866078125 0.90234375
3 0.6269553578125 0.9589866078125 0.5917991078125 0.9589866078125 0.5917991078125 0.9902366078125 0.6269553578125 0.9902366078125 0.6269553578125 0.9589866078125
3 0.7089866078125 0.95703125 0.6660178578125 0.95703125 0.6660178578125 0.9824241078125 0.7089866078125 0.9824241078125 0.7089866078125 0.95703125
3 0.8046875 0.640625 0.71875 0.640625 0.71875 0.7402366078125 0.8046875 0.7402366078125 0.8046875 0.640625
3 0.6171875 0.41601785781249995 0.55078125 0.41601785781249995 0.55078125 0.5 0.6171875 0.5 0.6171875 0.41601785781249995