4 0.7988303578125 0.40039285781249995 0.71875 0.40039285781249995 0.71875 0.46484375 0.7988303578125 0.46484375 0.7988303578125 0.40039285781249995
4 0.984375 0.09375 0.9042991078125 0.09375 0.9042991078125 0.2011741078125 0.984375 0.2011741078125 0.984375 0.09375
4 0.296875 0.4140625 0.21875 0.4140625 0.21875 0.5644553578125 0.296875 0.5644553578125 0.296875 0.4140625
3 0.1269553578125 0.0566428578125 0.0644553578125 0.0566428578125 0.0644553578125 0.13671875 0.1269553578125 0.13671875 0.1269553578125 0.0566428578125
3 0.6855491078125 0.5488303578125 0.6464866078125 0.5488303578125 0.6464866078125 0.6035178578125 0.6855491078125 0.6035178578125 0.6855491078125 0.5488303578125
4 0.5136741078125 0.6796875 0.40039285781249995 0.6796875 0.40039285781249995 0.82421875 0.5136741078125 0.82421875 0.5136741078125 0.6796875
4 0.95703125 0.74609375 0.7910178578125 0.74609375 0.7910178578125 0.89453125 0.95703125 0.89453125 0.95703125 0.74609375
8 0.5917991078125 0.1152366078125 0.5683616078125 0.1152366078125 0.5683616078125 0.1386741078125 0.5917991078125 0.1386741078125 0.5917991078125 0.1152366078125
8 0.625 0.2246116078125 0.58984375 0.2246116078125 0.58984375 0.25390625 0.625 0.25390625 0.625 0.2246116078125
8 0.6074241078125 0.26171875 0.58203125 0.26171875 0.58203125 0.3261741078125 0.6074241078125 0.3261741078125 0.6074241078125 0.26171875
8 0.6816428578125 0.3105491078125 0.62109375 0.3105491078125 0.62109375 0.39453125 0.6816428578125 0.39453125 0.6816428578125 0.3105491078125
8 0.76953125 0.42578125 0.7402366078125 0.42578125 0.7402366078125 0.453125 0.76953125 0.453125 0.76953125 0.42578125
8 0.703125 0.35546875 0.6660178578125 0.35546875 0.6660178578125 0.375 0.703125 0.375 0.703125 0.35546875