4 0.46875 0.80859375 0.390625 0.80859375 0.390625 0.9902366078125 0.46875 0.9902366078125 0.46875 0.80859375
4 0.359375 0.90234375 0.2285178578125 0.90234375 0.2285178578125 0.9980491078125 0.359375 0.9980491078125 0.359375 0.90234375
4 0.3925803578125 0.7910178578125 0.3261741078125 0.7910178578125 0.3261741078125 0.84765625 0.3925803578125 0.84765625 0.3925803578125 0.7910178578125
4 0.2207053578125 0.5527366078125 0.17578125 0.5527366078125 0.17578125 0.6269553578125 0.2207053578125 0.6269553578125 0.2207053578125 0.5527366078125
4 0.5703125 0.1816428578125 0.484375 0.1816428578125 0.484375 0.2324241078125 0.5703125 0.2324241078125 0.5703125 0.1816428578125
4 0.75 0.1972678578125 0.6855491078125 0.1972678578125 0.6855491078125 0.26171875 0.75 0.26171875 0.75 0.1972678578125
4 0.81640625 0.6582053578125 0.6230491078125 0.6582053578125 0.6230491078125 0.70703125 0.81640625 0.70703125 0.81640625 0.6582053578125
8 0.58203125 0.2285178578125 0.48633035781249995 0.2285178578125 0.48633035781249995 0.28515625 0.58203125 0.28515625 0.58203125 0.2285178578125
8 0 0.50390625 0.0566428578125 0.50390625 0.0566428578125 0.44140625 0 0.44140625 0 0.50390625
8 0.99609375 0.2109375 0.7519553578125 0.2109375 0.7519553578125 0.3925803578125 0.99609375 0.3925803578125 0.99609375 0.2109375
5 0.9433616078125 0.6933616078125 0.4765625 0.6933616078125 0.4765625 0.9980491078125 0.9433616078125 0.9980491078125 0.9433616078125 0.6933616078125
7 0.1074241078125 0.6074241078125 0.0019553578125 0.6074241078125 0.0019553578125 0.8359375 0.1074241078125 0.8359375 0.1074241078125 0.6074241078125
7 0.97265625 0.41796875 0.6152366078125 0.41796875 0.6152366078125 0.6386741078125 0.97265625 0.6386741078125 0.97265625 0.41796875
4 0.9941428578125 0.2089866078125 0.94140625 0.2089866078125 0.94140625 0.3964866078125 0.9941428578125 0.3964866078125 0.9941428578125 0.2089866078125