3 0.9824241078125 0.19921875 0.80078125 0.19921875 0.80078125 0.5214866078125 0.9824241078125 0.5214866078125 0.9824241078125 0.19921875
3 0.7597678578125 0.625 0.6503928578125 0.625 0.6503928578125 0.74609375 0.7597678578125 0.74609375 0.7597678578125 0.625
3 0.7324241078125 0.77734375 0.5957053578125 0.77734375 0.5957053578125 0.984375 0.7324241078125 0.984375 0.7324241078125 0.77734375
3 0.359375 0.65234375 0.2167991078125 0.65234375 0.2167991078125 0.8066428578125 0.359375 0.8066428578125 0.359375 0.65234375
5 0.7578125 0.2207053578125 0.31640625 0.2207053578125 0.31640625 0.5449241078125 0.7578125 0.5449241078125 0.7578125 0.2207053578125
3 0.46875 0.5957053578125 0.41015625 0.5957053578125 0.41015625 0.6269553578125 0.46875 0.6269553578125 0.46875 0.5957053578125
3 0.421875 0.71875 0.3964866078125 0.71875 0.3964866078125 0.7421875 0.421875 0.7421875 0.421875 0.71875
3 0.375 0.62890625 0.35546875 0.62890625 0.35546875 0.6464866078125 0.375 0.6464866078125 0.375 0.62890625
3 0.2285178578125 0.37109375 0.1933616078125 0.37109375 0.1933616078125 0.40820535781249995 0.2285178578125 0.40820535781249995 0.2285178578125 0.37109375
3 0.984375 0.5390625 0.93359375 0.5390625 0.93359375 0.5859375 0.984375 0.5859375 0.984375 0.5390625
3 0.80078125 0.8125 0.75390625 0.8125 0.75390625 0.8417991078125 0.80078125 0.8417991078125 0.80078125 0.8125
8 0.1269553578125 0.8125 0.03515625 0.8125 0.03515625 0.9550803578125 0.1269553578125 0.9550803578125 0.1269553578125 0.8125
7 0.8125 0.8964866078125 0.6171875 0.8964866078125 0.6171875 0.9941428578125 0.8125 0.9941428578125 0.8125 0.8964866078125