3 0.45508035781249995 0.1308616078125 0.32421875 0.1308616078125 0.32421875 0.3359375 0.45508035781249995 0.3359375 0.45508035781249995 0.1308616078125
3 0.55078125 0.58203125 0.3203125 0.58203125 0.3203125 0.91796875 0.55078125 0.91796875 0.55078125 0.58203125
4 0.984375 0.1875 0.87109375 0.1875 0.87109375 0.4375 0.984375 0.4375 0.984375 0.1875
4 0.7558616078125 0.0625 0.68359375 0.0625 0.68359375 0.40234375 0.7558616078125 0.40234375 0.7558616078125 0.0625
4 0.9277366078125 0.45703125 0.83984375 0.45703125 0.83984375 0.7128928578125 0.9277366078125 0.7128928578125 0.9277366078125 0.45703125
4 0.27734375 0.7207053578125 0.0019553578125 0.7207053578125 0.0019553578125 0.9980491078125 0.27734375 0.9980491078125 0.27734375 0.7207053578125
3 0.23828125 0.6738303578125 0.203125 0.6738303578125 0.203125 0.71484375 0.23828125 0.71484375 0.23828125 0.6738303578125
8 0.1503928578125 0.046875 0.0839866078125 0.046875 0.0839866078125 0.1640625 0.1503928578125 0.1640625 0.1503928578125 0.046875
8 0.1464866078125 0.1425803578125 0.0566428578125 0.1425803578125 0.0566428578125 0.28125 0.1464866078125 0.28125 0.1464866078125 0.1425803578125
8 0.3496116078125 0.73046875 0.328125 0.73046875 0.328125 0.75 0.3496116078125 0.75 0.3496116078125 0.73046875
8 0.85546875 0.54296875 0.84375 0.54296875 0.84375 0.5722678578125 0.85546875 0.5722678578125 0.85546875 0.54296875
8 0.94140625 0.2109375 0.91796875 0.2109375 0.91796875 0.234375 0.94140625 0.234375 0.94140625 0.2109375
3 0.05078125 0.17578125 0.0214866078125 0.17578125 0.0214866078125 0.21484375 0.05078125 0.21484375 0.05078125 0.17578125
3 0.18359375 0.0449241078125 0.15234375 0.0449241078125 0.15234375 0.0761741078125 0.18359375 0.0761741078125 0.18359375 0.0449241078125
3 0.2558616078125 0.04296875 0.20703125 0.04296875 0.20703125 0.09375 0.2558616078125 0.09375 0.2558616078125 0.04296875
4 0.6933616078125 0.40625 0.6640625 0.40625 0.6640625 0.4375 0.6933616078125 0.4375 0.6933616078125 0.40625
4 0.79296875 0.1464866078125 0.7636741078125 0.1464866078125 0.7636741078125 0.1816428578125 0.79296875 0.1816428578125 0.79296875 0.1464866078125