8 0.109709821875 0.8005586593749999 0.0696830359375 0.8005586593749999 0.0696830359375 0.8645698328125 0.109709821875 0.8645698328125 0.109709821875 0.8005586593749999
8 0.1593794640625 0.9192960890625 0.095625 0.9192960890625 0.095625 0.9656815640625 0.1593794640625 0.9656815640625 0.1593794640625 0.9192960890625
8 0.037803571875000004 0.7820055859374999 0.01853125 0.7820055859374999 0.01853125 0.8116927374999999 0.037803571875000004 0.8116927374999999 0.037803571875000004 0.7820055859374999
8 0.056339285937500004 0.8283910609375 0.01853125 0.8283910609375 0.01853125 0.8645698328125 0.056339285937500004 0.8645698328125 0.056339285937500004 0.8283910609375
8 0 0.8098379890625 0.0103794640625 0.8098379890625 0.0103794640625 0.7393351953125 0 0.7393351953125 0 0.8098379890625
8 0.0837678578125 0.721709496875 0.039290178125000005 0.721709496875 0.039290178125000005 0.7597430171874999 0.0837678578125 0.7597430171874999 0.0837678578125 0.721709496875
8 0.45070535781250004 0.9777430171875 0.4277232140625 0.9777430171875 0.4277232140625 0.9990782125000001 0.45070535781250004 0.9990782125000001 0.45070535781250004 0.9777430171875
8 0.8124553578124999 0.23376536250000002 0.779834821875 0.23376536250000002 0.779834821875 0.2949944140625 0.8124553578124999 0.2949944140625 0.8124553578124999 0.23376536250000002
8 0.61453125 0.487944134375 0.5277991078125 0.487944134375 0.5277991078125 0.562156425 0.61453125 0.562156425 0.61453125 0.487944134375
8 0.8673080359374999 0.8849776531250001 0.6627142859374999 0.8849776531250001 0.6627142859374999 0.9990782125000001 0.8673080359374999 0.9990782125000001 0.8673080359374999 0.8849776531250001
8 0.8524821421875 0.7820055859374999 0.733875 0.7820055859374999 0.733875 0.9165139671875 0.8524821421875 0.9165139671875 0.8524821421875 0.7820055859374999
8 0.876946428125 0.6938826812500001 0.8428482140625 0.6938826812500001 0.8428482140625 0.753251396875 0.876946428125 0.753251396875 0.876946428125 0.6938826812500001
8 0.8428482140625 0.74118994375 0.8154196421875 0.74118994375 0.8154196421875 0.7801508375 0.8428482140625 0.7801508375 0.8428482140625 0.74118994375
3 0.44403125 0.838592178125 0.42327678593750007 0.838592178125 0.42327678593750007 0.8747709499999999 0.44403125 0.8747709499999999 0.44403125 0.838592178125
3 0.3558169640625 0.1660502796875 0.3328392859375 0.1660502796875 0.3328392859375 0.19758659218750002 0.3558169640625 0.19758659218750002 0.3558169640625 0.1660502796875
3 0.432915178125 0.15584357499999998 0.4106741078125 0.15584357499999998 0.4106741078125 0.1818212296875 0.432915178125 0.1818212296875 0.432915178125 0.15584357499999998
3 0.0793169640625 0.1576983234375 0.0518883921875 0.1576983234375 0.0518883921875 0.192022346875 0.0793169640625 0.192022346875 0.0793169640625 0.1576983234375
3 0.3669375 0.1252346375 0.3380267859375 0.1252346375 0.3380267859375 0.16975977656250002 0.3669375 0.16975977656250002 0.3669375 0.1252346375
8 0.208303571875 0.08534636875 0.19940625 0.08534636875 0.19940625 0.097402234375 0.208303571875 0.097402234375 0.208303571875 0.08534636875
8 0.2246116078125 0.098329609375 0.2053392859375 0.098329609375 0.2053392859375 0.1252346375 0.2246116078125 0.1252346375 0.2246116078125 0.098329609375
8 0.34840625 0.1706871515625 0.3387678578125 0.1706871515625 0.3387678578125 0.18274860312500002 0.34840625 0.18274860312500002 0.34840625 0.1706871515625
7 0.9058571421874999 0.8413743015625 0.61453125 0.8413743015625 0.61453125 0.995363128125 0.9058571421874999 0.995363128125 0.9058571421874999 0.8413743015625
3 0.232022321875 0.043597765625 0.163084821875 0.043597765625 0.163084821875 0.13172625625 0.232022321875 0.13172625625 0.232022321875 0.043597765625