4 0 0.29999450625 0.065803571875 0.29999450625 0.065803571875 0.1596923078125 0 0.1596923078125 0 0.29999450625
4 0.1482857140625 0.02395604375 0.065803571875 0.02395604375 0.065803571875 0.1209120875 0.1482857140625 0.1209120875 0.1482857140625 0.02395604375
4 0.060241071874999996 0.5657637359375001 0.0037053578125 0.5657637359375001 0.0037053578125 0.7619615390625001 0.060241071874999996 0.7619615390625001 0.060241071874999996 0.5657637359375001
7 0.059312500000000004 0.151708790625 0.006486607812500001 0.151708790625 0.006486607812500001 0.30113186875000003 0.059312500000000004 0.30113186875000003 0.059312500000000004 0.151708790625
7 0.1492142859375 0.0216703296875 0.06765625 0.0216703296875 0.06765625 0.12319230781249998 0.1492142859375 0.12319230781249998 0.1492142859375 0.0216703296875
7 0.0472678578125 0.562346153125 0.000928571875 0.562346153125 0.000928571875 0.753972528125 0.0472678578125 0.753972528125 0.0472678578125 0.562346153125
7 0.7618169640625 0.0011428578125 0.582946428125 0.0011428578125 0.582946428125 0.066159340625 0.7618169640625 0.066159340625 0.7618169640625 0.0011428578125
4 0.7627410718750001 0.0057032968750000005 0.58109375 0.0057032968750000005 0.58109375 0.073 0.7627410718750001 0.073 0.7627410718750001 0.0057032968750000005
4 0.2502321421875 0.707208790625 0.23447767812500003 0.707208790625 0.23447767812500003 0.7345824171875 0.2502321421875 0.7345824171875 0.2502321421875 0.707208790625
4 0.194625 0.64104945 0.1816517859375 0.64104945 0.1816517859375 0.6581593406249999 0.194625 0.6581593406249999 0.194625 0.64104945
4 0.1529196421875 0 0.1529196421875 0.0752857140625 0.353102678125 0.0752857140625 0.353102678125 0 0.1529196421875 0