1 0.39453125 0.2558616078125 0.27734375 0.2558616078125 0.27734375 0.3886741078125 0.39453125 0.3886741078125 0.39453125 0.2558616078125
1 0.2402366078125 0.2128928578125 0.1640625 0.2128928578125 0.1640625 0.3125 0.2402366078125 0.3125 0.2402366078125 0.2128928578125
1 0.5722678578125 0.5644553578125 0.04296875 0.5644553578125 0.04296875 0.99609375 0.5722678578125 0.99609375 0.5722678578125 0.5644553578125
1 0.9902366078125 0.7402366078125 0.578125 0.7402366078125 0.578125 0.9941428578125 0.9902366078125 0.9941428578125 0.9902366078125 0.7402366078125
8 0.3066428578125 0.2636741078125 0.28515625 0.2636741078125 0.28515625 0.2832053578125 0.3066428578125 0.2832053578125 0.3066428578125 0.2636741078125
8 0.3261741078125 0.28515625 0.3105491078125 0.28515625 0.3105491078125 0.30078125 0.3261741078125 0.30078125 0.3261741078125 0.28515625
8 0.3730491078125 0.2578125 0.3339866078125 0.2578125 0.3339866078125 0.3066428578125 0.3730491078125 0.3066428578125 0.3730491078125 0.2578125
8 0.1777366078125 0.23046875 0.1660178578125 0.23046875 0.1660178578125 0.2558616078125 0.1777366078125 0.2558616078125 0.1777366078125 0.23046875
8 0.2519553578125 0.3261741078125 0.2363303578125 0.3261741078125 0.2363303578125 0.3535178578125 0.2519553578125 0.3535178578125 0.2519553578125 0.3261741078125
4 0.21875 0.2558616078125 0.1953125 0.2558616078125 0.1953125 0.27734375 0.21875 0.27734375 0.21875 0.2558616078125
4 0.3066428578125 0.3066428578125 0.28515625 0.3066428578125 0.28515625 0.34375 0.3066428578125 0.34375 0.3066428578125 0.3066428578125
3 0.48633035781249995 0.12109375 0.46484375 0.12109375 0.46484375 0.15234375 0.48633035781249995 0.15234375 0.48633035781249995 0.12109375
5 0.34375 0.40039285781249995 0.13671875 0.40039285781249995 0.13671875 0.57421875 0.34375 0.57421875 0.34375 0.40039285781249995