7 0.567084821875 0.49814525156249995 0.0103794640625 0.49814525156249995 0.0103794640625 0.9897988828125 0.567084821875 0.9897988828125 0.567084821875 0.49814525156249995
3 0.475165178125 0.323748603125 0.4143794640625 0.323748603125 0.4143794640625 0.39888826875 0.475165178125 0.39888826875 0.475165178125 0.323748603125
3 0.43810267812500003 0.0714301671875 0.392883928125 0.0714301671875 0.392883928125 0.1345083796875 0.43810267812500003 0.1345083796875 0.43810267812500003 0.0714301671875
8 0.9532991078125 0.35621787656250004 0.9340267859375 0.35621787656250004 0.9340267859375 0.3803351953125 0.9532991078125 0.3803351953125 0.9532991078125 0.35621787656250004
8 0.95996875 0.378480446875 0.9436607140625 0.378480446875 0.9436607140625 0.40259776562500005 0.95996875 0.40259776562500005 0.95996875 0.378480446875
8 0.7924375 0.0992569828125 0.7531517859375 0.0992569828125 0.7531517859375 0.128016759375 0.7924375 0.128016759375 0.7924375 0.0992569828125
8 0.8161607140625 0.08534636875 0.7939196421875 0.08534636875 0.7939196421875 0.0992569828125 0.8161607140625 0.0992569828125 0.8161607140625 0.08534636875
8 0.8295044640624999 0.054731843749999995 0.8131964281249999 0.054731843749999995 0.8131964281249999 0.0677206703125 0.8295044640624999 0.0677206703125 0.8295044640624999 0.054731843749999995
8 0.8806517859375 0.0473072625 0.8724999999999999 0.0473072625 0.8724999999999999 0.06957541874999999 0.8806517859375 0.06957541874999999 0.8806517859375 0.0473072625
8 0.8272812500000001 0.21335754218749997 0.7939196421875 0.21335754218749997 0.7939196421875 0.25324580937499996 0.8272812500000001 0.25324580937499996 0.8272812500000001 0.21335754218749997
8 0.8665669640625 0.20501117343750003 0.8406205359375001 0.20501117343750003 0.8406205359375001 0.230983240625 0.8665669640625 0.230983240625 0.8665669640625 0.20501117343750003
8 0.6901428578125001 0.20686592187500003 0.65159375 0.20686592187500003 0.65159375 0.24304469218750002 0.6901428578125001 0.24304469218750002 0.6901428578125001 0.20686592187500003
8 0.714602678125 0.2291284921875 0.6819866078125 0.2291284921875 0.6819866078125 0.26159776562500003 0.714602678125 0.26159776562500003 0.714602678125 0.2291284921875
8 0.8665669640625 0.4053798875 0.7902142859375 0.4053798875 0.7902142859375 0.457329609375 0.8665669640625 0.457329609375 0.8665669640625 0.4053798875
8 0.1067455359375 0.097402234375 0.07190625 0.097402234375 0.07190625 0.12430726249999999 0.1067455359375 0.12430726249999999 0.1067455359375 0.097402234375
8 0.4091919640625 0.14378770937500002 0.3780580359375 0.14378770937500002 0.3780580359375 0.16419553125 0.4091919640625 0.16419553125 0.4091919640625 0.14378770937500002
8 0.40622767812499994 0.105754190625 0.3899196421875 0.105754190625 0.3899196421875 0.128016759375 0.40622767812499994 0.128016759375 0.40622767812499994 0.105754190625
8 0.4366205359375 0.0677206703125 0.39955357187499996 0.0677206703125 0.39955357187499996 0.0872011171875 0.4366205359375 0.0872011171875 0.4366205359375 0.0677206703125
5 0.9873973218750001 0.0222625703125 0.46775446406250004 0.0222625703125 0.46775446406250004 0.635441340625 0.9873973218750001 0.635441340625 0.9873973218750001 0.0222625703125
3 0.6263883921875 0.246754190625 0.601928571875 0.246754190625 0.601928571875 0.277368715625 0.6263883921875 0.277368715625 0.6263883921875 0.246754190625
3 0.8228303578125 0.14564245781250001 0.7642678578125001 0.14564245781250001 0.7642678578125001 0.25603352031250004 0.8228303578125 0.25603352031250004 0.8228303578125 0.14564245781250001
3 0.890290178125 0.1382178765625 0.8576741078125 0.1382178765625 0.8576741078125 0.21150279374999997 0.890290178125 0.21150279374999997 0.890290178125 0.1382178765625
3 0.8850982140625 0.0788491625 0.870272321875 0.0788491625 0.870272321875 0.10018435781249999 0.8850982140625 0.10018435781249999 0.8850982140625 0.0788491625
3 0.9873973218750001 0.2003743015625 0.95996875 0.2003743015625 0.95996875 0.25231843593750003 0.9873973218750001 0.25231843593750003 0.9873973218750001 0.2003743015625
3 0.90140625 0.22263687187499998 0.8813928578124999 0.22263687187499998 0.8813928578124999 0.2495363125 0.90140625 0.2495363125 0.90140625 0.22263687187499998
3 0.9036339281249999 0.26994413437500003 0.8591562500000001 0.26994413437500003 0.8591562500000001 0.30983240156249997 0.9036339281249999 0.30983240156249997 0.9036339281249999 0.26994413437500003
3 0.9080803578125 0.58627374375 0.8880669640625 0.58627374375 0.8880669640625 0.6066815640625001 0.9080803578125 0.6066815640625001 0.9080803578125 0.58627374375
3 0.9710892859375001 0.4842346375 0.9547812499999999 0.4842346375 0.9547812499999999 0.50742458125 0.9710892859375001 0.50742458125 0.9710892859375001 0.4842346375
3 0.109709821875 0.082558659375 0.0555982140625 0.082558659375 0.0555982140625 0.14842458125 0.109709821875 0.14842458125 0.109709821875 0.082558659375
3 0.4277232140625 0.10018435781249999 0.357303571875 0.10018435781249999 0.357303571875 0.1725419 0.4277232140625 0.1725419 0.4277232140625 0.10018435781249999
2 0.9977767859375 0.2680893859375 0.000741071875 0.2680893859375 0.000741071875 0.9981508375000001 0.9977767859375 0.9981508375000001 0.9977767859375 0.2680893859375