7 0.2816919640625 0.026899440625 0.0037053578125 0.026899440625 0.0037053578125 0.7541787703125 0.2816919640625 0.7541787703125 0.2816919640625 0.026899440625
7 0.161602678125 0.9192960890625 0.095625 0.9192960890625 0.095625 0.9888715078124999 0.161602678125 0.9888715078124999 0.161602678125 0.9192960890625
7 0.39140178593749997 0.8868324015625 0.30466964218750003 0.8868324015625 0.30466964218750003 0.995363128125 0.39140178593749997 0.995363128125 0.39140178593749997 0.8868324015625
8 0.3387678578125 0.3218938546875 0.307633928125 0.3218938546875 0.307633928125 0.3886871515625 0.3387678578125 0.3886871515625 0.3387678578125 0.3218938546875
7 0.0689419640625 0.47866480468750006 0.0103794640625 0.47866480468750006 0.0103794640625 0.619670390625 0.0689419640625 0.619670390625 0.0689419640625 0.47866480468750006
8 0.761303571875 0.3886871515625 0.7405491078125 0.3886871515625 0.7405491078125 0.4155865921875 0.761303571875 0.4155865921875 0.761303571875 0.3886871515625
8 0.910303571875 0.4350670390625 0.8925133921875 0.4350670390625 0.8925133921875 0.480519553125 0.910303571875 0.480519553125 0.910303571875 0.4350670390625
8 0.9777633921875 0.8218938546875 0.9577455359375 0.8218938546875 0.9577455359375 0.8534357546875 0.9777633921875 0.8534357546875 0.9777633921875 0.8218938546875
5 0.9896205359374999 0.018553071875 0.40696875 0.018553071875 0.40696875 0.9684636875000001 0.9896205359374999 0.9684636875000001 0.9896205359374999 0.018553071875
3 0.2957767859375 0.00927374375 0.1564107140625 0.00927374375 0.1564107140625 0.4007430171875 0.2957767859375 0.4007430171875 0.2957767859375 0.00927374375
8 0.7916964281250001 0.28664245781250003 0.7813214281249999 0.28664245781250003 0.7813214281249999 0.308905028125 0.7916964281250001 0.308905028125 0.7916964281250001 0.28664245781250003
8 0.7746473218750001 0.293134078125 0.7642678578125001 0.293134078125 0.7642678578125001 0.3135474859375 0.7746473218750001 0.3135474859375 0.7746473218750001 0.293134078125
8 0.7316517859375 0.4777374296875 0.7220178578125 0.4777374296875 0.7220178578125 0.49258100625 0.7316517859375 0.49258100625 0.7316517859375 0.4777374296875
8 0.5366919640625001 0.33488268125 0.5263169640625 0.33488268125 0.5263169640625 0.3460111734375 0.5366919640625001 0.3460111734375 0.5366919640625001 0.33488268125
8 0.565602678125 0.120592178125 0.555227678125 0.120592178125 0.555227678125 0.136363128125 0.565602678125 0.136363128125 0.565602678125 0.120592178125
8 0.5507767859375 0.141 0.5411428578125 0.141 0.5411428578125 0.159553071875 0.5507767859375 0.159553071875 0.5507767859375 0.141
8 0.5515178578125 0.17346927343750002 0.5396607140625 0.17346927343750002 0.5396607140625 0.187385475 0.5515178578125 0.187385475 0.5515178578125 0.17346927343750002
8 0.587102678125 0.246754190625 0.5745 0.246754190625 0.5745 0.2680893859375 0.587102678125 0.2680893859375 0.587102678125 0.246754190625
8 0.6723482140625 0.058441340625000004 0.6493705359375 0.058441340625000004 0.6493705359375 0.0834860328125 0.6723482140625 0.0834860328125 0.6723482140625 0.058441340625000004
8 0.6530758921875 0.027826815625 0.638991071875 0.027826815625 0.638991071875 0.0454525140625 0.6530758921875 0.0454525140625 0.6530758921875 0.027826815625
8 0.7398080359375 0.1233798875 0.7286875 0.1233798875 0.7286875 0.141927375 0.7398080359375 0.141927375 0.7398080359375 0.1233798875
8 0.4773928578125 0.4582569828125 0.46775446406250004 0.4582569828125 0.46775446406250004 0.47681005625 0.4773928578125 0.47681005625 0.4773928578125 0.4582569828125
8 0.4640491078125 0.46382122968750006 0.45292857187499996 0.46382122968750006 0.45292857187499996 0.480519553125 0.4640491078125 0.480519553125 0.4640491078125 0.46382122968750006
8 0.475165178125 0.49721787656250005 0.45885714218749996 0.49721787656250005 0.45885714218749996 0.514843575 0.475165178125 0.514843575 0.475165178125 0.49721787656250005
8 0.5092678578125 0.7745865921874999 0.4988883921875 0.7745865921874999 0.4988883921875 0.7940670390625 0.5092678578125 0.7940670390625 0.5092678578125 0.7745865921874999
3 0.8161607140625 0.18089385468750002 0.796147321875 0.18089385468750002 0.796147321875 0.238407821875 0.8161607140625 0.238407821875 0.8161607140625 0.18089385468750002
3 0.5745 0.2356201125 0.5507767859375 0.2356201125 0.5507767859375 0.269016759375 0.5745 0.269016759375 0.5745 0.2356201125
3 0.556709821875 0.355290503125 0.5411428578125 0.355290503125 0.5411428578125 0.378480446875 0.556709821875 0.378480446875 0.556709821875 0.355290503125
3 0.52409375 0.4239329609375 0.43884375000000003 0.4239329609375 0.43884375000000003 0.7207821234375 0.52409375 0.7207821234375 0.52409375 0.4239329609375