3 0.238696428125 0.8664245812500001 0.11638392812500001 0.8664245812500001 0.11638392812500001 0.9972234640625001 0.238696428125 0.9972234640625001 0.238696428125 0.8664245812500001
3 0.3328392859375 0.338592178125 0.31060267812500003 0.338592178125 0.31060267812500003 0.379407821875 0.3328392859375 0.379407821875 0.3328392859375 0.338592178125
3 0.3521116078125 0.3571452515625 0.3380267859375 0.3571452515625 0.3380267859375 0.38311731875 0.3521116078125 0.38311731875 0.3521116078125 0.3571452515625
3 0.22090625 0.5788547484375 0.2090446421875 0.5788547484375 0.2090446421875 0.612245809375 0.22090625 0.612245809375 0.22090625 0.5788547484375
3 0.24017857187499997 0.5769944140625001 0.22683482187499998 0.5769944140625001 0.22683482187499998 0.612245809375 0.24017857187499997 0.612245809375 0.24017857187499997 0.5769944140625001
8 0.1223125 0.0936927375 0.07635267812499999 0.0936927375 0.07635267812499999 0.1493519546875 0.1223125 0.1493519546875 0.1223125 0.0936927375
8 0.2157142859375 0.38311731875 0.18532142812500002 0.38311731875 0.18532142812500002 0.42950279374999994 0.2157142859375 0.42950279374999994 0.2157142859375 0.38311731875
8 0.1979241078125 0.5102067046875 0.1704955359375 0.5102067046875 0.1704955359375 0.589055865625 0.1979241078125 0.589055865625 0.1979241078125 0.5102067046875
8 0.2483303578125 0.5844189937500001 0.23647321406250002 0.5844189937500001 0.23647321406250002 0.6233798875 0.2483303578125 0.6233798875 0.2483303578125 0.5844189937500001
8 0.25278125 0.362709496875 0.238696428125 0.362709496875 0.238696428125 0.386826815625 0.25278125 0.386826815625 0.25278125 0.362709496875
8 0.2802053578125 0.359 0.2594508921875 0.359 0.2594508921875 0.3849720671875 0.2802053578125 0.3849720671875 0.2802053578125 0.359
8 0.3973303578125 0.26067039062499997 0.3721294640625 0.26067039062499997 0.3721294640625 0.2922067046875 0.3973303578125 0.2922067046875 0.3973303578125 0.26067039062499997
8 0.309116071875 0.3209664796875 0.29429017812499997 0.3209664796875 0.29429017812499997 0.340446928125 0.309116071875 0.340446928125 0.309116071875 0.3209664796875
8 0.2223883921875 0.9026033515625 0.20608035781249998 0.9026033515625 0.20608035781249998 0.9230111734375 0.2223883921875 0.9230111734375 0.2223883921875 0.9026033515625
8 0.193477678125 0.9267206703124999 0.1756875 0.9267206703124999 0.1756875 0.9434189937499999 0.193477678125 0.9434189937499999 0.193477678125 0.9267206703124999
8 0.161602678125 0.9814525140624999 0.13713839218749999 0.9814525140624999 0.13713839218749999 0.9972234640625001 0.161602678125 0.9972234640625001 0.161602678125 0.9814525140624999
8 0.1519642859375 0.9387821234375 0.1289866078125 0.9387821234375 0.1289866078125 0.9610446921875001 0.1519642859375 0.9610446921875001 0.1519642859375 0.9387821234375
8 0.17420089218749998 0.88219553125 0.1423258921875 0.88219553125 0.1423258921875 0.9063128484374999 0.17420089218749998 0.9063128484374999 0.17420089218749998 0.88219553125
8 0.14158482187500002 0.918368715625 0.1208303578125 0.918368715625 0.1208303578125 0.9434189937499999 0.14158482187500002 0.9434189937499999 0.14158482187500002 0.918368715625
7 0.955522321875 0.612245809375 0.3765758921875 0.612245809375 0.3765758921875 0.9972234640625001 0.955522321875 0.9972234640625001 0.955522321875 0.612245809375
5 0.4840625 0.000927375 0.000741071875 0.000927375 0.000741071875 0.703156425 0.4840625 0.703156425 0.4840625 0.000927375
3 0.29503124999999997 0.2875698328125 0.2750178578125 0.2875698328125 0.2750178578125 0.307977653125 0.29503124999999997 0.307977653125 0.29503124999999997 0.2875698328125
3 0.22683482187499998 0.5055698328125 0.200147321875 0.5055698328125 0.200147321875 0.535251396875 0.22683482187499998 0.535251396875 0.22683482187499998 0.5055698328125
3 0.2157142859375 0.8812625703125001 0.1927366078125 0.8812625703125001 0.1927366078125 0.909094971875 0.2157142859375 0.909094971875 0.2157142859375 0.8812625703125001
8 0.171977678125 0.48237430156250005 0.1593794640625 0.48237430156250005 0.1593794640625 0.5009273750000001 0.171977678125 0.5009273750000001 0.171977678125 0.48237430156250005
8 0.1793928578125 0.46103910625 0.1697544640625 0.46103910625 0.1697544640625 0.4740279328125 0.1793928578125 0.4740279328125 0.1793928578125 0.46103910625
5 0.2861383921875 0.41280446875 0.225352678125 0.41280446875 0.225352678125 0.49165363125 0.2861383921875 0.49165363125 0.2861383921875 0.41280446875