8 0.9199241078125 0.6386741078125 0.7753928578125 0.6386741078125 0.7753928578125 0.76171875 0.9199241078125 0.76171875 0.9199241078125 0.6386741078125
8 0.87890625 0.5449241078125 0.8203125 0.5449241078125 0.8203125 0.6308616078125 0.87890625 0.6308616078125 0.87890625 0.5449241078125
8 0.8769553578125 0.3300803578125 0.83984375 0.3300803578125 0.83984375 0.42383035781249995 0.8769553578125 0.42383035781249995 0.8769553578125 0.3300803578125
8 0.7578125 0.5878928578125 0.6621116078125 0.5878928578125 0.6621116078125 0.6542991078125 0.7578125 0.6542991078125 0.7578125 0.5878928578125
8 0.6582053578125 0.6582053578125 0.6015625 0.6582053578125 0.6015625 0.7109375 0.6582053578125 0.7109375 0.6582053578125 0.6582053578125
4 0.6113303578125 0.2441428578125 0.5683616078125 0.2441428578125 0.5683616078125 0.32421875 0.6113303578125 0.32421875 0.6113303578125 0.2441428578125
4 0.6796875 0.2675803578125 0.6484375 0.2675803578125 0.6484375 0.33984375 0.6796875 0.33984375 0.6796875 0.2675803578125
4 0.703125 0 0.703125 0.0605491078125 0.7578125 0.0605491078125 0.7578125 0 0.703125 0
4 0.2089866078125 0.02734375 0.14453125 0.02734375 0.14453125 0.07421875 0.2089866078125 0.07421875 0.2089866078125 0.02734375
4 0.41015625 0.2734375 0.3378928578125 0.2734375 0.3378928578125 0.3730491078125 0.41015625 0.3730491078125 0.41015625 0.2734375
4 0.46289285781249995 0.40234375 0.40429910781249995 0.40234375 0.40429910781249995 0.5234375 0.46289285781249995 0.5234375 0.46289285781249995 0.40234375
5 0.484375 0.20703125 0.10546875 0.20703125 0.10546875 0.7890625 0.484375 0.7890625 0.484375 0.20703125
1 0.2988303578125 0.23046875 0.07421875 0.23046875 0.07421875 0.6503928578125 0.2988303578125 0.6503928578125 0.2988303578125 0.23046875
1 0.47851785781249995 0.37890625 0.265625 0.37890625 0.265625 0.7753928578125 0.47851785781249995 0.7753928578125 0.47851785781249995 0.37890625
7 0.98828125 0.7871116078125 0.7832053578125 0.7871116078125 0.7832053578125 0.9941428578125 0.98828125 0.9941428578125 0.98828125 0.7871116078125
4 0.73046875 0.8105491078125 0.5859375 0.8105491078125 0.5859375 0.9433616078125 0.73046875 0.9433616078125 0.73046875 0.8105491078125
4 0.7558616078125 0.5996116078125 0.6875 0.5996116078125 0.6875 0.62890625 0.7558616078125 0.62890625 0.7558616078125 0.5996116078125
4 0.6582053578125 0.6640625 0.62890625 0.6640625 0.62890625 0.6972678578125 0.6582053578125 0.6972678578125 0.6582053578125 0.6640625
4 0.8613303578125 0.546875 0.84375 0.546875 0.84375 0.62109375 0.8613303578125 0.62109375 0.8613303578125 0.546875
4 0.87890625 0.3359375 0.84375 0.3359375 0.84375 0.38671875 0.87890625 0.38671875 0.87890625 0.3359375
4 0.9980491078125 0.2871116078125 0.9746116078125 0.2871116078125 0.9746116078125 0.375 0.9980491078125 0.375 0.9980491078125 0.2871116078125