4 0.875 0.84765625 0.82421875 0.84765625 0.82421875 0.9707053578125 0.875 0.9707053578125 0.875 0.84765625
4 0.81640625 0.2441428578125 0.7363303578125 0.2441428578125 0.7363303578125 0.3769553578125 0.81640625 0.3769553578125 0.81640625 0.2441428578125
4 0.921875 0.3105491078125 0.87890625 0.3105491078125 0.87890625 0.40625 0.921875 0.40625 0.921875 0.3105491078125
4 0.01171875 0 0.01171875 0.9785178578125 0.46679910781249995 0.9785178578125 0.46679910781249995 0 0.01171875 0
4 0.5917991078125 0.4140625 0.5136741078125 0.4140625 0.5136741078125 0.6953125 0.5917991078125 0.6953125 0.5917991078125 0.4140625
4 0.6972678578125 0.1074241078125 0.62109375 0.1074241078125 0.62109375 0.3027366078125 0.6972678578125 0.3027366078125 0.6972678578125 0.1074241078125
4 0.8847678578125 0.0019553578125 0.70703125 0.0019553578125 0.70703125 0.2207053578125 0.8847678578125 0.2207053578125 0.8847678578125 0.0019553578125
4 0.8261741078125 0.453125 0.71484375 0.453125 0.71484375 0.6503928578125 0.8261741078125 0.6503928578125 0.8261741078125 0.453125
4 0.9902366078125 0.46289285781249995 0.9121116078125 0.46289285781249995 0.9121116078125 0.6308616078125 0.9902366078125 0.6308616078125 0.9902366078125 0.46289285781249995
4 0.6894553578125 0.79296875 0.65234375 0.79296875 0.65234375 0.89453125 0.6894553578125 0.89453125 0.6894553578125 0.79296875
4 0.7714866078125 0.86328125 0.7011741078125 0.86328125 0.7011741078125 0.94140625 0.7714866078125 0.94140625 0.7714866078125 0.86328125
4 0.6972678578125 0.359375 0.5996116078125 0.359375 0.5996116078125 0.5683616078125 0.6972678578125 0.5683616078125 0.6972678578125 0.359375
4 0.84765625 0.6621116078125 0.8125 0.6621116078125 0.8125 0.7734375 0.84765625 0.7734375 0.84765625 0.6621116078125
4 0.9921875 0.8066428578125 0.9667991078125 0.8066428578125 0.9667991078125 0.8574241078125 0.9921875 0.8574241078125 0.9921875 0.8066428578125
4 0.9453125 0.84765625 0.8730491078125 0.84765625 0.8730491078125 0.9042991078125 0.9453125 0.9042991078125 0.9453125 0.84765625
4 0.5546875 0.1425803578125 0.5097678578125 0.1425803578125 0.5097678578125 0.2285178578125 0.5546875 0.2285178578125 0.5546875 0.1425803578125
4 0.4453125 0 0.4453125 0.12109375 0.7246116078125 0.12109375 0.7246116078125 0 0.4453125 0
4 0.90625 0.3457053578125 0.828125 0.3457053578125 0.828125 0.421875 0.90625 0.421875 0.90625 0.3457053578125
4 0.53125 0.5996116078125 0.46679910781249995 0.5996116078125 0.46679910781249995 0.7207053578125 0.53125 0.7207053578125 0.53125 0.5996116078125
4 0.9082053578125 0.7089866078125 0.85546875 0.7089866078125 0.85546875 0.8339866078125 0.9082053578125 0.8339866078125 0.9082053578125 0.7089866078125
4 0.9199241078125 0.41211160781249995 0.8222678578125 0.41211160781249995 0.8222678578125 0.6035178578125 0.9199241078125 0.6035178578125 0.9199241078125 0.41211160781249995