4 0.9980491078125 0.1425803578125 0.94140625 0.1425803578125 0.94140625 0.2421875 0.9980491078125 0.2421875 0.9980491078125 0.1425803578125
4 0.9980491078125 0.63671875 0.9609375 0.63671875 0.9609375 0.7324241078125 0.9980491078125 0.7324241078125 0.9980491078125 0.63671875
4 0.9453125 0.7558616078125 0.91015625 0.7558616078125 0.91015625 0.8125 0.9453125 0.8125 0.9453125 0.7558616078125
4 0.3964866078125 0.5878928578125 0.3378928578125 0.5878928578125 0.3378928578125 0.6425803578125 0.3964866078125 0.6425803578125 0.3964866078125 0.5878928578125
4 0.2871116078125 0.0019553578125 0.11328125 0.0019553578125 0.11328125 0.0410178578125 0.2871116078125 0.0410178578125 0.2871116078125 0.0019553578125
4 0.47070535781249995 0.1875 0.3417991078125 0.1875 0.3417991078125 0.2441428578125 0.47070535781249995 0.2441428578125 0.47070535781249995 0.1875
8 0.3984375 0.28515625 0.33203125 0.28515625 0.33203125 0.328125 0.3984375 0.328125 0.3984375 0.28515625
8 0.234375 0.2128928578125 0.1894553578125 0.2128928578125 0.1894553578125 0.2636741078125 0.234375 0.2636741078125 0.234375 0.2128928578125
8 0.2285178578125 0.1640625 0.17578125 0.1640625 0.17578125 0.19921875 0.2285178578125 0.19921875 0.2285178578125 0.1640625
8 0.3261741078125 0.1484375 0.2792991078125 0.1484375 0.2792991078125 0.1796875 0.3261741078125 0.1796875 0.3261741078125 0.1484375
5 0.3925803578125 0.3964866078125 0.0644553578125 0.3964866078125 0.0644553578125 0.83203125 0.3925803578125 0.83203125 0.3925803578125 0.3964866078125
4 0.53515625 0.40234375 0.24609375 0.40234375 0.24609375 0.5449241078125 0.53515625 0.5449241078125 0.53515625 0.40234375
4 0.7832053578125 0.55859375 0.5605491078125 0.55859375 0.5605491078125 0.8222678578125 0.7832053578125 0.8222678578125 0.7832053578125 0.55859375
4 0.3886741078125 0.28515625 0.33203125 0.28515625 0.33203125 0.3203125 0.3886741078125 0.3203125 0.3886741078125 0.28515625
4 0.2324241078125 0.21484375 0.1933616078125 0.21484375 0.1933616078125 0.265625 0.2324241078125 0.265625 0.2324241078125 0.21484375
4 0.2207053578125 0.16796875 0.1777366078125 0.16796875 0.1777366078125 0.203125 0.2207053578125 0.203125 0.2207053578125 0.16796875
4 0.3261741078125 0.14453125 0.2675803578125 0.14453125 0.2675803578125 0.1816428578125 0.3261741078125 0.1816428578125 0.3261741078125 0.14453125
4 0.3828125 0.0917991078125 0.33984375 0.0917991078125 0.33984375 0.1269553578125 0.3828125 0.1269553578125 0.3828125 0.0917991078125
4 0.3613303578125 0.02734375 0.2871116078125 0.02734375 0.2871116078125 0.06640625 0.3613303578125 0.06640625 0.3613303578125 0.02734375
4 0.421875 0.0175803578125 0.3730491078125 0.0175803578125 0.3730491078125 0.0371116078125 0.421875 0.0371116078125 0.421875 0.0175803578125
4 0.40429910781249995 0.6621116078125 0.3769553578125 0.6621116078125 0.3769553578125 0.7011741078125 0.40429910781249995 0.7011741078125 0.40429910781249995 0.6621116078125