5 0.7734375 0.0175803578125 0.01171875 0.0175803578125 0.01171875 0.7519553578125 0.7734375 0.7519553578125 0.7734375 0.0175803578125
3 0.2910178578125 0.7285178578125 0.18359375 0.7285178578125 0.18359375 0.8613303578125 0.2910178578125 0.8613303578125 0.2910178578125 0.7285178578125
3 0.3203125 0.91796875 0.2519553578125 0.91796875 0.2519553578125 0.98828125 0.3203125 0.98828125 0.3203125 0.91796875
3 0.38671875 0.90625 0.3359375 0.90625 0.3359375 0.9550803578125 0.38671875 0.9550803578125 0.38671875 0.90625
4 0.796875 0.8769553578125 0.5566428578125 0.8769553578125 0.5566428578125 0.984375 0.796875 0.984375 0.796875 0.8769553578125
4 0.2050803578125 0.1777366078125 0.04296875 0.1777366078125 0.04296875 0.40039285781249995 0.2050803578125 0.40039285781249995 0.2050803578125 0.1777366078125
8 0.39453125 0.2949241078125 0.3828125 0.2949241078125 0.3828125 0.3066428578125 0.39453125 0.3066428578125 0.39453125 0.2949241078125
8 0.40039285781249995 0.73046875 0.38671875 0.73046875 0.38671875 0.7402366078125 0.40039285781249995 0.7402366078125 0.40039285781249995 0.73046875
8 0.43554910781249995 0.6542991078125 0.40429910781249995 0.6542991078125 0.40429910781249995 0.671875 0.43554910781249995 0.671875 0.43554910781249995 0.6542991078125
8 0.65625 0.55078125 0.6308616078125 0.55078125 0.6308616078125 0.5761741078125 0.65625 0.5761741078125 0.65625 0.55078125
8 0.5253928578125 0.5332053578125 0.5136741078125 0.5332053578125 0.5136741078125 0.546875 0.5253928578125 0.546875 0.5253928578125 0.5332053578125
8 0.6074241078125 0.49804910781249995 0.59765625 0.49804910781249995 0.59765625 0.51171875 0.6074241078125 0.51171875 0.6074241078125 0.49804910781249995
8 0.66015625 0.94921875 0.6191428578125 0.94921875 0.6191428578125 0.9941428578125 0.66015625 0.9941428578125 0.66015625 0.94921875
8 0.296875 0.9316428578125 0.27734375 0.9316428578125 0.27734375 0.9550803578125 0.296875 0.9550803578125 0.296875 0.9316428578125
4 0.7890625 0.8222678578125 0.76171875 0.8222678578125 0.76171875 0.86328125 0.7890625 0.86328125 0.7890625 0.8222678578125
3 0.359375 0.8105491078125 0.2988303578125 0.8105491078125 0.2988303578125 0.87109375 0.359375 0.87109375 0.359375 0.8105491078125
3 0.1738303578125 0.8730491078125 0.1503928578125 0.8730491078125 0.1503928578125 0.9042991078125 0.1738303578125 0.9042991078125 0.1738303578125 0.8730491078125
3 0.5410178578125 0.9394553578125 0.48633035781249995 0.9394553578125 0.48633035781249995 0.9980491078125 0.5410178578125 0.9980491078125 0.5410178578125 0.9394553578125