4 0.1582053578125 0.1308616078125 0.1171875 0.1308616078125 0.1171875 0.1953125 0.1582053578125 0.1953125 0.1582053578125 0.1308616078125
4 0.2578125 0.06640625 0.20703125 0.06640625 0.20703125 0.1328125 0.2578125 0.1328125 0.2578125 0.06640625
7 0.9375 0.9003928578125 0.6855491078125 0.9003928578125 0.6855491078125 0.984375 0.9375 0.984375 0.9375 0.9003928578125
5 0.99609375 0.01953125 0.5878928578125 0.01953125 0.5878928578125 0.5917991078125 0.99609375 0.5917991078125 0.99609375 0.01953125
5 0.7792991078125 0.58984375 0.41601785781249995 0.58984375 0.41601785781249995 0.8203125 0.7792991078125 0.8203125 0.7792991078125 0.58984375
4 0.0371116078125 0.19140625 0.0214866078125 0.19140625 0.0214866078125 0.22265625 0.0371116078125 0.22265625 0.0371116078125 0.19140625
4 0.08203125 0.2402366078125 0.0605491078125 0.2402366078125 0.0605491078125 0.2753928578125 0.08203125 0.2753928578125 0.08203125 0.2402366078125
4 0.0605491078125 0.2753928578125 0.0332053578125 0.2753928578125 0.0332053578125 0.3027366078125 0.0605491078125 0.3027366078125 0.0605491078125 0.2753928578125
4 0.12109375 0.2714866078125 0.08984375 0.2714866078125 0.08984375 0.3027366078125 0.12109375 0.3027366078125 0.12109375 0.2714866078125
4 0.09765625 0.2988303578125 0.0703125 0.2988303578125 0.0703125 0.3300803578125 0.09765625 0.3300803578125 0.09765625 0.2988303578125
4 0.0683616078125 0.33203125 0.0390625 0.33203125 0.0390625 0.3652366078125 0.0683616078125 0.3652366078125 0.0683616078125 0.33203125
4 0.03125 0.3808616078125 0.0097678578125 0.3808616078125 0.0097678578125 0.41211160781249995 0.03125 0.41211160781249995 0.03125 0.3808616078125
4 0.1542991078125 0.921875 0.10546875 0.921875 0.10546875 0.98828125 0.1542991078125 0.98828125 0.1542991078125 0.921875
8 0.1464866078125 0.9316428578125 0.125 0.9316428578125 0.125 0.984375 0.1464866078125 0.984375 0.1464866078125 0.9316428578125