5 0.65234375 0.2167991078125 0.2421875 0.2167991078125 0.2421875 0.578125 0.65234375 0.578125 0.65234375 0.2167991078125
3 0.9746116078125 0.0839866078125 0.6542991078125 0.0839866078125 0.6542991078125 0.296875 0.9746116078125 0.296875 0.9746116078125 0.0839866078125
3 0.6035178578125 0.6621116078125 0.47070535781249995 0.6621116078125 0.47070535781249995 0.98828125 0.6035178578125 0.98828125 0.6035178578125 0.6621116078125
3 0.27734375 0.6328125 0.1738303578125 0.6328125 0.1738303578125 0.734375 0.27734375 0.734375 0.27734375 0.6328125
3 0.8828125 0.40429910781249995 0.78515625 0.40429910781249995 0.78515625 0.48828125 0.8828125 0.48828125 0.8828125 0.40429910781249995
3 0.9863303578125 0.50390625 0.8828125 0.50390625 0.8828125 0.63671875 0.9863303578125 0.63671875 0.9863303578125 0.50390625
4 0.5703125 0.83203125 0.49023660781249995 0.83203125 0.49023660781249995 0.9863303578125 0.5703125 0.9863303578125 0.5703125 0.83203125
4 0.8027366078125 0.41601785781249995 0.7832053578125 0.41601785781249995 0.7832053578125 0.45898660781249995 0.8027366078125 0.45898660781249995 0.8027366078125 0.41601785781249995
4 0.87109375 0.44726785781249995 0.84765625 0.44726785781249995 0.84765625 0.48242410781249995 0.87109375 0.48242410781249995 0.87109375 0.44726785781249995
4 0.9160178578125 0.1503928578125 0.8886741078125 0.1503928578125 0.8886741078125 0.1933616078125 0.9160178578125 0.1933616078125 0.9160178578125 0.1503928578125
4 0.265625 0.6503928578125 0.2324241078125 0.6503928578125 0.2324241078125 0.72265625 0.265625 0.72265625 0.265625 0.6503928578125
4 0.025392857812500003 0.41796875 0.00390625 0.41796875 0.00390625 0.4453125 0.025392857812500003 0.4453125 0.025392857812500003 0.41796875
4 0.94140625 0.5527366078125 0.90625 0.5527366078125 0.90625 0.59375 0.94140625 0.59375 0.94140625 0.5527366078125
8 0.85546875 0.0839866078125 0.8359375 0.0839866078125 0.8359375 0.09765625 0.85546875 0.09765625 0.85546875 0.0839866078125