3 0.41586160781250003 0.2003743015625 0.021495535937499997 0.2003743015625 0.021495535937499997 0.8766256984374999 0.41586160781250003 0.8766256984374999 0.41586160781250003 0.2003743015625
8 0.129727678125 0.5909106140625 0.1067455359375 0.5909106140625 0.1067455359375 0.6391508375 0.129727678125 0.6391508375 0.129727678125 0.5909106140625
8 0.1104508921875 0.714290503125 0.09414285781250001 0.714290503125 0.09414285781250001 0.7504692734375 0.1104508921875 0.7504692734375 0.1104508921875 0.714290503125
8 0.2157142859375 0.44898324062499995 0.18458035781249998 0.44898324062499995 0.18458035781249998 0.5 0.2157142859375 0.5 0.2157142859375 0.44898324062499995
8 0.2779821421875 0.3923966484375 0.26241517812500004 0.3923966484375 0.26241517812500004 0.4146592171875 0.2779821421875 0.4146592171875 0.2779821421875 0.3923966484375
8 0.298 0.4155865921875 0.2787232140625 0.4155865921875 0.2787232140625 0.4434134078125 0.298 0.4434134078125 0.298 0.4155865921875
8 0.3447008921875 0.4276480453125 0.2913258921875 0.4276480453125 0.2913258921875 0.4591843578125 0.3447008921875 0.4591843578125 0.3447008921875 0.4276480453125
8 0.06671428593749999 0.33581005625000004 0.01853125 0.33581005625000004 0.01853125 0.3886871515625 0.06671428593749999 0.3886871515625 0.06671428593749999 0.33581005625000004
8 0.0281696421875 0.3970335203125 0.0037053578125 0.3970335203125 0.0037053578125 0.43321229062500005 0.0281696421875 0.43321229062500005 0.0281696421875 0.3970335203125
8 0.1704955359375 0.20872067031250002 0.1504821421875 0.20872067031250002 0.1504821421875 0.2328379890625 0.1704955359375 0.2328379890625 0.1704955359375 0.20872067031250002
5 0.26241517812500004 0.39888826875 0.1860625 0.39888826875 0.1860625 0.464754190625 0.26241517812500004 0.464754190625 0.26241517812500004 0.39888826875
7 0.9532991078125 0.691094971875 0.528540178125 0.691094971875 0.528540178125 0.9972234640625001 0.9532991078125 0.9972234640625001 0.9532991078125 0.691094971875