4 0.08203125 0.7421875 0.029299107812500003 0.7421875 0.029299107812500003 0.78515625 0.08203125 0.78515625 0.08203125 0.7421875
4 0.1171875 0.703125 0.08984375 0.703125 0.08984375 0.7871116078125 0.1171875 0.7871116078125 0.1171875 0.703125
4 0.19921875 0.828125 0.11328125 0.828125 0.11328125 0.9453125 0.19921875 0.9453125 0.19921875 0.828125
4 0.3144553578125 0.94140625 0.21875 0.94140625 0.21875 0.9980491078125 0.3144553578125 0.9980491078125 0.3144553578125 0.94140625
4 0 0.5019553578125 0.0410178578125 0.5019553578125 0.0410178578125 0.43164285781249995 0 0.43164285781249995 0 0.5019553578125
4 0.16796875 0.2558616078125 0.1425803578125 0.2558616078125 0.1425803578125 0.33203125 0.16796875 0.33203125 0.16796875 0.2558616078125
4 0.3691428578125 0.078125 0.3378928578125 0.078125 0.3378928578125 0.1191428578125 0.3691428578125 0.1191428578125 0.3691428578125 0.078125
8 0.11328125 0.2265625 0.07421875 0.2265625 0.07421875 0.3105491078125 0.11328125 0.3105491078125 0.11328125 0.2265625
8 0.0703125 0.51171875 0.025392857812500003 0.51171875 0.025392857812500003 0.5800803578125 0.0703125 0.5800803578125 0.0703125 0.51171875
7 0.99609375 0.6582053578125 0.8417991078125 0.6582053578125 0.8417991078125 0.93359375 0.99609375 0.93359375 0.99609375 0.6582053578125
5 0.72265625 0.3125 0.2402366078125 0.3125 0.2402366078125 0.9296875 0.72265625 0.9296875 0.72265625 0.3125