3 0.266866071875 0.2940670390625 0.2297991078125 0.2940670390625 0.2297991078125 0.347865921875 0.266866071875 0.347865921875 0.266866071875 0.2940670390625
3 0.3135669640625 0.27365363125000003 0.2802053578125 0.27365363125000003 0.2802053578125 0.332100559375 0.3135669640625 0.332100559375 0.3135669640625 0.27365363125000003
3 0.3513705359375 0.31168715156250004 0.312084821875 0.31168715156250004 0.312084821875 0.3729162015625 0.3513705359375 0.3729162015625 0.3513705359375 0.31168715156250004
3 0.3135669640625 0.3423016765625 0.212008928125 0.3423016765625 0.212008928125 0.46103910625 0.3135669640625 0.46103910625 0.3135669640625 0.3423016765625
3 0.22683482187499998 0.344156425 0.1927366078125 0.344156425 0.1927366078125 0.3923966484375 0.22683482187499998 0.3923966484375 0.22683482187499998 0.344156425
3 0.18458035781249998 0.3506480453125 0.1245357140625 0.3506480453125 0.1245357140625 0.4248603359375 0.18458035781249998 0.4248603359375 0.18458035781249998 0.3506480453125
3 0.1341741078125 0.35250837968750004 0.1074866078125 0.35250837968750004 0.1074866078125 0.3905419 0.1341741078125 0.3905419 0.1341741078125 0.35250837968750004
3 0.1245357140625 0.3766256984375 0.09414285781250001 0.3766256984375 0.09414285781250001 0.4267206703125 0.1245357140625 0.4267206703125 0.1245357140625 0.3766256984375
5 0.42327678593750007 0.6150279328125 0.34173660781250004 0.6150279328125 0.34173660781250004 0.72634636875 0.42327678593750007 0.72634636875 0.42327678593750007 0.6150279328125
8 0.46775446406250004 0.61688826875 0.4217946421875 0.61688826875 0.4217946421875 0.6641955312500001 0.46775446406250004 0.6641955312500001 0.46775446406250004 0.61688826875
8 0.3335803578125 0.718927375 0.302446428125 0.718927375 0.302446428125 0.7671620109374999 0.3335803578125 0.7671620109374999 0.3335803578125 0.718927375
8 0.4321741078125 0.7551061453125001 0.3150491078125 0.7551061453125001 0.3150491078125 0.859927375 0.4321741078125 0.859927375 0.4321741078125 0.7551061453125001
8 0.32171875 0.878480446875 0.303928571875 0.878480446875 0.303928571875 0.9044581 0.32171875 0.9044581 0.32171875 0.878480446875
8 0.34766517812500003 0.9109497203125001 0.32542410781250003 0.9109497203125001 0.32542410781250003 0.9554748609375 0.34766517812500003 0.9554748609375 0.34766517812500003 0.9109497203125001
8 0.09859375000000001 0.5732849156250001 0.0733883921875 0.5732849156250001 0.0733883921875 0.63172625625 0.09859375000000001 0.63172625625 0.09859375000000001 0.5732849156250001
8 0.0570803578125 0.6493519546875001 0.00815625 0.6493519546875001 0.00815625 0.6901675984375 0.0570803578125 0.6901675984375 0.0570803578125 0.6493519546875001
8 0.081540178125 0.659558659375 0.0600446421875 0.659558659375 0.0600446421875 0.6864581000000001 0.081540178125 0.6864581000000001 0.081540178125 0.659558659375
8 0.032616071875 0.78757541875 0.017790178125 0.78757541875 0.017790178125 0.8478715078124999 0.032616071875 0.8478715078124999 0.032616071875 0.78757541875
8 0.05337499999999999 0.753251396875 0.039290178125000005 0.753251396875 0.039290178125000005 0.799631284375 0.05337499999999999 0.799631284375 0.05337499999999999 0.753251396875
8 0.16530803593750001 0.5528770953125 0.1460357140625 0.5528770953125 0.1460357140625 0.5825642453125 0.16530803593750001 0.5825642453125 0.16530803593750001 0.5528770953125
8 0.2053392859375 0.4777374296875 0.18458035781249998 0.4777374296875 0.18458035781249998 0.5064972062499999 0.2053392859375 0.5064972062499999 0.2053392859375 0.4777374296875
8 0.3350625 0.479592178125 0.2913258921875 0.479592178125 0.2913258921875 0.5380335203125 0.3350625 0.5380335203125 0.3350625 0.479592178125
8 0.3654553578125 0.3905419 0.34766517812500003 0.3905419 0.34766517812500003 0.4146592171875 0.3654553578125 0.4146592171875 0.3654553578125 0.3905419
8 0.3669375 0.4053798875 0.3365446421875 0.4053798875 0.3365446421875 0.4471284921875 0.3669375 0.4471284921875 0.3669375 0.4053798875
8 0.3380267859375 0.41280446875 0.32171875 0.41280446875 0.32171875 0.43784916249999994 0.3380267859375 0.43784916249999994 0.3380267859375 0.41280446875
8 0.302446428125 0.3803351953125 0.2787232140625 0.3803351953125 0.2787232140625 0.4230055859375 0.302446428125 0.4230055859375 0.302446428125 0.3803351953125
8 0.2735357140625 0.3460111734375 0.24758928593750001 0.3460111734375 0.24758928593750001 0.37477095 0.2735357140625 0.37477095 0.2735357140625 0.3460111734375
8 0.2542633921875 0.29777653593750003 0.2424017859375 0.29777653593750003 0.2424017859375 0.32838547500000004 0.2542633921875 0.32838547500000004 0.2542633921875 0.29777653593750003
8 0.217196428125 0.307977653125 0.1927366078125 0.307977653125 0.1927366078125 0.32838547500000004 0.217196428125 0.32838547500000004 0.217196428125 0.307977653125
8 0.134915178125 0.27179888281250003 0.11638392812500001 0.27179888281250003 0.11638392812500001 0.2912793296875 0.134915178125 0.2912793296875 0.134915178125 0.27179888281250003
8 0.12305357187499999 0.29592178750000003 0.0971071421875 0.29592178750000003 0.0971071421875 0.3256033515625 0.12305357187499999 0.3256033515625 0.12305357187499999 0.29592178750000003
8 0.0889553578125 0.332100559375 0.07116517812499999 0.332100559375 0.07116517812499999 0.36827374375 0.0889553578125 0.36827374375 0.0889553578125 0.332100559375
8 0.09266071406250001 0.37477095 0.06375 0.37477095 0.06375 0.4146592171875 0.09266071406250001 0.4146592171875 0.09266071406250001 0.37477095
8 0.083022321875 0.44526815624999994 0.06375 0.44526815624999994 0.06375 0.481446928125 0.083022321875 0.481446928125 0.083022321875 0.44526815624999994
8 0.054116071875000005 0.49814525156249995 0.036321428125 0.49814525156249995 0.036321428125 0.5157709500000001 0.054116071875000005 0.5157709500000001 0.054116071875000005 0.49814525156249995
8 0.07190625 0.503715084375 0.05337499999999999 0.503715084375 0.05337499999999999 0.5324692734375 0.07190625 0.5324692734375 0.07190625 0.503715084375
8 0.1793928578125 0.35621787656250004 0.16530803593750001 0.35621787656250004 0.16530803593750001 0.3849720671875 0.1793928578125 0.3849720671875 0.1793928578125 0.35621787656250004
8 0.16827232187500002 0.35621787656250004 0.144553571875 0.35621787656250004 0.144553571875 0.37477095 0.16827232187500002 0.37477095 0.16827232187500002 0.35621787656250004
8 0.16234375 0.3766256984375 0.1460357140625 0.3766256984375 0.1460357140625 0.40259776562500005 0.16234375 0.40259776562500005 0.16234375 0.3766256984375
8 0.1890267859375 0.32003910625 0.173459821875 0.32003910625 0.173459821875 0.3423016765625 0.1890267859375 0.3423016765625 0.1890267859375 0.32003910625
5 0.2802053578125 0.018553071875 0.0103794640625 0.018553071875 0.0103794640625 0.2875698328125 0.2802053578125 0.2875698328125 0.2802053578125 0.018553071875
3 0.1319508921875 0.5287597765625 0.0689419640625 0.5287597765625 0.0689419640625 0.6577039109375 0.1319508921875 0.6577039109375 0.1319508921875 0.5287597765625
3 0.200147321875 0.5315419 0.14677678593750002 0.5315419 0.14677678593750002 0.60018994375 0.200147321875 0.60018994375 0.200147321875 0.5315419
3 0 0.58627374375 0.027428571875000002 0.58627374375 0.027428571875000002 0.511134078125 0 0.511134078125 0 0.58627374375
3 0.21052678593750002 0.6706871515625 0.1475178578125 0.6706871515625 0.1475178578125 0.7439720671875001 0.21052678593750002 0.7439720671875001 0.21052678593750002 0.6706871515625