4 0.265625 0.2519553578125 0.1777366078125 0.2519553578125 0.1777366078125 0.375 0.265625 0.375 0.265625 0.2519553578125
8 0.1503928578125 0.3417991078125 0.015625 0.3417991078125 0.015625 0.7421875 0.1503928578125 0.7421875 0.1503928578125 0.3417991078125
8 0.11328125 0.73046875 0.02734375 0.73046875 0.02734375 0.921875 0.11328125 0.921875 0.11328125 0.73046875
4 0.14453125 0.3417991078125 0.0097678578125 0.3417991078125 0.0097678578125 0.8886741078125 0.14453125 0.8886741078125 0.14453125 0.3417991078125
4 0.8046875 0.46484375 0.7128928578125 0.46484375 0.7128928578125 0.64453125 0.8046875 0.64453125 0.8046875 0.46484375
4 0.0449241078125 0.2207053578125 0.0136741078125 0.2207053578125 0.0136741078125 0.2734375 0.0449241078125 0.2734375 0.0449241078125 0.2207053578125
4 0.16015625 0.0800803578125 0.1074241078125 0.0800803578125 0.1074241078125 0.1328125 0.16015625 0.1328125 0.16015625 0.0800803578125
4 0.75390625 0.0332053578125 0.6777366078125 0.0332053578125 0.6777366078125 0.1425803578125 0.75390625 0.1425803578125 0.75390625 0.0332053578125
4 0.8984375 0.1855491078125 0.7871116078125 0.1855491078125 0.7871116078125 0.25390625 0.8984375 0.25390625 0.8984375 0.1855491078125
8 0.01171875 0.3417991078125 0.0019553578125 0.3417991078125 0.0019553578125 0.5761741078125 0.01171875 0.5761741078125 0.01171875 0.3417991078125
8 0.26171875 0.1328125 0.2324241078125 0.1328125 0.2324241078125 0.1660178578125 0.26171875 0.1660178578125 0.26171875 0.1328125
8 0.1953125 0.2519553578125 0.1777366078125 0.2519553578125 0.1777366078125 0.2792991078125 0.1953125 0.2792991078125 0.1953125 0.2519553578125
8 0.2324241078125 0.2988303578125 0.19140625 0.2988303578125 0.19140625 0.35546875 0.2324241078125 0.35546875 0.2324241078125 0.2988303578125
8 0.51171875 0.0175803578125 0.47851785781249995 0.0175803578125 0.47851785781249995 0.05859375 0.51171875 0.05859375 0.51171875 0.0175803578125
4 0.515625 0.0058616078125 0.46875 0.0058616078125 0.46875 0.0644553578125 0.515625 0.0644553578125 0.515625 0.0058616078125
4 0.7597678578125 0.1035178578125 0.7285178578125 0.1035178578125 0.7285178578125 0.1640625 0.7597678578125 0.1640625 0.7597678578125 0.1035178578125
4 0.3183616078125 0.8183616078125 0.29296875 0.8183616078125 0.29296875 0.87109375 0.3183616078125 0.87109375 0.3183616078125 0.8183616078125
4 0.86328125 0.5097678578125 0.83203125 0.5097678578125 0.83203125 0.5605491078125 0.86328125 0.5605491078125 0.86328125 0.5097678578125