4 0.8300803578125 0.0761741078125 0.47070535781249995 0.0761741078125 0.47070535781249995 0.1816428578125 0.8300803578125 0.1816428578125 0.8300803578125 0.0761741078125
4 0.46484375 0.1582053578125 0.2578125 0.1582053578125 0.2578125 0.23046875 0.46484375 0.23046875 0.46484375 0.1582053578125
4 0.31640625 0.2363303578125 0.171875 0.2363303578125 0.171875 0.46289285781249995 0.31640625 0.46289285781249995 0.31640625 0.2363303578125
2 0 0.99609375 0.99609375 0.99609375 0.99609375 0.00390625 0 0.00390625 0 0.99609375
3 0.8046875 0.37109375 0.7558616078125 0.37109375 0.7558616078125 0.44140625 0.8046875 0.44140625 0.8046875 0.37109375
3 0.8984375 0.32421875 0.8125 0.32421875 0.8125 0.6171875 0.8984375 0.6171875 0.8984375 0.32421875
3 0.8261741078125 0.61328125 0.7441428578125 0.61328125 0.7441428578125 0.7109375 0.8261741078125 0.7109375 0.8261741078125 0.61328125
3 0.7558616078125 0.3417991078125 0.7011741078125 0.3417991078125 0.7011741078125 0.47070535781249995 0.7558616078125 0.47070535781249995 0.7558616078125 0.3417991078125
7 0 0.9785178578125 0.41015625 0.9785178578125 0.41015625 0.0058616078125 0 0.0058616078125 0 0.9785178578125
7 0.90625 0.0058616078125 0.0019553578125 0.0058616078125 0.0019553578125 0.2285178578125 0.90625 0.2285178578125 0.90625 0.0058616078125
8 0.7988303578125 0.48046875 0.7558616078125 0.48046875 0.7558616078125 0.50390625 0.7988303578125 0.50390625 0.7988303578125 0.48046875
4 0.8222678578125 0.65625 0.7734375 0.65625 0.7734375 0.7128928578125 0.8222678578125 0.7128928578125 0.8222678578125 0.65625
4 0.80859375 0.48242410781249995 0.76171875 0.48242410781249995 0.76171875 0.5292991078125 0.80859375 0.5292991078125 0.80859375 0.48242410781249995
4 0.8144553578125 0.3730491078125 0.7578125 0.3730491078125 0.7578125 0.43554910781249995 0.8144553578125 0.43554910781249995 0.8144553578125 0.3730491078125
4 0.8808616078125 0.47265625 0.8144553578125 0.47265625 0.8144553578125 0.5234375 0.8808616078125 0.5234375 0.8808616078125 0.47265625