4 0.0019553578125 0 0.0019553578125 0.9980491078125 0.9980491078125 0.9980491078125 0.9980491078125 0 0.0019553578125 0
4 0.6855491078125 0.0078125 0.578125 0.0078125 0.578125 0.0996116078125 0.6855491078125 0.0996116078125 0.6855491078125 0.0078125
4 0.5761741078125 0.0234375 0.5410178578125 0.0234375 0.5410178578125 0.0859375 0.5761741078125 0.0859375 0.5761741078125 0.0234375
4 0.7890625 0.09375 0.71875 0.09375 0.71875 0.17578125 0.7890625 0.17578125 0.7890625 0.09375
4 0.26953125 0.3964866078125 0.02734375 0.3964866078125 0.02734375 0.71484375 0.26953125 0.71484375 0.26953125 0.3964866078125
4 0.25390625 0.0703125 0.1855491078125 0.0703125 0.1855491078125 0.1308616078125 0.25390625 0.1308616078125 0.25390625 0.0703125
4 0.3144553578125 0.26953125 0.2441428578125 0.26953125 0.2441428578125 0.37890625 0.3144553578125 0.37890625 0.3144553578125 0.26953125
4 0.45703125 0.52734375 0.40429910781249995 0.52734375 0.40429910781249995 0.5683616078125 0.45703125 0.5683616078125 0.45703125 0.52734375
4 0.87109375 0.515625 0.8378928578125 0.515625 0.8378928578125 0.5605491078125 0.87109375 0.5605491078125 0.87109375 0.515625
4 0.025392857812500003 0.49023660781249995 0.00390625 0.49023660781249995 0.00390625 0.5839866078125 0.025392857812500003 0.5839866078125 0.025392857812500003 0.49023660781249995
8 0 0.19921875 0.08203125 0.19921875 0.08203125 0.0566428578125 0 0.0566428578125 0 0.19921875
4 0 0.3339866078125 0.0449241078125 0.3339866078125 0.0449241078125 0.15625 0 0.15625 0 0.3339866078125
3 0.08203125 0.8222678578125 0.02734375 0.8222678578125 0.02734375 0.8828125 0.08203125 0.8828125 0.08203125 0.8222678578125
3 0.1269553578125 0.86328125 0.1035178578125 0.86328125 0.1035178578125 0.9042991078125 0.1269553578125 0.9042991078125 0.1269553578125 0.86328125
5 0.9902366078125 0.0019553578125 0.53125 0.0019553578125 0.53125 0.9921875 0.9902366078125 0.9921875 0.9902366078125 0.0019553578125
3 0.3671875 0.44921875 0.3046875 0.44921875 0.3046875 0.515625 0.3671875 0.515625 0.3671875 0.44921875
3 0.3886741078125 0.515625 0.3671875 0.515625 0.3671875 0.54296875 0.3886741078125 0.54296875 0.3886741078125 0.515625
4 0.8808616078125 0.40234375 0.7910178578125 0.40234375 0.7910178578125 0.484375 0.8808616078125 0.484375 0.8808616078125 0.40234375
4 0.21875 0.2285178578125 0.18359375 0.2285178578125 0.18359375 0.2558616078125 0.21875 0.2558616078125 0.21875 0.2285178578125