4 0.1484375 0.2890625 0.0625 0.2890625 0.0625 0.5214866078125 0.1484375 0.5214866078125 0.1484375 0.2890625
4 0.0996116078125 0.51171875 0.0097678578125 0.51171875 0.0097678578125 0.578125 0.0996116078125 0.578125 0.0996116078125 0.51171875
4 0.2558616078125 0.5859375 0.140625 0.5859375 0.140625 0.8515625 0.2558616078125 0.8515625 0.2558616078125 0.5859375
4 0.28515625 0.9140625 0.1953125 0.9140625 0.1953125 0.9941428578125 0.28515625 0.9941428578125 0.28515625 0.9140625
4 0.49414285781249995 0.8183616078125 0.45508035781249995 0.8183616078125 0.45508035781249995 0.8769553578125 0.49414285781249995 0.8769553578125 0.49414285781249995 0.8183616078125
4 0.41211160781249995 0.7363303578125 0.34765625 0.7363303578125 0.34765625 0.8125 0.41211160781249995 0.8125 0.41211160781249995 0.7363303578125
4 0.7265625 0.1972678578125 0.0449241078125 0.1972678578125 0.0449241078125 0.37109375 0.7265625 0.37109375 0.7265625 0.1972678578125
4 0.6972678578125 0.21484375 0.58984375 0.21484375 0.58984375 0.328125 0.6972678578125 0.328125 0.6972678578125 0.21484375
4 0.31640625 0.01171875 0.1699241078125 0.01171875 0.1699241078125 0.1269553578125 0.31640625 0.1269553578125 0.31640625 0.01171875
7 0.2363303578125 0.01171875 0.0234375 0.01171875 0.0234375 0.15234375 0.2363303578125 0.15234375 0.2363303578125 0.01171875
4 0.025392857812500003 0.8203125 0.0019553578125 0.8203125 0.0019553578125 0.87109375 0.025392857812500003 0.87109375 0.025392857812500003 0.8203125
4 0.40039285781249995 0.8535178578125 0.3691428578125 0.8535178578125 0.3691428578125 0.8925803578125 0.40039285781249995 0.8925803578125 0.40039285781249995 0.8535178578125
4 0.34765625 0.91015625 0.30078125 0.91015625 0.30078125 0.95703125 0.34765625 0.95703125 0.34765625 0.91015625
8 0.15234375 0.95703125 0.12890625 0.95703125 0.12890625 0.9746116078125 0.15234375 0.9746116078125 0.15234375 0.95703125
8 0.48242410781249995 0.6152366078125 0.46679910781249995 0.6152366078125 0.46679910781249995 0.6328125 0.48242410781249995 0.6328125 0.48242410781249995 0.6152366078125