8 0.46484375 0.3359375 0.41796875 0.3359375 0.41796875 0.40820535781249995 0.46484375 0.40820535781249995 0.46484375 0.3359375
8 0.5566428578125 0.203125 0.5214866078125 0.203125 0.5214866078125 0.2753928578125 0.5566428578125 0.2753928578125 0.5566428578125 0.203125
4 0.2441428578125 0.0878928578125 0.0058616078125 0.0878928578125 0.0058616078125 0.9863303578125 0.2441428578125 0.9863303578125 0.2441428578125 0.0878928578125
4 0.2890625 0.2480491078125 0.1972678578125 0.2480491078125 0.1972678578125 0.3671875 0.2890625 0.3671875 0.2890625 0.2480491078125
4 0.375 0.3359375 0.2949241078125 0.3359375 0.2949241078125 0.48828125 0.375 0.48828125 0.375 0.3359375
4 0.5917991078125 0.34375 0.5 0.34375 0.5 0.46875 0.5917991078125 0.46875 0.5917991078125 0.34375
4 0.6972678578125 0.2910178578125 0.5917991078125 0.2910178578125 0.5917991078125 0.41992410781249995 0.6972678578125 0.41992410781249995 0.6972678578125 0.2910178578125
4 0.7988303578125 0.41601785781249995 0.6933616078125 0.41601785781249995 0.6933616078125 0.5566428578125 0.7988303578125 0.5566428578125 0.7988303578125 0.41601785781249995
4 0.93359375 0.796875 0.88671875 0.796875 0.88671875 0.84765625 0.93359375 0.84765625 0.93359375 0.796875
4 0.62109375 0.77734375 0.47265625 0.77734375 0.47265625 0.9765625 0.62109375 0.9765625 0.62109375 0.77734375
4 0.45117410781249995 0.0058616078125 0.09765625 0.0058616078125 0.09765625 0.29296875 0.45117410781249995 0.29296875 0.45117410781249995 0.0058616078125
7 0.1308616078125 0.11328125 0.0214866078125 0.11328125 0.0214866078125 0.375 0.1308616078125 0.375 0.1308616078125 0.11328125
4 0.9765625 0.0175803578125 0.0175803578125 0.0175803578125 0.0175803578125 0.9765625 0.9765625 0.9765625 0.9765625 0.0175803578125
4 0.1933616078125 0.34765625 0.1171875 0.34765625 0.1171875 0.4453125 0.1933616078125 0.4453125 0.1933616078125 0.34765625
4 0.2089866078125 0.44336160781249995 0.1171875 0.44336160781249995 0.1171875 0.5058616078125 0.2089866078125 0.5058616078125 0.2089866078125 0.44336160781249995
4 0.140625 0.6152366078125 0.07421875 0.6152366078125 0.07421875 0.7578125 0.140625 0.7578125 0.140625 0.6152366078125
8 0.1855491078125 0.3691428578125 0.1308616078125 0.3691428578125 0.1308616078125 0.4296875 0.1855491078125 0.4296875 0.1855491078125 0.3691428578125