8 0.46875 0.01171875 0.1015625 0.01171875 0.1015625 0.1816428578125 0.46875 0.1816428578125 0.46875 0.01171875
8 0.3457053578125 0.2167991078125 0.03125 0.2167991078125 0.03125 0.3339866078125 0.3457053578125 0.3339866078125 0.3457053578125 0.2167991078125
8 0.7011741078125 0.0078125 0.5058616078125 0.0078125 0.5058616078125 0.08203125 0.7011741078125 0.08203125 0.7011741078125 0.0078125
8 0.7324241078125 0.12109375 0.55859375 0.12109375 0.55859375 0.2832053578125 0.7324241078125 0.2832053578125 0.7324241078125 0.12109375
8 0.8027366078125 0.09765625 0.765625 0.09765625 0.765625 0.1621116078125 0.8027366078125 0.1621116078125 0.8027366078125 0.09765625
8 0.8574241078125 0.046875 0.8105491078125 0.046875 0.8105491078125 0.1074241078125 0.8574241078125 0.1074241078125 0.8574241078125 0.046875
8 0.83984375 0.00390625 0.7988303578125 0.00390625 0.7988303578125 0.04296875 0.83984375 0.04296875 0.83984375 0.00390625
8 0.8457053578125 0.20703125 0.796875 0.20703125 0.796875 0.2578125 0.8457053578125 0.2578125 0.8457053578125 0.20703125
8 0.7792991078125 0.28125 0.7402366078125 0.28125 0.7402366078125 0.3515625 0.7792991078125 0.3515625 0.7792991078125 0.28125
8 0.9765625 0.25390625 0.8808616078125 0.25390625 0.8808616078125 0.484375 0.9765625 0.484375 0.9765625 0.25390625
5 0.56640625 0.453125 0.0136741078125 0.453125 0.0136741078125 0.9941428578125 0.56640625 0.9941428578125 0.56640625 0.453125
8 0.3847678578125 0.73046875 0.3515625 0.73046875 0.3515625 0.7734375 0.3847678578125 0.7734375 0.3847678578125 0.73046875
8 0.4375 0.7246116078125 0.41015625 0.7246116078125 0.41015625 0.80078125 0.4375 0.80078125 0.4375 0.7246116078125
8 0.0859375 0.09765625 0.0527366078125 0.09765625 0.0527366078125 0.1660178578125 0.0859375 0.1660178578125 0.0859375 0.09765625
8 0.0214866078125 0.3828125 0.0019553578125 0.3828125 0.0019553578125 0.40429910781249995 0.0214866078125 0.40429910781249995 0.0214866078125 0.3828125
8 0.40625 0.25 0.3808616078125 0.25 0.3808616078125 0.2753928578125 0.40625 0.2753928578125 0.40625 0.25
8 0.49804910781249995 0.109375 0.47851785781249995 0.109375 0.47851785781249995 0.13671875 0.49804910781249995 0.13671875 0.49804910781249995 0.109375
8 0.54296875 0.1796875 0.5097678578125 0.1796875 0.5097678578125 0.21484375 0.54296875 0.21484375 0.54296875 0.1796875
8 0.44140625 0 0.44140625 0.04296875 0.47851785781249995 0.04296875 0.47851785781249995 0 0.44140625 0
8 0.9941428578125 0.34375 0.97265625 0.34375 0.97265625 0.39453125 0.9941428578125 0.39453125 0.9941428578125 0.34375