4 0.092665178125 0.9103827750000001 0.0077232140625 0.9103827750000001 0.0077232140625 0.9393492828125 0.092665178125 0.9393492828125 0.092665178125 0.9103827750000001
7 0.1969107140625 0.13242105312500002 0.0077232140625 0.13242105312500002 0.0077232140625 0.4345023921875 0.1969107140625 0.4345023921875 0.1969107140625 0.13242105312500002
7 0.312741071875 1 0.312741071875 0.9186602875000001 0.07721875 0.9186602875000001 0.07721875 1 0.312741071875 1
8 0.4324330359375 0.45933014375000003 0.393821428125 0.45933014375000003 0.393821428125 0.5089856453125 0.4324330359375 0.5089856453125 0.4324330359375 0.45933014375000003
8 0.3860982140625 0.3517416265625 0.3667946421875 0.3517416265625 0.3667946421875 0.40139712968749997 0.3860982140625 0.40139712968749997 0.3860982140625 0.3517416265625
8 0.5559866078125 0.616578946875 0.5135133921875 0.616578946875 0.5135133921875 0.6662344499999999 0.5559866078125 0.6662344499999999 0.5559866078125 0.616578946875
8 0.718147321875 0.579334928125 0.6640937499999999 0.579334928125 0.6640937499999999 0.6538229671875 0.718147321875 0.6538229671875 0.718147321875 0.579334928125
4 0.9266428578125 0.8441722484374999 0.8262544640625 0.8441722484374999 0.8262544640625 0.9103827750000001 0.9266428578125 0.9103827750000001 0.9266428578125 0.8441722484374999
4 0.428571428125 0.46760765624999995 0.316602678125 0.46760765624999995 0.316602678125 0.587612440625 0.428571428125 0.587612440625 0.428571428125 0.46760765624999995
4 0.683397321875 0.624856459375 0.5637053578125 0.624856459375 0.5637053578125 0.7200287078125001 0.683397321875 0.7200287078125001 0.683397321875 0.624856459375
4 0.5444017859375 0.7241674640625 0.517375 0.7241674640625 0.517375 0.782100478125 0.5444017859375 0.782100478125 0.5444017859375 0.7241674640625
8 0.5791517859375 0.6745119625 0.55984375 0.6745119625 0.55984375 0.6910622015625 0.5791517859375 0.6910622015625 0.5791517859375 0.6745119625
4 0.41698660781249997 0.0537942578125 0.088803571875 0.0537942578125 0.088803571875 0.12828229687499998 0.41698660781249997 0.12828229687499998 0.41698660781249997 0.0537942578125