7 0.203125 0.0019553578125 0.0019553578125 0.0019553578125 0.0019553578125 0.44921875 0.203125 0.44921875 0.203125 0.0019553578125
8 0.8847678578125 0.5136741078125 0.8496116078125 0.5136741078125 0.8496116078125 0.5566428578125 0.8847678578125 0.5566428578125 0.8847678578125 0.5136741078125
8 0.9160178578125 0.5390625 0.8847678578125 0.5390625 0.8847678578125 0.58203125 0.9160178578125 0.58203125 0.9160178578125 0.5390625
8 0.9921875 0.5097678578125 0.9707053578125 0.5097678578125 0.9707053578125 0.56640625 0.9921875 0.56640625 0.9921875 0.5097678578125
8 0.9199241078125 0.75 0.8769553578125 0.75 0.8769553578125 0.8359375 0.9199241078125 0.8359375 0.9199241078125 0.75
8 0.4140625 0.70703125 0.3808616078125 0.70703125 0.3808616078125 0.7578125 0.4140625 0.7578125 0.4140625 0.70703125
8 0.5214866078125 0.5605491078125 0.42773660781249995 0.5605491078125 0.42773660781249995 0.64453125 0.5214866078125 0.64453125 0.5214866078125 0.5605491078125
8 0.546875 0.52734375 0.49804910781249995 0.52734375 0.49804910781249995 0.5683616078125 0.546875 0.5683616078125 0.546875 0.52734375
8 0.9941428578125 0.8222678578125 0.9472678578125 0.8222678578125 0.9472678578125 0.859375 0.9941428578125 0.859375 0.9941428578125 0.8222678578125
8 0.95703125 0.6191428578125 0.87890625 0.6191428578125 0.87890625 0.6855491078125 0.95703125 0.6855491078125 0.95703125 0.6191428578125
5 0.4765625 0.6035178578125 0.1347678578125 0.6035178578125 0.1347678578125 0.90234375 0.4765625 0.90234375 0.4765625 0.6035178578125
1 0.7890625 0.23046875 0.49414285781249995 0.23046875 0.49414285781249995 0.58984375 0.7890625 0.58984375 0.7890625 0.23046875
8 0.9394553578125 0.8964866078125 0.8925803578125 0.8964866078125 0.8925803578125 0.9160178578125 0.9394553578125 0.9160178578125 0.9394553578125 0.8964866078125