6 0.5156875000000001 0.64002061875 0.23491517812499998 0.64002061875 0.23491517812499998 0.9967216499999999 0.5156875000000001 0.9967216499999999 0.5156875000000001 0.64002061875
8 0.560741071875 0.7840051546875 0.539821428125 0.7840051546875 0.539821428125 0.8230154640625 0.560741071875 0.8230154640625 0.560741071875 0.7840051546875
8 0.20675892812500002 0.0650257734375 0.168946428125 0.0650257734375 0.168946428125 0.1077525765625 0.20675892812500002 0.1077525765625 0.20675892812500002 0.0650257734375
8 0.22847767812500003 0.08174226875 0.1898616078125 0.08174226875 0.1898616078125 0.14676804062499998 0.22847767812500003 0.14676804062499998 0.22847767812500003 0.08174226875
8 0.1600982140625 0.11146907187499999 0.139178571875 0.11146907187499999 0.139178571875 0.14397938125 0.1600982140625 0.14397938125 0.1600982140625 0.11146907187499999
8 0.0112633921875 0.43752061875 0.005629464062500001 0.43752061875 0.005629464062500001 0.48210824687500003 0.0112633921875 0.48210824687500003 0.0112633921875 0.43752061875
8 0.06355803593750001 0.538768040625 0.033790178125 0.538768040625 0.033790178125 0.596360825 0.06355803593750001 0.596360825 0.06355803593750001 0.538768040625
7 0.1263080359375 0.3715670109375 0.007241071875 0.3715670109375 0.007241071875 0.8991855671875 0.1263080359375 0.8991855671875 0.1263080359375 0.3715670109375
8 0.1214821421875 0.6158711343750001 0.0989553578125 0.6158711343750001 0.0989553578125 0.6483814437500001 0.1214821421875 0.6483814437500001 0.1214821421875 0.6158711343750001
8 0.11102232187500001 0.7189793812499999 0.09332142812500001 0.7189793812499999 0.09332142812500001 0.7561340203125 0.11102232187500001 0.7561340203125 0.11102232187500001 0.7189793812499999
8 0.1367678578125 0.780288659375 0.037008928125 0.780288659375 0.037008928125 0.8350927828125 0.1367678578125 0.8350927828125 0.1367678578125 0.780288659375
8 0.1335491078125 0.7635670109375 0.1126294640625 0.7635670109375 0.1126294640625 0.788649484375 0.1335491078125 0.788649484375 0.1335491078125 0.7635670109375
8 0.1367678578125 0.3223350515625 0.1053883921875 0.3223350515625 0.1053883921875 0.40500515468750004 0.1367678578125 0.40500515468750004 0.1367678578125 0.3223350515625
8 0.203540178125 0.28610309218749996 0.16653125 0.28610309218749996 0.16653125 0.342768040625 0.203540178125 0.342768040625 0.203540178125 0.28610309218749996
8 0.1214821421875 0.14676804062499998 0.0876919640625 0.14676804062499998 0.0876919640625 0.1885670109375 0.1214821421875 0.1885670109375 0.1214821421875 0.14676804062499998
4 0.2244553578125 0.39107216562499997 0.200321428125 0.39107216562499997 0.200321428125 0.423582475 0.2244553578125 0.423582475 0.2244553578125 0.39107216562499997
4 0.2582455359375 0.3789948453125 0.22606696406250001 0.3789948453125 0.22606696406250001 0.41336597968750005 0.2582455359375 0.41336597968750005 0.2582455359375 0.3789948453125
4 0.2703125 0.39757732031250004 0.252616071875 0.39757732031250004 0.252616071875 0.430087628125 0.2703125 0.430087628125 0.2703125 0.39757732031250004
4 0.27514285781250003 0.4282268046875 0.255834821875 0.4282268046875 0.255834821875 0.4625979375 0.27514285781250003 0.4625979375 0.27514285781250003 0.4282268046875
4 0.2405491078125 0.4495927828125 0.21560714218750002 0.4495927828125 0.21560714218750002 0.47467525781250003 0.2405491078125 0.47467525781250003 0.2405491078125 0.4495927828125
4 0.1874508921875 0.430087628125 0.1649241078125 0.430087628125 0.1649241078125 0.461670103125 0.1874508921875 0.461670103125 0.1874508921875 0.430087628125
4 0.1987142859375 0.484891753125 0.172165178125 0.484891753125 0.172165178125 0.5164742265625 0.1987142859375 0.5164742265625 0.1987142859375 0.484891753125
4 0.1898616078125 0.56106185625 0.1649241078125 0.56106185625 0.1649241078125 0.5917164953125 0.1898616078125 0.5917164953125 0.1898616078125 0.56106185625
4 0.249397321875 0.186711340625 0.22284821406250002 0.186711340625 0.22284821406250002 0.21272164999999998 0.249397321875 0.21272164999999998 0.249397321875 0.186711340625
4 0.23008928593750003 0.21272164999999998 0.21400000000000002 0.21272164999999998 0.21400000000000002 0.24709278281249997 0.23008928593750003 0.24709278281249997 0.23008928593750003 0.21272164999999998
4 0.2123883921875 0.22293814374999998 0.1914732140625 0.22293814374999998 0.1914732140625 0.24802061874999998 0.2123883921875 0.24802061874999998 0.2123883921875 0.22293814374999998
4 0.1810133921875 0.170917525 0.1528571421875 0.170917525 0.1528571421875 0.205288659375 0.1810133921875 0.205288659375 0.1810133921875 0.170917525
4 0.1633125 0.1662731953125 0.127915178125 0.1662731953125 0.127915178125 0.19507216562500002 0.1633125 0.19507216562500002 0.1633125 0.1662731953125
4 0.140790178125 0.1913556703125 0.12308928593749999 0.1913556703125 0.12308928593749999 0.22479896875 0.140790178125 0.22479896875 0.140790178125 0.1913556703125
4 0.0844732140625 0.181139175 0.058727678125 0.181139175 0.058727678125 0.24709278281249997 0.0844732140625 0.24709278281249997 0.0844732140625 0.181139175
4 0.1005625 0.1309742265625 0.0740133921875 0.1309742265625 0.0740133921875 0.16534536093750002 0.1005625 0.16534536093750002 0.1005625 0.1309742265625
4 0.9742544640625 0.684608246875 0.9179419640625 0.684608246875 0.9179419640625 0.7496340203125 0.9742544640625 0.7496340203125 0.9742544640625 0.684608246875
4 0.979084821875 0.5861443296875 0.944491071875 0.5861443296875 0.944491071875 0.626087628125 0.979084821875 0.626087628125 0.979084821875 0.5861443296875
1 0.5977455359375 0.5917164953125 0.46500446406249996 0.5917164953125 0.46500446406249996 0.776572165625 0.5977455359375 0.776572165625 0.5977455359375 0.5917164953125
4 0.2566383921875 0.2953969078125 0.209977678125 0.2953969078125 0.209977678125 0.3399845359375 0.2566383921875 0.3399845359375 0.2566383921875 0.2953969078125
4 0.3636383921875 0.2006443296875 0.3443303578125 0.2006443296875 0.3443303578125 0.2201546390625 0.3636383921875 0.2201546390625 0.3636383921875 0.2006443296875
4 0.41270982187499994 0.18299484531250002 0.3917946421875 0.18299484531250002 0.3917946421875 0.2062164953125 0.41270982187499994 0.2062164953125 0.41270982187499994 0.18299484531250002
4 0.3853571421875 0.2322268046875 0.3660491078125 0.2322268046875 0.3660491078125 0.2610257734375 0.3853571421875 0.2610257734375 0.3853571421875 0.2322268046875
4 0.0160892859375 0.2062164953125 0.0016071421874999999 0.2062164953125 0.0016071421874999999 0.2443041234375 0.0160892859375 0.2443041234375 0.0160892859375 0.2062164953125
4 0.23089285781250002 0.011149484375000001 0.20595535781250002 0.011149484375000001 0.20595535781250002 0.042731959375 0.23089285781250002 0.042731959375 0.23089285781250002 0.011149484375000001
4 0.2590491078125 0.029726804687500004 0.23813392812499998 0.029726804687500004 0.23813392812499998 0.0548041234375 0.2590491078125 0.0548041234375 0.2590491078125 0.029726804687500004
4 0.1946919640625 0.0185773203125 0.1633125 0.0185773203125 0.1633125 0.0464432984375 0.1946919640625 0.0464432984375 0.1946919640625 0.0185773203125
2 0.7312946421875 0.0046443296875 0.002415178125 0.0046443296875 0.002415178125 0.42451546406249996 0.7312946421875 0.42451546406249996 0.7312946421875 0.0046443296875
2 0.40788392812499996 0.4310154640625 0.0032187500000000003 0.4310154640625 0.0032187500000000003 0.9307731953125 0.40788392812499996 0.9307731953125 0.40788392812499996 0.4310154640625
8 0.46017857187500005 0.8945412375 0.41270982187499994 0.8945412375 0.41270982187499994 0.9428453609374999 0.46017857187500005 0.9428453609374999 0.46017857187500005 0.8945412375
8 0.381334821875 0.8685360828125 0.3378928578125 0.8685360828125 0.3378928578125 0.8945412375 0.381334821875 0.8945412375 0.381334821875 0.8685360828125
4 0.390991071875 0.75427835 0.366852678125 0.75427835 0.366852678125 0.802582475 0.390991071875 0.802582475 0.390991071875 0.75427835
5 0.992758928125 0.4663144328125 0.659696428125 0.4663144328125 0.659696428125 0.9957938140625 0.992758928125 0.9957938140625 0.992758928125 0.4663144328125
8 0.46017857187500005 0.701329896875 0.44730357187500003 0.701329896875 0.44730357187500003 0.71711855625 0.46017857187500005 0.71711855625 0.46017857187500005 0.701329896875