8 0.71484375 0.1503928578125 0.6347678578125 0.1503928578125 0.6347678578125 0.2421875 0.71484375 0.2421875 0.71484375 0.1503928578125
4 0.2050803578125 0.1191428578125 0.1503928578125 0.1191428578125 0.1503928578125 0.2109375 0.2050803578125 0.2109375 0.2050803578125 0.1191428578125
4 0.2578125 0.12109375 0.2167991078125 0.12109375 0.2167991078125 0.234375 0.2578125 0.234375 0.2578125 0.12109375
4 0.9609375 0.1503928578125 0.8925803578125 0.1503928578125 0.8925803578125 0.26171875 0.9609375 0.26171875 0.9609375 0.1503928578125
4 0.8652366078125 0.0097678578125 0.7597678578125 0.0097678578125 0.7597678578125 0.1015625 0.8652366078125 0.1015625 0.8652366078125 0.0097678578125
4 0.07421875 0.1503928578125 0.02734375 0.1503928578125 0.02734375 0.2734375 0.07421875 0.2734375 0.07421875 0.1503928578125
4 0.99609375 0.5097678578125 0.6113303578125 0.5097678578125 0.6113303578125 0.578125 0.99609375 0.578125 0.99609375 0.5097678578125
8 0.03515625 0.2832053578125 0.0058616078125 0.2832053578125 0.0058616078125 0.3691428578125 0.03515625 0.3691428578125 0.03515625 0.2832053578125
8 0.5546875 0.6953125 0.5214866078125 0.6953125 0.5214866078125 0.7363303578125 0.5546875 0.7363303578125 0.5546875 0.6953125
8 0.4609375 0.734375 0.43164285781249995 0.734375 0.43164285781249995 0.78125 0.4609375 0.78125 0.4609375 0.734375
5 0.99609375 0.5332053578125 0.7871116078125 0.5332053578125 0.7871116078125 0.92578125 0.99609375 0.92578125 0.99609375 0.5332053578125
6 0.625 0.6171875 0.19921875 0.6171875 0.19921875 0.9941428578125 0.625 0.9941428578125 0.625 0.6171875
4 0.7324241078125 0.15234375 0.6386741078125 0.15234375 0.6386741078125 0.25 0.7324241078125 0.25 0.7324241078125 0.15234375