8 0.16796875 0.1171875 0.015625 0.1171875 0.015625 0.31640625 0.16796875 0.31640625 0.16796875 0.1171875
8 0.16796875 0.6484375 0.0136741078125 0.6484375 0.0136741078125 0.84765625 0.16796875 0.84765625 0.16796875 0.6484375
8 0.2988303578125 0.859375 0.1894553578125 0.859375 0.1894553578125 0.9394553578125 0.2988303578125 0.9394553578125 0.2988303578125 0.859375
8 0.9902366078125 0.1035178578125 0.9277366078125 0.1035178578125 0.9277366078125 0.2753928578125 0.9902366078125 0.2753928578125 0.9902366078125 0.1035178578125
8 0.9042991078125 0.59765625 0.87109375 0.59765625 0.87109375 0.64453125 0.9042991078125 0.64453125 0.9042991078125 0.59765625
8 0.8359375 0.8515625 0.78515625 0.8515625 0.78515625 0.9140625 0.8359375 0.9140625 0.8359375 0.8515625
5 0.609375 0.1484375 0.1113303578125 0.1484375 0.1113303578125 0.890625 0.609375 0.890625 0.609375 0.1484375
8 0.2128928578125 0.04296875 0.19140625 0.04296875 0.19140625 0.08203125 0.2128928578125 0.08203125 0.2128928578125 0.04296875
8 0.14453125 0.02734375 0.125 0.02734375 0.125 0.05859375 0.14453125 0.05859375 0.14453125 0.02734375
8 0.029299107812500003 0.25390625 0.00390625 0.25390625 0.00390625 0.3378928578125 0.029299107812500003 0.3378928578125 0.029299107812500003 0.25390625
8 0.046875 0.5 0.0234375 0.5 0.0234375 0.5332053578125 0.046875 0.5332053578125 0.046875 0.5
8 0.08203125 0.45508035781249995 0.0546875 0.45508035781249995 0.0546875 0.48046875 0.08203125 0.48046875 0.08203125 0.45508035781249995
8 0.16015625 0.8535178578125 0.13671875 0.8535178578125 0.13671875 0.8730491078125 0.16015625 0.8730491078125 0.16015625 0.8535178578125
4 0.9921875 0.10546875 0.92578125 0.10546875 0.92578125 0.23046875 0.9921875 0.23046875 0.9921875 0.10546875