8 0.9628928578125 0.30078125 0.9199241078125 0.30078125 0.9199241078125 0.3984375 0.9628928578125 0.3984375 0.9628928578125 0.30078125
8 0.9394553578125 0.6855491078125 0.890625 0.6855491078125 0.890625 0.7734375 0.9394553578125 0.7734375 0.9394553578125 0.6855491078125
8 0.69140625 0.84375 0.6503928578125 0.84375 0.6503928578125 0.890625 0.69140625 0.890625 0.69140625 0.84375
8 0.73046875 0.00390625 0.5449241078125 0.00390625 0.5449241078125 0.0625 0.73046875 0.0625 0.73046875 0.00390625
8 0.48046875 0.0566428578125 0.43359375 0.0566428578125 0.43359375 0.0996116078125 0.48046875 0.0996116078125 0.48046875 0.0566428578125
8 0.76171875 0.0722678578125 0.7246116078125 0.0722678578125 0.7246116078125 0.1269553578125 0.76171875 0.1269553578125 0.76171875 0.0722678578125
8 0.37890625 0.01953125 0.3339866078125 0.01953125 0.3339866078125 0.0566428578125 0.37890625 0.0566428578125 0.37890625 0.01953125
8 0.36328125 0.46289285781249995 0.2910178578125 0.46289285781249995 0.2910178578125 0.53515625 0.36328125 0.53515625 0.36328125 0.46289285781249995
4 0.1738303578125 0.51171875 0.0136741078125 0.51171875 0.0136741078125 0.6328125 0.1738303578125 0.6328125 0.1738303578125 0.51171875
4 0.7792991078125 0.8828125 0.7324241078125 0.8828125 0.7324241078125 0.91796875 0.7792991078125 0.91796875 0.7792991078125 0.8828125
4 0.7890625 0.8222678578125 0.75390625 0.8222678578125 0.75390625 0.8671875 0.7890625 0.8671875 0.7890625 0.8222678578125
4 0.7519553578125 0.6386741078125 0.6953125 0.6386741078125 0.6953125 0.7832053578125 0.7519553578125 0.7832053578125 0.7519553578125 0.6386741078125
4 0.58984375 0.1503928578125 0.5410178578125 0.1503928578125 0.5410178578125 0.18359375 0.58984375 0.18359375 0.58984375 0.1503928578125
8 0.67578125 0.3828125 0.5566428578125 0.3828125 0.5566428578125 0.4375 0.67578125 0.4375 0.67578125 0.3828125
5 0.40429910781249995 0.43359375 0.03515625 0.43359375 0.03515625 0.8359375 0.40429910781249995 0.8359375 0.40429910781249995 0.43359375
1 0.6015625 0.1660178578125 0.37109375 0.1660178578125 0.37109375 0.47070535781249995 0.6015625 0.47070535781249995 0.6015625 0.1660178578125
1 0.578125 0.49609375 0.42773660781249995 0.49609375 0.42773660781249995 0.6464866078125 0.578125 0.6464866078125 0.578125 0.49609375
8 0.6386741078125 0.78125 0.6191428578125 0.78125 0.6191428578125 0.80078125 0.6386741078125 0.80078125 0.6386741078125 0.78125
8 0.3183616078125 0.5839866078125 0.3046875 0.5839866078125 0.3046875 0.6035178578125 0.3183616078125 0.6035178578125 0.3183616078125 0.5839866078125
8 0.31640625 0.6464866078125 0.30078125 0.6464866078125 0.30078125 0.66015625 0.31640625 0.66015625 0.31640625 0.6464866078125
8 0.28515625 0.61328125 0.26953125 0.61328125 0.26953125 0.625 0.28515625 0.625 0.28515625 0.61328125
8 0.2421875 0.3984375 0.2285178578125 0.3984375 0.2285178578125 0.4140625 0.2421875 0.4140625 0.2421875 0.3984375
8 0.2871116078125 0.42383035781249995 0.2519553578125 0.42383035781249995 0.2519553578125 0.44726785781249995 0.2871116078125 0.44726785781249995 0.2871116078125 0.42383035781249995