3 0.339508928125 0.21150279374999997 0.26241517812500004 0.21150279374999997 0.26241517812500004 0.34322905000000004 0.339508928125 0.34322905000000004 0.339508928125 0.21150279374999997
3 0.2564866078125 0.32653072656250004 0.19940625 0.32653072656250004 0.19940625 0.42578770937500005 0.2564866078125 0.42578770937500005 0.2564866078125 0.32653072656250004
3 0.37138839218749997 0.4397039109375 0.27724107187499997 0.4397039109375 0.27724107187499997 0.5398882687500001 0.37138839218749997 0.5398882687500001 0.37138839218749997 0.4397039109375
3 0.45070535781250004 0.5278324015625 0.37954017812499996 0.5278324015625 0.37954017812499996 0.61688826875 0.45070535781250004 0.61688826875 0.45070535781250004 0.5278324015625
3 0.555227678125 0.3998156421875 0.4277232140625 0.3998156421875 0.4277232140625 0.5361787703124999 0.555227678125 0.5361787703124999 0.555227678125 0.3998156421875
3 0.7138616078125 0.43784916249999994 0.5648616078125 0.43784916249999994 0.5648616078125 0.5482402234375 0.7138616078125 0.5482402234375 0.7138616078125 0.43784916249999994
3 0.7516696421875 0.4536201125 0.7301696421874999 0.4536201125 0.7301696421874999 0.4842346375 0.7516696421875 0.4842346375 0.7516696421875 0.4536201125
3 0.7642678578125001 0.635441340625 0.746477678125 0.635441340625 0.746477678125 0.6753296093750001 0.7642678578125001 0.6753296093750001 0.7642678578125001 0.635441340625
3 0.7175669640625 0.66326815625 0.6308392859375 0.66326815625 0.6308392859375 0.7152178765625 0.7175669640625 0.7152178765625 0.7175669640625 0.66326815625
3 0.8094866078124999 0.5760670390625 0.778352678125 0.5760670390625 0.778352678125 0.6085363125 0.8094866078124999 0.6085363125 0.8094866078124999 0.5760670390625
3 0.30466964218750003 0.5519497203125 0.263897321875 0.5519497203125 0.263897321875 0.63265363125 0.30466964218750003 0.63265363125 0.30466964218750003 0.5519497203125
3 0.28984375 0.64749720625 0.263897321875 0.64749720625 0.263897321875 0.6975921781250001 0.28984375 0.6975921781250001 0.28984375 0.64749720625
3 0.0281696421875 0.5083519546875 0.0066696421875 0.5083519546875 0.0066696421875 0.612245809375 0.0281696421875 0.612245809375 0.0281696421875 0.5083519546875
7 0.9169776781250001 0.000927375 0.303928571875 0.000927375 0.303928571875 0.25046368750000003 0.9169776781250001 0.25046368750000003 0.9169776781250001 0.000927375
8 0.8235714281250001 0.7977765359375 0.747959821875 0.7977765359375 0.747959821875 0.8905419 0.8235714281250001 0.8905419 0.8235714281250001 0.7977765359375
8 0.7435133921875 0.83581005625 0.6997767859375 0.83581005625 0.6997767859375 0.9211564250000001 0.7435133921875 0.9211564250000001 0.7435133921875 0.83581005625
8 0.45885714218749996 0.7513966484375 0.4277232140625 0.7513966484375 0.4277232140625 0.8608547484375 0.45885714218749996 0.8608547484375 0.45885714218749996 0.7513966484375
8 0.2564866078125 0.635441340625 0.2238705359375 0.635441340625 0.2238705359375 0.6790391062500001 0.2564866078125 0.6790391062500001 0.2564866078125 0.635441340625
8 0.870272321875 0.5157709500000001 0.8139375 0.5157709500000001 0.8139375 0.57050279375 0.870272321875 0.57050279375 0.870272321875 0.5157709500000001
8 0.8636026781249999 0.5723575421875 0.8443303578125001 0.5723575421875 0.8443303578125001 0.6085363125 0.8636026781249999 0.6085363125 0.8636026781249999 0.5723575421875
8 0.8977008921875 0.5927653625 0.873241071875 0.5927653625 0.873241071875 0.6530614531250001 0.8977008921875 0.6530614531250001 0.8977008921875 0.5927653625
8 0.910303571875 0.6614134078125 0.8495178578125 0.6614134078125 0.8495178578125 0.721709496875 0.910303571875 0.721709496875 0.910303571875 0.6614134078125
8 0.5693125 0.5844189937500001 0.5359508921875 0.5844189937500001 0.5359508921875 0.6187430171875 0.5693125 0.6187430171875 0.5693125 0.5844189937500001
8 0.5455892859375 0.525977653125 0.511491071875 0.525977653125 0.511491071875 0.5667932953125 0.5455892859375 0.5667932953125 0.5455892859375 0.525977653125
8 0.5389196421875 0.644715084375 0.501852678125 0.644715084375 0.501852678125 0.6771843578125 0.5389196421875 0.6771843578125 0.5389196421875 0.644715084375
8 0.34914732187499997 0.562156425 0.3313571421875 0.562156425 0.3313571421875 0.5927653625 0.34914732187499997 0.5927653625 0.34914732187499997 0.562156425
8 0.16753125 0.0129888265625 0.1452946421875 0.0129888265625 0.1452946421875 0.044525139062500003 0.16753125 0.044525139062500003 0.16753125 0.0129888265625
8 0.19199553593750002 0.06493296093749999 0.13713839218749999 0.06493296093749999 0.13713839218749999 0.15584357499999998 0.19199553593750002 0.15584357499999998 0.19199553593750002 0.06493296093749999
8 0.1786517859375 0.20222905 0.148258928125 0.20222905 0.148258928125 0.238407821875 0.1786517859375 0.238407821875 0.1786517859375 0.20222905
8 0.154928571875 0.23191061406250002 0.1237946421875 0.23191061406250002 0.1237946421875 0.2801508375 0.154928571875 0.2801508375 0.154928571875 0.23191061406250002
8 0.1326919640625 0.187385475 0.10155803593749999 0.187385475 0.10155803593749999 0.22356424531250002 0.1326919640625 0.22356424531250002 0.1326919640625 0.187385475
8 0.1275 0.11502793281249998 0.10452232187499999 0.11502793281249998 0.10452232187499999 0.1660502796875 0.1275 0.1660502796875 0.1275 0.11502793281249998
8 0.24017857187499997 0.00834636875 0.180875 0.00834636875 0.180875 0.0769944140625 0.24017857187499997 0.0769944140625 0.24017857187499997 0.00834636875
8 0.232022321875 0.0788491625 0.2031116078125 0.0788491625 0.2031116078125 0.11317318437499999 0.232022321875 0.11317318437499999 0.232022321875 0.0788491625
8 0.26241517812500004 0.081631284375 0.23647321406250002 0.081631284375 0.23647321406250002 0.11781005625 0.26241517812500004 0.11781005625 0.26241517812500004 0.081631284375
8 0.2868794640625 0.25324580937499996 0.272053571875 0.25324580937499996 0.272053571875 0.27272625625 0.2868794640625 0.27272625625 0.2868794640625 0.25324580937499996
8 0.30022321406249997 0.2179944140625 0.289102678125 0.2179944140625 0.289102678125 0.2328379890625 0.30022321406249997 0.2328379890625 0.30022321406249997 0.2179944140625
8 0.3239419640625 0.28478770937500003 0.31134375 0.28478770937500003 0.31134375 0.29777653593750003 0.3239419640625 0.29777653593750003 0.3239419640625 0.28478770937500003
8 0.312084821875 0.30426815625 0.297258928125 0.30426815625 0.297258928125 0.32467597812500004 0.312084821875 0.32467597812500004 0.312084821875 0.30426815625
8 0.312084821875 0.34137430156250004 0.298 0.34137430156250004 0.298 0.359927375 0.312084821875 0.359927375 0.312084821875 0.34137430156250004
8 0.49073214218750005 0.49814525156249995 0.4692366078125 0.49814525156249995 0.4692366078125 0.5194804468750001 0.49073214218750005 0.5194804468750001 0.49073214218750005 0.49814525156249995
8 0.5077857140625001 0.5 0.49073214218750005 0.5 0.49073214218750005 0.518553071875 0.5077857140625001 0.518553071875 0.5077857140625001 0.5
8 0.5418839281250001 0.487016759375 0.5077857140625001 0.487016759375 0.5077857140625001 0.520407821875 0.5418839281250001 0.520407821875 0.5418839281250001 0.487016759375
8 0.5426249999999999 0.46011173124999993 0.53446875 0.46011173124999993 0.53446875 0.472173184375 0.5426249999999999 0.472173184375 0.5426249999999999 0.46011173124999993
8 0.48925 0.4276480453125 0.46849553593750004 0.4276480453125 0.46849553593750004 0.4582569828125 0.48925 0.4582569828125 0.48925 0.4276480453125
8 0.5137142859375 0.4397039109375 0.5040758921874999 0.4397039109375 0.5040758921874999 0.4499106140625 0.5137142859375 0.4499106140625 0.5137142859375 0.4397039109375
8 0.5174196421875 0.4582569828125 0.5077857140625001 0.4582569828125 0.5077857140625001 0.47124580937499994 0.5174196421875 0.47124580937499994 0.5174196421875 0.4582569828125
8 0.61453125 0.49258100625 0.606375 0.49258100625 0.606375 0.502787709375 0.61453125 0.502787709375 0.61453125 0.49258100625
8 0.7190491078125001 0.525977653125 0.697553571875 0.525977653125 0.697553571875 0.5491675984375 0.7190491078125001 0.5491675984375 0.7190491078125001 0.525977653125
8 0.23499107187499998 0.347865921875 0.21793749999999998 0.347865921875 0.21793749999999998 0.377553071875 0.23499107187499998 0.377553071875 0.23499107187499998 0.347865921875
8 0.3232008921875 0.49165363125 0.3135669640625 0.49165363125 0.3135669640625 0.5083519546875 0.3232008921875 0.5083519546875 0.3232008921875 0.49165363125
8 0.3951071421875 0.7968491625 0.3773169640625 0.7968491625 0.3773169640625 0.8274636875000001 0.3951071421875 0.8274636875000001 0.3951071421875 0.7968491625
8 0.9955535718749999 0.7838603359375 0.9822098218749999 0.7838603359375 0.9822098218749999 0.807983240625 0.9955535718749999 0.807983240625 0.9955535718749999 0.7838603359375
8 0.5441071421875 0.691094971875 0.530022321875 0.691094971875 0.530022321875 0.7133631281249999 0.5441071421875 0.7133631281249999 0.5441071421875 0.691094971875
8 0.501852678125 0.652134078125 0.49147321406250005 0.652134078125 0.49147321406250005 0.6641955312500001 0.501852678125 0.6641955312500001 0.501852678125 0.652134078125
3 0.48925 0.60111731875 0.44699999999999995 0.60111731875 0.44699999999999995 0.6577039109375 0.48925 0.6577039109375 0.48925 0.60111731875
3 0.14158482187500002 0.8831229046875 0.1208303578125 0.8831229046875 0.1208303578125 0.9026033515625 0.14158482187500002 0.9026033515625 0.14158482187500002 0.8831229046875