8 0.2750178578125 0.409094971875 0.2416607140625 0.409094971875 0.2416607140625 0.4591843578125 0.2750178578125 0.4591843578125 0.2750178578125 0.409094971875
8 0.44106696406249996 0.2040837984375 0.402522321875 0.2040837984375 0.402522321875 0.246754190625 0.44106696406249996 0.246754190625 0.44106696406249996 0.2040837984375
8 0.4536696421875 0.05658659218749999 0.424758928125 0.05658659218749999 0.424758928125 0.14378770937500002 0.4536696421875 0.14378770937500002 0.4536696421875 0.05658659218749999
8 0.39584821406250004 0.014843575000000001 0.37509375 0.014843575000000001 0.37509375 0.0528770953125 0.39584821406250004 0.0528770953125 0.39584821406250004 0.014843575000000001
8 0.3639732140625 0.1298715078125 0.34766517812500003 0.1298715078125 0.34766517812500003 0.1539888265625 0.3639732140625 0.1539888265625 0.3639732140625 0.1298715078125
8 0.3335803578125 0.238407821875 0.3143080359375 0.238407821875 0.3143080359375 0.26994413437500003 0.3335803578125 0.26994413437500003 0.3335803578125 0.238407821875
8 0.2075625 0.26994413437500003 0.18680357187500002 0.26994413437500003 0.18680357187500002 0.2949944140625 0.2075625 0.2949944140625 0.2075625 0.26994413437500003
8 0.238696428125 0.2820055859375 0.2194196421875 0.2820055859375 0.2194196421875 0.308905028125 0.238696428125 0.308905028125 0.238696428125 0.2820055859375
7 0.8665669640625 0.6855307265625 0.5307633921875 0.6855307265625 0.5307633921875 0.9990782125000001 0.8665669640625 0.9990782125000001 0.8665669640625 0.6855307265625
7 0.5307633921875 0.8237486031250001 0.148258928125 0.8237486031250001 0.148258928125 0.9990782125000001 0.5307633921875 0.9990782125000001 0.5307633921875 0.8237486031250001
4 0 0.9888715078124999 0.040772321875 0.9888715078124999 0.040772321875 0.9044581 0 0.9044581 0 0.9888715078124999
1 0.5826517859375 0.312614525 0.4455133921875 0.312614525 0.4455133921875 0.503715084375 0.5826517859375 0.503715084375 0.5826517859375 0.312614525
1 0.317272321875 0.28478770937500003 0.17420089218749998 0.28478770937500003 0.17420089218749998 0.4359944140625 0.317272321875 0.4359944140625 0.317272321875 0.28478770937500003
1 0.3973303578125 0.0528770953125 0.2750178578125 0.0528770953125 0.2750178578125 0.2040837984375 0.3973303578125 0.2040837984375 0.3973303578125 0.0528770953125
1 0.523352678125 0.0769944140625 0.431428571875 0.0769944140625 0.431428571875 0.183675978125 0.523352678125 0.183675978125 0.523352678125 0.0769944140625
5 0.4603392859375 0.025044692187500002 0.0074107140625 0.025044692187500002 0.0074107140625 0.744899440625 0.4603392859375 0.744899440625 0.4603392859375 0.025044692187500002
5 0.16530803593750001 0.7541787703125 0.0111205359375 0.7541787703125 0.0111205359375 0.94434636875 0.16530803593750001 0.94434636875 0.16530803593750001 0.7541787703125