4 0.44140625 0.47070535781249995 0.359375 0.47070535781249995 0.359375 0.5253928578125 0.44140625 0.5253928578125 0.44140625 0.47070535781249995
4 0.47265625 0.5390625 0.3964866078125 0.5390625 0.3964866078125 0.6347678578125 0.47265625 0.6347678578125 0.47265625 0.5390625
4 0.390625 0.61328125 0.3457053578125 0.61328125 0.3457053578125 0.6640625 0.390625 0.6640625 0.390625 0.61328125
4 0.640625 0.6074241078125 0.59765625 0.6074241078125 0.59765625 0.6621116078125 0.640625 0.6621116078125 0.640625 0.6074241078125
4 0.6777366078125 0.78125 0.6269553578125 0.78125 0.6269553578125 0.83984375 0.6777366078125 0.83984375 0.6777366078125 0.78125
4 0.6230491078125 0.27734375 0.578125 0.27734375 0.578125 0.3222678578125 0.6230491078125 0.3222678578125 0.6230491078125 0.27734375
4 0.453125 0.3671875 0.3886741078125 0.3671875 0.3886741078125 0.421875 0.453125 0.421875 0.453125 0.3671875
4 0 0.3515625 0.171875 0.3515625 0.171875 0.3105491078125 0 0.3105491078125 0 0.3515625
4 0.0332053578125 0.375 0.0019553578125 0.375 0.0019553578125 0.46875 0.0332053578125 0.46875 0.0332053578125 0.375
4 0.46484375 0.0019553578125 0.3769553578125 0.0019553578125 0.3769553578125 0.2636741078125 0.46484375 0.2636741078125 0.46484375 0.0019553578125
4 0.32421875 0.25390625 0.2265625 0.25390625 0.2265625 0.2910178578125 0.32421875 0.2910178578125 0.32421875 0.25390625
4 0.07421875 0.5371116078125 0.0214866078125 0.5371116078125 0.0214866078125 0.6621116078125 0.07421875 0.6621116078125 0.07421875 0.5371116078125
4 0.44921875 0.72265625 0.3183616078125 0.72265625 0.3183616078125 0.9433616078125 0.44921875 0.9433616078125 0.44921875 0.72265625
4 0.31640625 0.48242410781249995 0.2597678578125 0.48242410781249995 0.2597678578125 0.61328125 0.31640625 0.61328125 0.31640625 0.48242410781249995
5 0.984375 0.0390625 0.5214866078125 0.0390625 0.5214866078125 0.9707053578125 0.984375 0.9707053578125 0.984375 0.0390625
4 0.59765625 0.86328125 0.55859375 0.86328125 0.55859375 0.90625 0.59765625 0.90625 0.59765625 0.86328125
7 0.12890625 0.0703125 0.0019553578125 0.0703125 0.0019553578125 0.2734375 0.12890625 0.2734375 0.12890625 0.0703125
8 0.0859375 0.203125 0.0625 0.203125 0.0625 0.2285178578125 0.0859375 0.2285178578125 0.0859375 0.203125
8 0.025392857812500003 0.21484375 0.00390625 0.21484375 0.00390625 0.2421875 0.025392857812500003 0.2421875 0.025392857812500003 0.21484375
3 0.47070535781249995 0.1855491078125 0.43945535781249995 0.1855491078125 0.43945535781249995 0.21484375 0.47070535781249995 0.21484375 0.47070535781249995 0.1855491078125
4 0.77734375 0.6777366078125 0.75 0.6777366078125 0.75 0.7265625 0.77734375 0.7265625 0.77734375 0.6777366078125
4 0.14453125 0.7871116078125 0.0058616078125 0.7871116078125 0.0058616078125 0.9199241078125 0.14453125 0.9199241078125 0.14453125 0.7871116078125
4 0.2949241078125 0.8964866078125 0.12109375 0.8964866078125 0.12109375 0.9980491078125 0.2949241078125 0.9980491078125 0.2949241078125 0.8964866078125
4 0.2753928578125 0.6484375 0.1464866078125 0.6484375 0.1464866078125 0.7832053578125 0.2753928578125 0.7832053578125 0.2753928578125 0.6484375
4 0.27734375 0.49023660781249995 0.1269553578125 0.49023660781249995 0.1269553578125 0.65234375 0.27734375 0.65234375 0.27734375 0.49023660781249995
3 0.49804910781249995 0.3574241078125 0.44726785781249995 0.3574241078125 0.44726785781249995 0.3886741078125 0.49804910781249995 0.3886741078125 0.49804910781249995 0.3574241078125