4 0.30078125 0.7871116078125 0.1035178578125 0.7871116078125 0.1035178578125 0.98828125 0.30078125 0.98828125 0.30078125 0.7871116078125
3 0.8515625 0.80078125 0.703125 0.80078125 0.703125 0.953125 0.8515625 0.953125 0.8515625 0.80078125
3 0.98828125 0.19140625 0.83203125 0.19140625 0.83203125 0.5546875 0.98828125 0.5546875 0.98828125 0.19140625
3 0.8730491078125 0.28515625 0.6875 0.28515625 0.6875 0.43359375 0.8730491078125 0.43359375 0.8730491078125 0.28515625
3 0.46289285781249995 0.6855491078125 0.3828125 0.6855491078125 0.3828125 0.75390625 0.46289285781249995 0.75390625 0.46289285781249995 0.6855491078125
5 0.82421875 0.1777366078125 0.2089866078125 0.1777366078125 0.2089866078125 0.60546875 0.82421875 0.60546875 0.82421875 0.1777366078125
3 0.14453125 0.16015625 0.1152366078125 0.16015625 0.1152366078125 0.1855491078125 0.14453125 0.1855491078125 0.14453125 0.16015625
3 0.203125 0.0683616078125 0.1660178578125 0.0683616078125 0.1660178578125 0.10546875 0.203125 0.10546875 0.203125 0.0683616078125
3 0.1933616078125 0.1621116078125 0.1660178578125 0.1621116078125 0.1660178578125 0.1855491078125 0.1933616078125 0.1855491078125 0.1933616078125 0.1621116078125
3 0.3339866078125 0.1875 0.3066428578125 0.1875 0.3066428578125 0.2089866078125 0.3339866078125 0.2089866078125 0.3339866078125 0.1875
3 0.546875 0.05859375 0.49609375 0.05859375 0.49609375 0.0917991078125 0.546875 0.0917991078125 0.546875 0.05859375
3 0.7734375 0.03515625 0.7167991078125 0.03515625 0.7167991078125 0.0957053578125 0.7734375 0.0957053578125 0.7734375 0.03515625
3 0.7109375 0.1152366078125 0.6816428578125 0.1152366078125 0.6816428578125 0.1464866078125 0.7109375 0.1464866078125 0.7109375 0.1152366078125
4 0.07421875 0.13671875 0.0449241078125 0.13671875 0.0449241078125 0.1640625 0.07421875 0.1640625 0.07421875 0.13671875
4 0.43945535781249995 0.6953125 0.41601785781249995 0.6953125 0.41601785781249995 0.7363303578125 0.43945535781249995 0.7363303578125 0.43945535781249995 0.6953125
4 0.1777366078125 0.40429910781249995 0.15625 0.40429910781249995 0.15625 0.4296875 0.1777366078125 0.4296875 0.1777366078125 0.40429910781249995
4 0.2285178578125 0.41992410781249995 0.2089866078125 0.41992410781249995 0.2089866078125 0.4375 0.2285178578125 0.4375 0.2285178578125 0.41992410781249995
4 0.8339866078125 0.828125 0.7949241078125 0.828125 0.7949241078125 0.8886741078125 0.8339866078125 0.8886741078125 0.8339866078125 0.828125
3 0.2480491078125 0.9375 0.1933616078125 0.9375 0.1933616078125 0.9902366078125 0.2480491078125 0.9902366078125 0.2480491078125 0.9375
3 0.64453125 0.7578125 0.62109375 0.7578125 0.62109375 0.8046875 0.64453125 0.8046875 0.64453125 0.7578125