4 0.8066428578125 0.0078125 0.73828125 0.0078125 0.73828125 0.0800803578125 0.8066428578125 0.0800803578125 0.8066428578125 0.0078125
4 0.71875 0.0527366078125 0.671875 0.0527366078125 0.671875 0.1816428578125 0.71875 0.1816428578125 0.71875 0.0527366078125
4 0.8652366078125 0.12109375 0.75390625 0.12109375 0.75390625 0.46289285781249995 0.8652366078125 0.46289285781249995 0.8652366078125 0.12109375
8 0.5957053578125 0.5175803578125 0.50390625 0.5175803578125 0.50390625 0.6113303578125 0.5957053578125 0.6113303578125 0.5957053578125 0.5175803578125
6 0.43554910781249995 0.6953125 0.1542991078125 0.6953125 0.1542991078125 0.9941428578125 0.43554910781249995 0.9941428578125 0.43554910781249995 0.6953125
5 0.5878928578125 0.00390625 0.0058616078125 0.00390625 0.0058616078125 0.48633035781249995 0.5878928578125 0.48633035781249995 0.5878928578125 0.00390625
5 0.40429910781249995 0.45508035781249995 0.0019553578125 0.45508035781249995 0.0019553578125 0.734375 0.40429910781249995 0.734375 0.40429910781249995 0.45508035781249995
8 0.6777366078125 0.58203125 0.6503928578125 0.58203125 0.6503928578125 0.6035178578125 0.6777366078125 0.6035178578125 0.6777366078125 0.58203125
8 0.83203125 0.1933616078125 0.80078125 0.1933616078125 0.80078125 0.34375 0.83203125 0.34375 0.83203125 0.1933616078125
8 0.7910178578125 0.1425803578125 0.7578125 0.1425803578125 0.7578125 0.16796875 0.7910178578125 0.16796875 0.7910178578125 0.1425803578125
7 0.953125 0.8730491078125 0.8203125 0.8730491078125 0.8203125 0.9941428578125 0.953125 0.9941428578125 0.953125 0.8730491078125
8 0.7441428578125 0.41015625 0.7207053578125 0.41015625 0.7207053578125 0.45117410781249995 0.7441428578125 0.45117410781249995 0.7441428578125 0.41015625
8 0.78125 0.3984375 0.765625 0.3984375 0.765625 0.4140625 0.78125 0.4140625 0.78125 0.3984375
8 0.6816428578125 0.46679910781249995 0.6640625 0.46679910781249995 0.6640625 0.49023660781249995 0.6816428578125 0.49023660781249995 0.6816428578125 0.46679910781249995