4 0.6542991078125 0.15625 0.5097678578125 0.15625 0.5097678578125 0.2714866078125 0.6542991078125 0.2714866078125 0.6542991078125 0.15625
4 0.9160178578125 0.0234375 0.74609375 0.0234375 0.74609375 0.1386741078125 0.9160178578125 0.1386741078125 0.9160178578125 0.0234375
3 0.828125 0.6972678578125 0.7285178578125 0.6972678578125 0.7285178578125 0.8359375 0.828125 0.8359375 0.828125 0.6972678578125
3 0.49804910781249995 0.7988303578125 0.44726785781249995 0.7988303578125 0.44726785781249995 0.8457053578125 0.49804910781249995 0.8457053578125 0.49804910781249995 0.7988303578125
3 0.21484375 0.5722678578125 0.10546875 0.5722678578125 0.10546875 0.62890625 0.21484375 0.62890625 0.21484375 0.5722678578125
3 0.13671875 0.54296875 0.05859375 0.54296875 0.05859375 0.6152366078125 0.13671875 0.6152366078125 0.13671875 0.54296875
3 0.9941428578125 0.328125 0.91015625 0.328125 0.91015625 0.4296875 0.9941428578125 0.4296875 0.9941428578125 0.328125
5 0.6621116078125 0.2480491078125 0.2675803578125 0.2480491078125 0.2675803578125 0.48633035781249995 0.6621116078125 0.48633035781249995 0.6621116078125 0.2480491078125
3 0.85546875 0.4453125 0.8203125 0.4453125 0.8203125 0.48046875 0.85546875 0.48046875 0.85546875 0.4453125
3 0.8691428578125 0.41211160781249995 0.83984375 0.41211160781249995 0.83984375 0.45117410781249995 0.8691428578125 0.45117410781249995 0.8691428578125 0.41211160781249995
3 0.7578125 0.5253928578125 0.71875 0.5253928578125 0.71875 0.55859375 0.7578125 0.55859375 0.7578125 0.5253928578125
3 0.1386741078125 0.7949241078125 0.1113303578125 0.7949241078125 0.1113303578125 0.828125 0.1386741078125 0.828125 0.1386741078125 0.7949241078125
3 0.1308616078125 0.828125 0.1152366078125 0.828125 0.1152366078125 0.8496116078125 0.1308616078125 0.8496116078125 0.1308616078125 0.828125
4 0.2441428578125 0.359375 0.2050803578125 0.359375 0.2050803578125 0.3964866078125 0.2441428578125 0.3964866078125 0.2441428578125 0.359375
8 0.7714866078125 0.7949241078125 0.7519553578125 0.7949241078125 0.7519553578125 0.8046875 0.7714866078125 0.8046875 0.7714866078125 0.7949241078125
8 0.7753928578125 0.81640625 0.7558616078125 0.81640625 0.7558616078125 0.83203125 0.7753928578125 0.83203125 0.7753928578125 0.81640625
8 0.75 0.7734375 0.73828125 0.7734375 0.73828125 0.7832053578125 0.75 0.7832053578125 0.75 0.7734375
8 0.7988303578125 0.75 0.78515625 0.75 0.78515625 0.76953125 0.7988303578125 0.76953125 0.7988303578125 0.75
8 0.78515625 0.7207053578125 0.765625 0.7207053578125 0.765625 0.73828125 0.78515625 0.73828125 0.78515625 0.7207053578125