8 0.5500357140625 0.8005586593749999 0.49073214218750005 0.8005586593749999 0.49073214218750005 0.83581005625 0.5500357140625 0.83581005625 0.5500357140625 0.8005586593749999
8 0.39584821406250004 0.14378770937500002 0.3602678578125 0.14378770937500002 0.3602678578125 0.183675978125 0.39584821406250004 0.183675978125 0.39584821406250004 0.14378770937500002
8 0.3765758921875 0.06864804531249999 0.352852678125 0.06864804531249999 0.352852678125 0.097402234375 0.3765758921875 0.097402234375 0.3765758921875 0.06864804531249999
8 0.36175 0.11502793281249998 0.3380267859375 0.11502793281249998 0.3380267859375 0.14378770937500002 0.36175 0.14378770937500002 0.36175 0.11502793281249998
8 0.37509375 0.10760893906249999 0.3602678578125 0.10760893906249999 0.3602678578125 0.13172625625 0.37509375 0.13172625625 0.37509375 0.10760893906249999
8 0.41808928593749994 0.187385475 0.384727678125 0.187385475 0.384727678125 0.22449162031249997 0.41808928593749994 0.22449162031249997 0.41808928593749994 0.187385475
8 0.4277232140625 0.28293296093750003 0.4091919640625 0.28293296093750003 0.4091919640625 0.32467597812500004 0.4277232140625 0.32467597812500004 0.4277232140625 0.28293296093750003
8 0.4373616078125 0.338592178125 0.4136383921875 0.338592178125 0.4136383921875 0.3766256984375 0.4373616078125 0.3766256984375 0.4373616078125 0.338592178125
8 0.49740624999999994 0.33488268125 0.471459821875 0.33488268125 0.471459821875 0.359 0.49740624999999994 0.359 0.49740624999999994 0.33488268125
8 0.4136383921875 0.386826815625 0.3721294640625 0.386826815625 0.3721294640625 0.4276480453125 0.4136383921875 0.4276480453125 0.4136383921875 0.386826815625
8 0.515196428125 0.44155865937499994 0.49740624999999994 0.44155865937499994 0.49740624999999994 0.472173184375 0.515196428125 0.472173184375 0.515196428125 0.44155865937499994
8 0.45218749999999996 0.4397039109375 0.3817633921875 0.4397039109375 0.3817633921875 0.518553071875 0.45218749999999996 0.518553071875 0.45218749999999996 0.4397039109375
8 0.478133928125 0.4053798875 0.4455133921875 0.4053798875 0.4455133921875 0.503715084375 0.478133928125 0.503715084375 0.478133928125 0.4053798875
8 0.48925 0.4230055859375 0.47442410781250005 0.4230055859375 0.47442410781250005 0.45176536250000005 0.48925 0.45176536250000005 0.48925 0.4230055859375
8 0.49740624999999994 0.6410055859375 0.47961607187500005 0.6410055859375 0.47961607187500005 0.666977653125 0.49740624999999994 0.666977653125 0.49740624999999994 0.6410055859375
8 0.48554464218750004 0.6428603359375 0.466272321875 0.6428603359375 0.466272321875 0.6706871515625 0.48554464218750004 0.6706871515625 0.48554464218750004 0.6428603359375
8 0.46701339218750004 0.6391508375 0.4492232140625 0.6391508375 0.4492232140625 0.6651229046875 0.46701339218750004 0.6651229046875 0.46701339218750004 0.6391508375
8 0.7724241078125 0.159553071875 0.7516696421875 0.159553071875 0.7516696421875 0.1901675984375 0.7724241078125 0.1901675984375 0.7724241078125 0.159553071875
8 0.6115625 0.0834860328125 0.5908080359375 0.0834860328125 0.5908080359375 0.10946368749999999 0.6115625 0.10946368749999999 0.6115625 0.0834860328125
8 0.217196428125 0.22634636874999997 0.1979241078125 0.22634636874999997 0.1979241078125 0.25788826875000004 0.217196428125 0.25788826875000004 0.217196428125 0.22634636874999997
8 0.29948214218749997 0.11131843593749999 0.2750178578125 0.11131843593749999 0.2750178578125 0.1391452515625 0.29948214218749997 0.1391452515625 0.29948214218749997 0.11131843593749999
8 0.28465625 0.0491675984375 0.26241517812500004 0.0491675984375 0.26241517812500004 0.0788491625 0.28465625 0.0788491625 0.28465625 0.0491675984375
8 0.29429017812499997 0.02318994375 0.272053571875 0.02318994375 0.272053571875 0.054731843749999995 0.29429017812499997 0.054731843749999995 0.29429017812499997 0.02318994375
8 0.4492232140625 0.5482402234375 0.431428571875 0.5482402234375 0.431428571875 0.5723575421875 0.4492232140625 0.5723575421875 0.4492232140625 0.5482402234375
8 0.552258928125 0.5640111734375 0.5322455359375 0.5640111734375 0.5322455359375 0.5927653625 0.552258928125 0.5927653625 0.552258928125 0.5640111734375
8 0.4877678578125 0.0927653625 0.4603392859375 0.0927653625 0.4603392859375 0.1196648046875 0.4877678578125 0.1196648046875 0.4877678578125 0.0927653625
8 0.45070535781250004 0.06864804531249999 0.4277232140625 0.06864804531249999 0.4277232140625 0.0927653625 0.45070535781250004 0.0927653625 0.45070535781250004 0.06864804531249999
8 0.45218749999999996 0.10296647968749999 0.4373616078125 0.10296647968749999 0.4373616078125 0.1252346375 0.45218749999999996 0.1252346375 0.45218749999999996 0.10296647968749999
8 0.2335044640625 0.05658659218749999 0.21423214218750003 0.05658659218749999 0.21423214218750003 0.081631284375 0.2335044640625 0.081631284375 0.2335044640625 0.05658659218749999
8 0.2157142859375 0.030614524999999997 0.193477678125 0.030614524999999997 0.193477678125 0.0528770953125 0.2157142859375 0.0528770953125 0.2157142859375 0.030614524999999997
8 0.510008928125 0.28664245781250003 0.4951830359375 0.28664245781250003 0.4951830359375 0.3209664796875 0.510008928125 0.3209664796875 0.510008928125 0.28664245781250003
8 0.5730178578125 0.9526927374999999 0.5596741078125 0.9526927374999999 0.5596741078125 0.9777430171875 0.5730178578125 0.9777430171875 0.5730178578125 0.9526927374999999
3 0.826540178125 0.02318994375 0.8087455359375 0.02318994375 0.8087455359375 0.054731843749999995 0.826540178125 0.054731843749999995 0.826540178125 0.02318994375
3 0.8057812500000001 0.014843575000000001 0.7850267859375 0.014843575000000001 0.7850267859375 0.0463798875 0.8057812500000001 0.0463798875 0.8057812500000001 0.014843575000000001
3 0.7894732140625 0.034324021875 0.76871875 0.034324021875 0.76871875 0.06493296093749999 0.7894732140625 0.06493296093749999 0.7894732140625 0.034324021875
3 0.7709419640624999 0.026899440625 0.7494419640625 0.026899440625 0.7494419640625 0.06493296093749999 0.7709419640624999 0.06493296093749999 0.7709419640624999 0.026899440625
7 0.225352678125 0.9072402234375 0.1275 0.9072402234375 0.1275 0.9990782125000001 0.225352678125 0.9990782125000001 0.225352678125 0.9072402234375