4 0.7636741078125 0.49609375 0.53515625 0.49609375 0.53515625 0.66796875 0.7636741078125 0.66796875 0.7636741078125 0.49609375
4 0.85546875 0.65625 0.734375 0.65625 0.734375 0.7636741078125 0.85546875 0.7636741078125 0.85546875 0.65625
4 0.6308616078125 0.78515625 0.59375 0.78515625 0.59375 0.890625 0.6308616078125 0.890625 0.6308616078125 0.78515625
4 0.5234375 0.49804910781249995 0.43164285781249995 0.49804910781249995 0.43164285781249995 0.6269553578125 0.5234375 0.6269553578125 0.5234375 0.49804910781249995
4 0.26953125 0.2089866078125 0.06640625 0.2089866078125 0.06640625 0.4609375 0.26953125 0.4609375 0.26953125 0.2089866078125
4 0.30859375 0.484375 0.25390625 0.484375 0.25390625 0.546875 0.30859375 0.546875 0.30859375 0.484375
4 0.5019553578125 0.015625 0.328125 0.015625 0.328125 0.375 0.5019553578125 0.375 0.5019553578125 0.015625
4 0.6953125 0.0078125 0.5292991078125 0.0078125 0.5292991078125 0.3125 0.6953125 0.3125 0.6953125 0.0078125
4 0.8359375 0.3339866078125 0.77734375 0.3339866078125 0.77734375 0.41211160781249995 0.8359375 0.41211160781249995 0.8359375 0.3339866078125
4 0.95703125 0.2832053578125 0.8925803578125 0.2832053578125 0.8925803578125 0.38671875 0.95703125 0.38671875 0.95703125 0.2832053578125
4 0.2363303578125 0.5332053578125 0.0019553578125 0.5332053578125 0.0019553578125 0.97265625 0.2363303578125 0.97265625 0.2363303578125 0.5332053578125
3 0.46679910781249995 0.2089866078125 0.3574241078125 0.2089866078125 0.3574241078125 0.3417991078125 0.46679910781249995 0.3417991078125 0.46679910781249995 0.2089866078125
3 0.203125 0.2324241078125 0.0859375 0.2324241078125 0.0859375 0.3808616078125 0.203125 0.3808616078125 0.203125 0.2324241078125
3 0.32421875 0.3828125 0.1816428578125 0.3828125 0.1816428578125 0.5703125 0.32421875 0.5703125 0.32421875 0.3828125
3 0.9941428578125 0.45508035781249995 0.8261741078125 0.45508035781249995 0.8261741078125 0.63671875 0.9941428578125 0.63671875 0.9941428578125 0.45508035781249995
3 0.9921875 0.40820535781249995 0.95703125 0.40820535781249995 0.95703125 0.48633035781249995 0.9921875 0.48633035781249995 0.9921875 0.40820535781249995
3 0.2167991078125 0.625 0.0058616078125 0.625 0.0058616078125 0.9042991078125 0.2167991078125 0.9042991078125 0.2167991078125 0.625
3 0.5527366078125 0.6796875 0.5058616078125 0.6796875 0.5058616078125 0.7558616078125 0.5527366078125 0.7558616078125 0.5527366078125 0.6796875
3 0.6347678578125 0.6484375 0.5605491078125 0.6484375 0.5605491078125 0.7109375 0.6347678578125 0.7109375 0.6347678578125 0.6484375
8 0.41796875 0.2050803578125 0.3828125 0.2050803578125 0.3828125 0.2558616078125 0.41796875 0.2558616078125 0.41796875 0.2050803578125
8 0.3105491078125 0 0.3105491078125 0.0722678578125 0.39453125 0.0722678578125 0.39453125 0 0.3105491078125 0
8 0.4453125 0.13671875 0.421875 0.13671875 0.421875 0.1660178578125 0.4453125 0.1660178578125 0.4453125 0.13671875
8 0.42773660781249995 0.09375 0.41015625 0.09375 0.41015625 0.1230491078125 0.42773660781249995 0.1230491078125 0.42773660781249995 0.09375
8 0.2363303578125 0.2285178578125 0.1855491078125 0.2285178578125 0.1855491078125 0.3144553578125 0.2363303578125 0.3144553578125 0.2363303578125 0.2285178578125
8 0.27734375 0.32421875 0.2480491078125 0.32421875 0.2480491078125 0.359375 0.27734375 0.359375 0.27734375 0.32421875
7 0.2050803578125 0.01171875 0.00390625 0.01171875 0.00390625 0.5917991078125 0.2050803578125 0.5917991078125 0.2050803578125 0.01171875
7 0.5957053578125 0.00390625 0.0078125 0.00390625 0.0078125 0.44140625 0.5957053578125 0.44140625 0.5957053578125 0.00390625