8 0.30078125 0.0410178578125 0.1484375 0.0410178578125 0.1484375 0.1484375 0.30078125 0.1484375 0.30078125 0.0410178578125
3 0.47851785781249995 0.46679910781249995 0.41211160781249995 0.46679910781249995 0.41211160781249995 0.5175803578125 0.47851785781249995 0.5175803578125 0.47851785781249995 0.46679910781249995
3 0.66796875 0.3886741078125 0.58203125 0.3886741078125 0.58203125 0.4765625 0.66796875 0.4765625 0.66796875 0.3886741078125
3 0.2636741078125 0.45117410781249995 0.20703125 0.45117410781249995 0.20703125 0.53515625 0.2636741078125 0.53515625 0.2636741078125 0.45117410781249995
4 0.8203125 0.234375 0.7734375 0.234375 0.7734375 0.28515625 0.8203125 0.28515625 0.8203125 0.234375
4 0.90234375 0.8046875 0.8457053578125 0.8046875 0.8457053578125 0.8691428578125 0.90234375 0.8691428578125 0.90234375 0.8046875
7 0.11328125 0.025392857812500003 0.01171875 0.025392857812500003 0.01171875 0.1347678578125 0.11328125 0.1347678578125 0.11328125 0.025392857812500003
4 0.0488303578125 0.74609375 0.0019553578125 0.74609375 0.0019553578125 0.85546875 0.0488303578125 0.85546875 0.0488303578125 0.74609375
4 0.65625 0.3886741078125 0.5859375 0.3886741078125 0.5859375 0.4609375 0.65625 0.4609375 0.65625 0.3886741078125
4 0.2597678578125 0.0644553578125 0.19140625 0.0644553578125 0.19140625 0.1484375 0.2597678578125 0.1484375 0.2597678578125 0.0644553578125
4 0.44726785781249995 0.72265625 0.41015625 0.72265625 0.41015625 0.78125 0.44726785781249995 0.78125 0.44726785781249995 0.72265625
4 0.45117410781249995 0.8457053578125 0.41015625 0.8457053578125 0.41015625 0.9140625 0.45117410781249995 0.9140625 0.45117410781249995 0.8457053578125
4 0.1328125 0.88671875 0.0761741078125 0.88671875 0.0761741078125 0.9511741078125 0.1328125 0.9511741078125 0.1328125 0.88671875
8 0.11328125 0.90234375 0.08203125 0.90234375 0.08203125 0.9355491078125 0.11328125 0.9355491078125 0.11328125 0.90234375
4 0.265625 0.46484375 0.2167991078125 0.46484375 0.2167991078125 0.5234375 0.265625 0.5234375 0.265625 0.46484375
4 0.2890625 0.47851785781249995 0.2675803578125 0.47851785781249995 0.2675803578125 0.50390625 0.2890625 0.50390625 0.2890625 0.47851785781249995