8 0.6582053578125 0.8691428578125 0.5449241078125 0.8691428578125 0.5449241078125 0.9707053578125 0.6582053578125 0.9707053578125 0.6582053578125 0.8691428578125
8 0.8144553578125 0.3378928578125 0.66015625 0.3378928578125 0.66015625 0.50390625 0.8144553578125 0.50390625 0.8144553578125 0.3378928578125
8 0.11328125 0.6972678578125 0.05859375 0.6972678578125 0.05859375 0.75390625 0.11328125 0.75390625 0.11328125 0.6972678578125
8 0.3964866078125 0.7558616078125 0.3183616078125 0.7558616078125 0.3183616078125 0.8144553578125 0.3964866078125 0.8144553578125 0.3964866078125 0.7558616078125
8 0.5410178578125 0.9316428578125 0.46875 0.9316428578125 0.46875 0.96484375 0.5410178578125 0.96484375 0.5410178578125 0.9316428578125
4 0.421875 0.40625 0.3125 0.40625 0.3125 0.484375 0.421875 0.484375 0.421875 0.40625
4 0.87109375 0.2675803578125 0.79296875 0.2675803578125 0.79296875 0.3203125 0.87109375 0.3203125 0.87109375 0.2675803578125
4 0.8027366078125 0.03515625 0.6425803578125 0.03515625 0.6425803578125 0.1347678578125 0.8027366078125 0.1347678578125 0.8027366078125 0.03515625
4 0.4765625 0.5136741078125 0.3339866078125 0.5136741078125 0.3339866078125 0.56640625 0.4765625 0.56640625 0.4765625 0.5136741078125
4 0.1347678578125 0.8339866078125 0.08984375 0.8339866078125 0.08984375 0.875 0.1347678578125 0.875 0.1347678578125 0.8339866078125
6 0.7675803578125 0.7558616078125 0.2832053578125 0.7558616078125 0.2832053578125 0.98828125 0.7675803578125 0.98828125 0.7675803578125 0.7558616078125
5 0.98828125 0.6171875 0.5761741078125 0.6171875 0.5761741078125 0.97265625 0.98828125 0.97265625 0.98828125 0.6171875
8 0.6425803578125 0.59375 0.5332053578125 0.59375 0.5332053578125 0.6699241078125 0.6425803578125 0.6699241078125 0.6425803578125 0.59375
8 0.1816428578125 0.55859375 0.1484375 0.55859375 0.1484375 0.5917991078125 0.1816428578125 0.5917991078125 0.1816428578125 0.55859375