4 0.859375 0.1425803578125 0.73828125 0.1425803578125 0.73828125 0.20703125 0.859375 0.20703125 0.859375 0.1425803578125
4 0.9121116078125 0.109375 0.8457053578125 0.109375 0.8457053578125 0.171875 0.9121116078125 0.171875 0.9121116078125 0.109375
4 0.9433616078125 0.109375 0.9199241078125 0.109375 0.9199241078125 0.1640625 0.9433616078125 0.1640625 0.9433616078125 0.109375
4 0.9824241078125 0.12890625 0.90234375 0.12890625 0.90234375 0.2480491078125 0.9824241078125 0.2480491078125 0.9824241078125 0.12890625
4 0.9921875 0.2753928578125 0.9589866078125 0.2753928578125 0.9589866078125 0.33203125 0.9921875 0.33203125 0.9921875 0.2753928578125
4 0.9863303578125 0.33984375 0.9355491078125 0.33984375 0.9355491078125 0.43945535781249995 0.9863303578125 0.43945535781249995 0.9863303578125 0.33984375
8 0.859375 0.1484375 0.7363303578125 0.1484375 0.7363303578125 0.20703125 0.859375 0.20703125 0.859375 0.1484375
8 0.9707053578125 0.34375 0.9375 0.34375 0.9375 0.4296875 0.9707053578125 0.4296875 0.9707053578125 0.34375
8 0.9472678578125 0.203125 0.9003928578125 0.203125 0.9003928578125 0.2578125 0.9472678578125 0.2578125 0.9472678578125 0.203125
8 0.9824241078125 0.1308616078125 0.921875 0.1308616078125 0.921875 0.2050803578125 0.9824241078125 0.2050803578125 0.9824241078125 0.1308616078125
6 0.48828125 0.6464866078125 0.21484375 0.6464866078125 0.21484375 0.9902366078125 0.48828125 0.9902366078125 0.48828125 0.6464866078125
2 0.9746116078125 0.7089866078125 0.6738303578125 0.7089866078125 0.6738303578125 0.9550803578125 0.9746116078125 0.9550803578125 0.9746116078125 0.7089866078125
5 0.57421875 0.625 0.3925803578125 0.625 0.3925803578125 0.7734375 0.57421875 0.7734375 0.57421875 0.625
2 0.890625 0.234375 0.58203125 0.234375 0.58203125 0.55859375 0.890625 0.55859375 0.890625 0.234375
2 0.45703125 0.1796875 0.3183616078125 0.1796875 0.3183616078125 0.33203125 0.45703125 0.33203125 0.45703125 0.1796875
2 0.9921875 0.5683616078125 0.5839866078125 0.5683616078125 0.5839866078125 0.70703125 0.9921875 0.70703125 0.9921875 0.5683616078125
2 0.24609375 0.42578125 0.109375 0.42578125 0.109375 0.73046875 0.24609375 0.73046875 0.24609375 0.42578125