7 0.9955535718749999 0.718 0.0296517859375 0.718 0.0296517859375 0.9990782125000001 0.9955535718749999 0.9990782125000001 0.9955535718749999 0.718
3 0.9955535718749999 0.52226815625 0.8754642859375 0.52226815625 0.8754642859375 0.6808938546875 0.9955535718749999 0.6808938546875 0.9955535718749999 0.52226815625
3 0.942178571875 0.730061453125 0.8754642859375 0.730061453125 0.8754642859375 0.7959217875 0.942178571875 0.7959217875 0.942178571875 0.730061453125
3 0.4603392859375 0.785715084375 0.394366071875 0.785715084375 0.394366071875 0.8608547484375 0.4603392859375 0.8608547484375 0.4603392859375 0.785715084375
3 0.46849553593750004 0.8423016765625 0.4284642859375 0.8423016765625 0.4284642859375 0.8849776531250001 0.46849553593750004 0.8849776531250001 0.46849553593750004 0.8423016765625
3 0.6664196421875 0.8525083796875 0.606375 0.8525083796875 0.606375 0.9044581 0.6664196421875 0.9044581 0.6664196421875 0.8525083796875
3 0.9229062499999999 0.16419553125 0.8925133921875 0.16419553125 0.8925133921875 0.19758659218750002 0.9229062499999999 0.19758659218750002 0.9229062499999999 0.16419553125
3 0.8302455359375 0.5844189937500001 0.523352678125 0.5844189937500001 0.523352678125 0.8766256984374999 0.8302455359375 0.8766256984374999 0.8302455359375 0.5844189937500001
3 0.9006651781249999 0.9211564250000001 0.8346919640625 0.9211564250000001 0.8346919640625 0.995363128125 0.9006651781249999 0.995363128125 0.9006651781249999 0.9211564250000001
8 0.4937008921875 0.27829608906250003 0.46849553593750004 0.27829608906250003 0.46849553593750004 0.3144748609375 0.4937008921875 0.3144748609375 0.4937008921875 0.27829608906250003
8 0.4284642859375 0.26252513906249997 0.4040044640625 0.26252513906249997 0.4040044640625 0.3024134078125 0.4284642859375 0.3024134078125 0.4284642859375 0.26252513906249997
8 0.5707946421875 0.2439720671875 0.5426249999999999 0.2439720671875 0.5426249999999999 0.27829608906250003 0.5707946421875 0.27829608906250003 0.5707946421875 0.2439720671875
8 0.5811696421875 0.09091061406249999 0.555227678125 0.09091061406249999 0.555227678125 0.12708938593750002 0.5811696421875 0.12708938593750002 0.5811696421875 0.09091061406249999
8 0.45218749999999996 0.1298715078125 0.4277232140625 0.1298715078125 0.4277232140625 0.17161452500000002 0.45218749999999996 0.17161452500000002 0.45218749999999996 0.1298715078125
8 0.26241517812500004 0.014843575000000001 0.24017857187499997 0.014843575000000001 0.24017857187499997 0.042670390625 0.26241517812500004 0.042670390625 0.26241517812500004 0.014843575000000001
8 0.4988883921875 0.1883128484375 0.47961607187500005 0.1883128484375 0.47961607187500005 0.22356424531250002 0.4988883921875 0.22356424531250002 0.4988883921875 0.1883128484375
8 0.4188303578125 0.14749720625 0.3899196421875 0.14749720625 0.3899196421875 0.176251396875 0.4188303578125 0.176251396875 0.4188303578125 0.14749720625
8 0.11416071406249999 0.2708715078125 0.0904375 0.2708715078125 0.0904375 0.3024134078125 0.11416071406249999 0.3024134078125 0.11416071406249999 0.2708715078125
3 0.9955535718749999 0.41373184375000005 0.4284642859375 0.41373184375000005 0.4284642859375 0.9962960890625 0.9955535718749999 0.9962960890625 0.9955535718749999 0.41373184375000005
3 0.9629375 0.0575139671875 0.8020758921875 0.0575139671875 0.8020758921875 0.4230055859375 0.9629375 0.4230055859375 0.9629375 0.0575139671875
3 0.270571428125 0.1103910609375 0.040772321875 0.1103910609375 0.040772321875 0.542675978125 0.270571428125 0.542675978125 0.270571428125 0.1103910609375
5 0.9710892859375001 0.00927374375 0.00815625 0.00927374375 0.00815625 0.5296871515625 0.9710892859375001 0.5296871515625 0.9710892859375001 0.00927374375