4 0.0566428578125 0.12890625 0.0214866078125 0.12890625 0.0214866078125 0.203125 0.0566428578125 0.203125 0.0566428578125 0.12890625
4 0.1796875 0.1699241078125 0.0839866078125 0.1699241078125 0.0839866078125 0.2714866078125 0.1796875 0.2714866078125 0.1796875 0.1699241078125
4 0.26953125 0.1796875 0.2050803578125 0.1796875 0.2050803578125 0.2324241078125 0.26953125 0.2324241078125 0.26953125 0.1796875
4 0.2714866078125 0.86328125 0.203125 0.86328125 0.203125 0.9199241078125 0.2714866078125 0.9199241078125 0.2714866078125 0.86328125
4 0.3457053578125 0.8574241078125 0.30859375 0.8574241078125 0.30859375 0.9277366078125 0.3457053578125 0.9277366078125 0.3457053578125 0.8574241078125
4 0.52734375 0.9140625 0.47070535781249995 0.9140625 0.47070535781249995 0.9609375 0.52734375 0.9609375 0.52734375 0.9140625
3 0.6777366078125 0.15234375 0.6269553578125 0.15234375 0.6269553578125 0.21875 0.6777366078125 0.21875 0.6777366078125 0.15234375
4 0.9433616078125 0.06640625 0.9003928578125 0.06640625 0.9003928578125 0.15234375 0.9433616078125 0.15234375 0.9433616078125 0.06640625
5 0.48046875 0.2753928578125 0.1015625 0.2753928578125 0.1015625 0.6738303578125 0.48046875 0.6738303578125 0.48046875 0.2753928578125
1 0.484375 0.640625 0.3378928578125 0.640625 0.3378928578125 0.8457053578125 0.484375 0.8457053578125 0.484375 0.640625
4 0.1777366078125 0.0078125 0.1308616078125 0.0078125 0.1308616078125 0.0644553578125 0.1777366078125 0.0644553578125 0.1777366078125 0.0078125
4 0.23828125 0.0566428578125 0.2089866078125 0.0566428578125 0.2089866078125 0.0878928578125 0.23828125 0.0878928578125 0.23828125 0.0566428578125
4 0.67578125 0.1816428578125 0.6386741078125 0.1816428578125 0.6386741078125 0.19921875 0.67578125 0.19921875 0.67578125 0.1816428578125
2 0.9921875 0.6777366078125 0.4765625 0.6777366078125 0.4765625 0.99609375 0.9921875 0.99609375 0.9921875 0.6777366078125
7 0.9765625 0.8144553578125 0.75 0.8144553578125 0.75 0.98828125 0.9765625 0.98828125 0.9765625 0.8144553578125
8 0.2421875 0.87890625 0.2128928578125 0.87890625 0.2128928578125 0.9082053578125 0.2421875 0.9082053578125 0.2421875 0.87890625
8 0.26171875 0.8808616078125 0.2480491078125 0.8808616078125 0.2480491078125 0.9082053578125 0.26171875 0.9082053578125 0.26171875 0.8808616078125
8 0.3339866078125 0.8613303578125 0.3105491078125 0.8613303578125 0.3105491078125 0.89453125 0.3339866078125 0.89453125 0.3339866078125 0.8613303578125
8 0.35546875 0.8964866078125 0.3203125 0.8964866078125 0.3203125 0.921875 0.35546875 0.921875 0.35546875 0.8964866078125
8 0.5 0.9277366078125 0.4765625 0.9277366078125 0.4765625 0.94921875 0.5 0.94921875 0.5 0.9277366078125