8 0.171875 0.3847678578125 0.08984375 0.3847678578125 0.08984375 0.5019553578125 0.171875 0.5019553578125 0.171875 0.3847678578125
8 0.65625 0.65234375 0.59765625 0.65234375 0.59765625 0.7050803578125 0.65625 0.7050803578125 0.65625 0.65234375
8 0.52734375 0.765625 0.46484375 0.765625 0.46484375 0.85546875 0.52734375 0.85546875 0.52734375 0.765625
8 0.47070535781249995 0.77734375 0.3652366078125 0.77734375 0.3652366078125 0.9277366078125 0.47070535781249995 0.9277366078125 0.47070535781249995 0.77734375
8 0.30859375 0.8261741078125 0.265625 0.8261741078125 0.265625 0.88671875 0.30859375 0.88671875 0.30859375 0.8261741078125
3 0.3261741078125 0.5332053578125 0.25 0.5332053578125 0.25 0.6113303578125 0.3261741078125 0.6113303578125 0.3261741078125 0.5332053578125
3 0.2050803578125 0.0761741078125 0.1425803578125 0.0761741078125 0.1425803578125 0.1328125 0.2050803578125 0.1328125 0.2050803578125 0.0761741078125
3 0.8535178578125 0.59765625 0.8046875 0.59765625 0.8046875 0.6621116078125 0.8535178578125 0.6621116078125 0.8535178578125 0.59765625
3 0.7207053578125 0.5605491078125 0.6777366078125 0.5605491078125 0.6777366078125 0.6113303578125 0.7207053578125 0.6113303578125 0.7207053578125 0.5605491078125
3 0.6484375 0.046875 0.6113303578125 0.046875 0.6113303578125 0.078125 0.6484375 0.078125 0.6484375 0.046875
3 0.6113303578125 0.0917991078125 0.5859375 0.0917991078125 0.5859375 0.1171875 0.6113303578125 0.1171875 0.6113303578125 0.0917991078125
3 0.8027366078125 0.390625 0.7636741078125 0.390625 0.7636741078125 0.41992410781249995 0.8027366078125 0.41992410781249995 0.8027366078125 0.390625
3 0.8808616078125 0.3496116078125 0.8613303578125 0.3496116078125 0.8613303578125 0.3671875 0.8808616078125 0.3671875 0.8808616078125 0.3496116078125
3 0.9277366078125 0.3671875 0.9042991078125 0.3671875 0.9042991078125 0.3925803578125 0.9277366078125 0.3925803578125 0.9277366078125 0.3671875
4 0.8457053578125 0.42578125 0.8222678578125 0.42578125 0.8222678578125 0.45898660781249995 0.8457053578125 0.45898660781249995 0.8457053578125 0.42578125
4 0.8359375 0.4765625 0.8183616078125 0.4765625 0.8183616078125 0.51171875 0.8359375 0.51171875 0.8359375 0.4765625
4 0.65625 0.6542991078125 0.6015625 0.6542991078125 0.6015625 0.7128928578125 0.65625 0.7128928578125 0.65625 0.6542991078125
8 0.2128928578125 0.3984375 0.19921875 0.3984375 0.19921875 0.42383035781249995 0.2128928578125 0.42383035781249995 0.2128928578125 0.3984375
8 0.28515625 0.5371116078125 0.265625 0.5371116078125 0.265625 0.609375 0.28515625 0.609375 0.28515625 0.5371116078125
8 0.3066428578125 0.56640625 0.29296875 0.56640625 0.29296875 0.58984375 0.3066428578125 0.58984375 0.3066428578125 0.56640625
8 0.3203125 0.58984375 0.3125 0.58984375 0.3125 0.6015625 0.3203125 0.6015625 0.3203125 0.58984375
8 0.2753928578125 0.6738303578125 0.24609375 0.6738303578125 0.24609375 0.6953125 0.2753928578125 0.6953125 0.2753928578125 0.6738303578125
8 0.2558616078125 0.6113303578125 0.2265625 0.6113303578125 0.2265625 0.6308616078125 0.2558616078125 0.6308616078125 0.2558616078125 0.6113303578125
8 0.1894553578125 0.0859375 0.17578125 0.0859375 0.17578125 0.09765625 0.1894553578125 0.09765625 0.1894553578125 0.0859375
8 0.18359375 0.12109375 0.171875 0.12109375 0.171875 0.1347678578125 0.18359375 0.1347678578125 0.18359375 0.12109375
8 0.7792991078125 0.6777366078125 0.76953125 0.6777366078125 0.76953125 0.6933616078125 0.7792991078125 0.6933616078125 0.7792991078125 0.6777366078125
8 0.703125 0.7324241078125 0.68359375 0.7324241078125 0.68359375 0.7558616078125 0.703125 0.7558616078125 0.703125 0.7324241078125
8 0.46875 0.71484375 0.45508035781249995 0.71484375 0.45508035781249995 0.73046875 0.46875 0.73046875 0.46875 0.71484375