4 0.91015625 0.3183616078125 0.83203125 0.3183616078125 0.83203125 0.5234375 0.91015625 0.5234375 0.91015625 0.3183616078125
4 0.8261741078125 0.49414285781249995 0.71484375 0.49414285781249995 0.71484375 0.7324241078125 0.8261741078125 0.7324241078125 0.8261741078125 0.49414285781249995
4 0.94921875 0.5546875 0.90234375 0.5546875 0.90234375 0.625 0.94921875 0.625 0.94921875 0.5546875
4 0.796875 0.7109375 0.6640625 0.7109375 0.6640625 0.9980491078125 0.796875 0.9980491078125 0.796875 0.7109375
4 0.6582053578125 0.78125 0.5253928578125 0.78125 0.5253928578125 0.98046875 0.6582053578125 0.98046875 0.6582053578125 0.78125
4 0.1816428578125 0.3828125 0.1191428578125 0.3828125 0.1191428578125 0.44726785781249995 0.1816428578125 0.44726785781249995 0.1816428578125 0.3828125
4 0.2050803578125 0.45703125 0.15234375 0.45703125 0.15234375 0.5371116078125 0.2050803578125 0.5371116078125 0.2050803578125 0.45703125
4 0.1113303578125 0.19140625 0.01171875 0.19140625 0.01171875 0.31640625 0.1113303578125 0.31640625 0.1113303578125 0.19140625
4 0.1855491078125 0.60546875 0.1386741078125 0.60546875 0.1386741078125 0.70703125 0.1855491078125 0.70703125 0.1855491078125 0.60546875
4 0.1972678578125 0.7089866078125 0.15625 0.7089866078125 0.15625 0.77734375 0.1972678578125 0.77734375 0.1972678578125 0.7089866078125
4 0.078125 0.76171875 0.02734375 0.76171875 0.02734375 0.83203125 0.078125 0.83203125 0.078125 0.76171875
4 0.45898660781249995 0.0097678578125 0.3886741078125 0.0097678578125 0.3886741078125 0.0917991078125 0.45898660781249995 0.0917991078125 0.45898660781249995 0.0097678578125
5 0.87109375 0.015625 0.43945535781249995 0.015625 0.43945535781249995 0.8066428578125 0.87109375 0.8066428578125 0.87109375 0.015625
4 0.8769553578125 0.10546875 0.8125 0.10546875 0.8125 0.1660178578125 0.8769553578125 0.1660178578125 0.8769553578125 0.10546875
4 0.91796875 0.1582053578125 0.859375 0.1582053578125 0.859375 0.2109375 0.91796875 0.2109375 0.91796875 0.1582053578125
7 0.9824241078125 0.8203125 0.6894553578125 0.8203125 0.6894553578125 0.9902366078125 0.9824241078125 0.9902366078125 0.9824241078125 0.8203125
8 0.0800803578125 0.6640625 0.0625 0.6640625 0.0625 0.6875 0.0800803578125 0.6875 0.0800803578125 0.6640625
8 0.03125 0.71484375 0.0058616078125 0.71484375 0.0058616078125 0.75 0.03125 0.75 0.03125 0.71484375
8 0.21875 0.5527366078125 0.1933616078125 0.5527366078125 0.1933616078125 0.5683616078125 0.21875 0.5683616078125 0.21875 0.5527366078125
3 0.328125 0.5625 0.3046875 0.5625 0.3046875 0.5839866078125 0.328125 0.5839866078125 0.328125 0.5625
4 0.99609375 0.59375 0.9355491078125 0.59375 0.9355491078125 0.62890625 0.99609375 0.62890625 0.99609375 0.59375