4 0.1796875 0.37109375 0.1035178578125 0.37109375 0.1035178578125 0.43945535781249995 0.1796875 0.43945535781249995 0.1796875 0.37109375
4 0.046875 0.2402366078125 0.0019553578125 0.2402366078125 0.0019553578125 0.3300803578125 0.046875 0.3300803578125 0.046875 0.2402366078125
4 0.65625 0.05859375 0.5996116078125 0.05859375 0.5996116078125 0.11328125 0.65625 0.11328125 0.65625 0.05859375
4 0.58203125 0.0683616078125 0.5136741078125 0.0683616078125 0.5136741078125 0.1230491078125 0.58203125 0.1230491078125 0.58203125 0.0683616078125
4 0.39453125 0.1875 0.3261741078125 0.1875 0.3261741078125 0.2558616078125 0.39453125 0.2558616078125 0.39453125 0.1875
4 0.34375 0.2480491078125 0.28515625 0.2480491078125 0.28515625 0.30078125 0.34375 0.30078125 0.34375 0.2480491078125
4 0.3125 0.2988303578125 0.2578125 0.2988303578125 0.2578125 0.3457053578125 0.3125 0.3457053578125 0.3125 0.2988303578125
4 0.2636741078125 0.328125 0.2265625 0.328125 0.2265625 0.37109375 0.2636741078125 0.37109375 0.2636741078125 0.328125
4 0 0.65625 0.0234375 0.65625 0.0234375 0.61328125 0 0.61328125 0 0.65625
4 0.171875 0.0078125 0.1269553578125 0.0078125 0.1269553578125 0.0449241078125 0.171875 0.0449241078125 0.171875 0.0078125
4 0.7441428578125 0.2871116078125 0.6972678578125 0.2871116078125 0.6972678578125 0.421875 0.7441428578125 0.421875 0.7441428578125 0.2871116078125
5 0.7910178578125 0.09375 0.3496116078125 0.09375 0.3496116078125 0.65625 0.7910178578125 0.65625 0.7910178578125 0.09375
4 0.0839866078125 0.0957053578125 0.0449241078125 0.0957053578125 0.0449241078125 0.12890625 0.0839866078125 0.12890625 0.0839866078125 0.0957053578125
4 0.0761741078125 0.1660178578125 0.03515625 0.1660178578125 0.03515625 0.24609375 0.0761741078125 0.24609375 0.0761741078125 0.1660178578125
4 0 0.49609375 0.0136741078125 0.49609375 0.0136741078125 0.47265625 0 0.47265625 0 0.49609375
4 0.5058616078125 0.1191428578125 0.421875 0.1191428578125 0.421875 0.15625 0.5058616078125 0.15625 0.5058616078125 0.1191428578125
4 0.73046875 0.1855491078125 0.6621116078125 0.1855491078125 0.6621116078125 0.2792991078125 0.73046875 0.2792991078125 0.73046875 0.1855491078125
4 0.2089866078125 0.44921875 0.15625 0.44921875 0.15625 0.60546875 0.2089866078125 0.60546875 0.2089866078125 0.44921875