8 0.6503928578125 0.76171875 0.57421875 0.76171875 0.57421875 0.83984375 0.6503928578125 0.83984375 0.6503928578125 0.76171875
4 0.76953125 0.8574241078125 0.5019553578125 0.8574241078125 0.5019553578125 0.9941428578125 0.76953125 0.9941428578125 0.76953125 0.8574241078125
4 0.7871116078125 0.21875 0.7285178578125 0.21875 0.7285178578125 0.2734375 0.7871116078125 0.2734375 0.7871116078125 0.21875
4 0.71484375 0.2734375 0.6699241078125 0.2734375 0.6699241078125 0.328125 0.71484375 0.328125 0.71484375 0.2734375
4 0.9707053578125 0.3769553578125 0.9375 0.3769553578125 0.9375 0.43554910781249995 0.9707053578125 0.43554910781249995 0.9707053578125 0.3769553578125
4 0.9296875 0.3515625 0.8925803578125 0.3515625 0.8925803578125 0.40625 0.9296875 0.40625 0.9296875 0.3515625
3 0.546875 0.41796875 0.5058616078125 0.41796875 0.5058616078125 0.47070535781249995 0.546875 0.47070535781249995 0.546875 0.41796875
3 0.43359375 0.4609375 0.3847678578125 0.4609375 0.3847678578125 0.5136741078125 0.43359375 0.5136741078125 0.43359375 0.4609375
4 0.984375 0.08984375 0.8769553578125 0.08984375 0.8769553578125 0.25 0.984375 0.25 0.984375 0.08984375
4 0.34375 0.0019553578125 0.28515625 0.0019553578125 0.28515625 0.06640625 0.34375 0.06640625 0.34375 0.0019553578125
4 0.2285178578125 0.5058616078125 0.1484375 0.5058616078125 0.1484375 0.5800803578125 0.2285178578125 0.5800803578125 0.2285178578125 0.5058616078125
8 0.0644553578125 0.8222678578125 0.0097678578125 0.8222678578125 0.0097678578125 0.87890625 0.0644553578125 0.87890625 0.0644553578125 0.8222678578125
8 0.0800803578125 0.25390625 0.046875 0.25390625 0.046875 0.3359375 0.0800803578125 0.3359375 0.0800803578125 0.25390625
8 0 0.1953125 0.046875 0.1953125 0.046875 0.12890625 0 0.12890625 0 0.1953125
4 0.6464866078125 0.765625 0.58203125 0.765625 0.58203125 0.8378928578125 0.6464866078125 0.8378928578125 0.6464866078125 0.765625
4 0.43164285781249995 0.46679910781249995 0.390625 0.46679910781249995 0.390625 0.5136741078125 0.43164285781249995 0.5136741078125 0.43164285781249995 0.46679910781249995
4 0.5449241078125 0.43164285781249995 0.515625 0.43164285781249995 0.515625 0.46875 0.5449241078125 0.46875 0.5449241078125 0.43164285781249995
4 0.89453125 0.36328125 0.8222678578125 0.36328125 0.8222678578125 0.4296875 0.89453125 0.4296875 0.89453125 0.36328125