8 0.8578125 0.38055555625 0.708852678125 0.38055555625 0.708852678125 0.9212936515625 0.8578125 0.9212936515625 0.8578125 0.38055555625
8 0.766665178125 0.9351825390625 0.7359375 0.9351825390625 0.7359375 0.9694444437499999 0.766665178125 0.9694444437499999 0.766665178125 0.9351825390625
8 0.4375 0.6861111109375 0.39375 0.6861111109375 0.39375 0.7416666671875001 0.4375 0.7416666671875001 0.4375 0.6861111109375
8 0.340625 0.79815079375 0.321875 0.79815079375 0.321875 0.825 0.340625 0.825 0.340625 0.79815079375
8 0.3125 0.8287063484375 0.298959821875 0.8287063484375 0.298959821875 0.84815079375 0.3125 0.84815079375 0.3125 0.8287063484375
8 0.284897321875 0.87684920625 0.269790178125 0.87684920625 0.269790178125 0.9 0.284897321875 0.9 0.284897321875 0.87684920625
8 0.490625 0.652777778125 0.471875 0.652777778125 0.471875 0.670373015625 0.490625 0.670373015625 0.490625 0.652777778125
8 0.556772321875 0.3870396828125 0.5416651781249999 0.3870396828125 0.5416651781249999 0.41203968281250003 0.556772321875 0.41203968281250003 0.556772321875 0.3870396828125
8 0.591665178125 0.49444444374999996 0.578647321875 0.49444444374999996 0.578647321875 0.5157380953125 0.591665178125 0.5157380953125 0.591665178125 0.49444444374999996
8 0.6296875 0.8907380953124999 0.6109375 0.8907380953124999 0.6109375 0.9351825390625 0.6296875 0.9351825390625 0.6296875 0.8907380953124999
8 0.620834821875 0.8592619046875001 0.608852678125 0.8592619046875001 0.608852678125 0.8787063484375001 0.620834821875 0.8787063484375001 0.620834821875 0.8592619046875001
8 0.563022321875 0.429626984375 0.540625 0.429626984375 0.540625 0.4907380953125 0.563022321875 0.4907380953125 0.563022321875 0.429626984375
7 0.8609375 0.36944444375 0.7078125 0.36944444375 0.7078125 0.9157380953125 0.8609375 0.9157380953125 0.8609375 0.36944444375