3 0.7627857140625001 0.58627374375 0.7190491078125001 0.58627374375 0.7190491078125001 0.6345083796875 0.7627857140625001 0.6345083796875 0.7627857140625001 0.58627374375
3 0.7175669640625 0.57050279375 0.6856919640625 0.57050279375 0.6856919640625 0.60111731875 0.7175669640625 0.60111731875 0.7175669640625 0.57050279375
3 0.709415178125 0.60111731875 0.6834687500000001 0.60111731875 0.6834687500000001 0.6410055859375 0.709415178125 0.6410055859375 0.709415178125 0.60111731875
3 0.669383928125 0.612245809375 0.637508928125 0.612245809375 0.637508928125 0.6493519546875001 0.669383928125 0.6493519546875001 0.669383928125 0.612245809375
3 0.6597500000000001 0.64749720625 0.61971875 0.64749720625 0.61971875 0.7077932953125 0.6597500000000001 0.7077932953125 0.6597500000000001 0.64749720625
3 0.606375 0.6790391062500001 0.5745 0.6790391062500001 0.5745 0.7198547484375 0.606375 0.7198547484375 0.606375 0.6790391062500001
3 0.6271294640625 0.72541899375 0.59821875 0.72541899375 0.59821875 0.761597765625 0.6271294640625 0.761597765625 0.6271294640625 0.72541899375
3 0.656040178125 0.7439720671875001 0.6293571421874999 0.7439720671875001 0.6293571421874999 0.7801508375 0.656040178125 0.7801508375 0.656040178125 0.7439720671875001
3 0.606375 0.5788547484375 0.5759821421875 0.5788547484375 0.5759821421875 0.61688826875 0.606375 0.61688826875 0.606375 0.5788547484375
3 0.5922901781250001 0.6252346375 0.5707946421875 0.6252346375 0.5707946421875 0.6512067046875 0.5922901781250001 0.6512067046875 0.5922901781250001 0.6252346375
3 0.6212008921875001 0.6270893859375 0.5952544640624999 0.6270893859375 0.5952544640624999 0.6706871515625 0.6212008921875001 0.6706871515625 0.6212008921875001 0.6270893859375
3 0.5707946421875 0.5946201125 0.5500357140625 0.5946201125 0.5500357140625 0.63265363125 0.5707946421875 0.63265363125 0.5707946421875 0.5946201125
3 0.5537455359375001 0.620597765625 0.5307633921875 0.620597765625 0.5307633921875 0.658631284375 0.5537455359375001 0.658631284375 0.5537455359375001 0.620597765625
3 0.5693125 0.6614134078125 0.5359508921875 0.6614134078125 0.5359508921875 0.7198547484375 0.5693125 0.7198547484375 0.5693125 0.6614134078125
3 0.5307633921875 0.57050279375 0.478133928125 0.57050279375 0.478133928125 0.635441340625 0.5307633921875 0.635441340625 0.5307633921875 0.57050279375
3 0.5322455359375 0.6410055859375 0.501852678125 0.6410055859375 0.501852678125 0.6873854749999999 0.5322455359375 0.6873854749999999 0.5322455359375 0.6410055859375
3 0.5196428578125001 0.6753296093750001 0.48554464218750004 0.6753296093750001 0.48554464218750004 0.7133631281249999 0.5196428578125001 0.7133631281249999 0.5196428578125001 0.6753296093750001
3 0.49073214218750005 0.699446928125 0.46849553593750004 0.699446928125 0.46849553593750004 0.72541899375 0.49073214218750005 0.72541899375 0.49073214218750005 0.699446928125
3 0.464790178125 0.64749720625 0.4151205359375 0.64749720625 0.4151205359375 0.703156425 0.464790178125 0.703156425 0.464790178125 0.64749720625
3 0.4729419640625 0.604826815625 0.44106696406249996 0.604826815625 0.44106696406249996 0.6428603359375 0.4729419640625 0.6428603359375 0.4729419640625 0.604826815625
3 0.4188303578125 0.6150279328125 0.394366071875 0.6150279328125 0.394366071875 0.6493519546875001 0.4188303578125 0.6493519546875001 0.4188303578125 0.6150279328125
3 0.389178571875 0.6150279328125 0.3380267859375 0.6150279328125 0.3380267859375 0.6549217875 0.389178571875 0.6549217875 0.389178571875 0.6150279328125
3 0.40845089218749997 0.658631284375 0.3521116078125 0.658631284375 0.3521116078125 0.7198547484375 0.40845089218749997 0.7198547484375 0.40845089218749997 0.658631284375
3 0.30466964218750003 0.6103910609375001 0.27724107187499997 0.6103910609375001 0.27724107187499997 0.6493519546875001 0.30466964218750003 0.6493519546875001 0.30466964218750003 0.6103910609375001
3 0.2965178578125 0.6465698328125 0.263897321875 0.6465698328125 0.263897321875 0.6836759781249999 0.2965178578125 0.6836759781249999 0.2965178578125 0.6465698328125
3 0.3506294640625 0.644715084375 0.3009642859375 0.644715084375 0.3009642859375 0.7077932953125 0.3506294640625 0.7077932953125 0.3506294640625 0.644715084375
3 0.312084821875 0.6938826812500001 0.24314285781249997 0.6938826812500001 0.24314285781249997 0.785715084375 0.312084821875 0.785715084375 0.312084821875 0.6938826812500001
3 0.357303571875 0.730061453125 0.317272321875 0.730061453125 0.317272321875 0.7940670390625 0.357303571875 0.7940670390625 0.357303571875 0.730061453125
3 0.34914732187499997 0.705938546875 0.32542410781250003 0.705938546875 0.32542410781250003 0.73377095 0.34914732187499997 0.73377095 0.34914732187499997 0.705938546875
3 0.3232008921875 0.8302458093749999 0.27724107187499997 0.8302458093749999 0.27724107187499997 0.8868324015625 0.3232008921875 0.8868324015625 0.3232008921875 0.8302458093749999
3 0.298 0.785715084375 0.2609330359375 0.785715084375 0.2609330359375 0.8265363125 0.298 0.8265363125 0.298 0.785715084375
3 0.2690892859375 0.792212290625 0.218678571875 0.792212290625 0.218678571875 0.870134078125 0.2690892859375 0.870134078125 0.2690892859375 0.792212290625
3 0.2238705359375 0.7653072625 0.2031116078125 0.7653072625 0.2031116078125 0.8005586593749999 0.2238705359375 0.8005586593749999 0.2238705359375 0.7653072625
3 0.43958482187500003 0.705938546875 0.4091919640625 0.705938546875 0.4091919640625 0.7439720671875001 0.43958482187500003 0.7439720671875001 0.43958482187500003 0.705938546875
3 0.2045982140625 0.8005586593749999 0.1756875 0.8005586593749999 0.1756875 0.838592178125 0.2045982140625 0.838592178125 0.2045982140625 0.8005586593749999
3 0.19051339218750002 0.8144748609375 0.13046875 0.8144748609375 0.13046875 0.871061453125 0.19051339218750002 0.871061453125 0.19051339218750002 0.8144748609375
3 0.2416607140625 0.620597765625 0.193477678125 0.620597765625 0.193477678125 0.6929553078125 0.2416607140625 0.6929553078125 0.2416607140625 0.620597765625
3 0.19051339218750002 0.6270893859375 0.154928571875 0.6270893859375 0.154928571875 0.6706871515625 0.19051339218750002 0.6706871515625 0.19051339218750002 0.6270893859375
3 0.13713839218749999 0.6085363125 0.1208303578125 0.6085363125 0.1208303578125 0.6391508375 0.13713839218749999 0.6391508375 0.13713839218749999 0.6085363125
3 0.1578928578125 0.620597765625 0.140102678125 0.620597765625 0.140102678125 0.666977653125 0.1578928578125 0.666977653125 0.1578928578125 0.620597765625
3 0.0437366078125 0.4777374296875 0.0163080359375 0.4777374296875 0.0163080359375 0.52226815625 0.0437366078125 0.52226815625 0.0437366078125 0.4777374296875
3 0.0474419640625 0.721709496875 0.0229821421875 0.721709496875 0.0229821421875 0.7699497203125001 0.0474419640625 0.7699497203125001 0.0474419640625 0.721709496875
3 0.06671428593749999 0.703156425 0.040772321875 0.703156425 0.040772321875 0.7541787703125 0.06671428593749999 0.7541787703125 0.06671428593749999 0.703156425
3 0.3521116078125 0.8905419 0.3283928578125 0.8905419 0.3283928578125 0.9248659218749999 0.3521116078125 0.9248659218749999 0.3521116078125 0.8905419
3 0.3232008921875 0.8886871515625 0.3061517859375 0.8886871515625 0.3061517859375 0.918368715625 0.3232008921875 0.918368715625 0.3232008921875 0.8886871515625
3 0.22090625 0.8460167593750001 0.1979241078125 0.8460167593750001 0.1979241078125 0.871061453125 0.22090625 0.871061453125 0.22090625 0.8460167593750001
3 0.44106696406249996 0.9536201125 0.4151205359375 0.9536201125 0.4151205359375 0.9851620109375 0.44106696406249996 0.9851620109375 0.44106696406249996 0.9536201125
3 0.4040044640625 0.9387821234375 0.384727678125 0.9387821234375 0.384727678125 0.962899440625 0.4040044640625 0.962899440625 0.4040044640625 0.9387821234375
3 0.464790178125 0.717072625 0.44403125 0.717072625 0.44403125 0.745826815625 0.464790178125 0.745826815625 0.464790178125 0.717072625
3 0.11267410781250001 0.8339553078125 0.09340178593750001 0.8339553078125 0.09340178593750001 0.8608547484375 0.11267410781250001 0.8608547484375 0.11267410781250001 0.8339553078125
3 0.4217946421875 0.717072625 0.3558169640625 0.717072625 0.3558169640625 0.799631284375 0.4217946421875 0.799631284375 0.4217946421875 0.717072625
3 0.6916249999999999 0.6567765359375 0.6627142859374999 0.6567765359375 0.6627142859374999 0.7291284921875001 0.6916249999999999 0.7291284921875001 0.6916249999999999 0.6567765359375
3 0.8109732140625001 0.6252346375 0.7902142859375 0.6252346375 0.7902142859375 0.6530614531250001 0.8109732140625001 0.6530614531250001 0.8109732140625001 0.6252346375
3 0.828022321875 0.6085363125 0.8094866078124999 0.6085363125 0.8094866078124999 0.63265363125 0.828022321875 0.63265363125 0.828022321875 0.6085363125
3 0.8458125000000001 0.63265363125 0.819125 0.63265363125 0.819125 0.6651229046875 0.8458125000000001 0.6651229046875 0.8458125000000001 0.63265363125
3 0.873241071875 0.7291284921875001 0.8539642859375001 0.7291284921875001 0.8539642859375001 0.7653072625 0.873241071875 0.7653072625 0.873241071875 0.7291284921875001
3 0.8480357140624999 0.7356256984375 0.819125 0.7356256984375 0.819125 0.768094971875 0.8480357140624999 0.768094971875 0.8480357140624999 0.7356256984375
3 0.8139375 0.74211731875 0.7991116078125 0.74211731875 0.7991116078125 0.768094971875 0.8139375 0.768094971875 0.8139375 0.74211731875
3 0.7946607140624999 0.745826815625 0.778352678125 0.745826815625 0.778352678125 0.77180446875 0.7946607140624999 0.77180446875 0.7946607140624999 0.745826815625
3 0.7753883921875 0.7495419 0.747959821875 0.7495419 0.747959821875 0.7755139671875 0.7753883921875 0.7755139671875 0.7753883921875 0.7495419
8 0.077834821875 0.5760670390625 0.0570803578125 0.5760670390625 0.0570803578125 0.6233798875 0.077834821875 0.6233798875 0.077834821875 0.5760670390625
8 0.16604910781249999 0.871061453125 0.1341741078125 0.871061453125 0.1341741078125 0.9072402234375 0.16604910781249999 0.9072402234375 0.16604910781249999 0.871061453125
8 0.154928571875 0.9128044687499999 0.13713839218749999 0.9128044687499999 0.13713839218749999 0.9369217875 0.154928571875 0.9369217875 0.154928571875 0.9128044687499999
8 0.163084821875 0.8116927374999999 0.1341741078125 0.8116927374999999 0.1341741078125 0.8608547484375 0.163084821875 0.8608547484375 0.163084821875 0.8116927374999999
8 0.402522321875 0.8942513968749999 0.3654553578125 0.8942513968749999 0.3654553578125 0.92950279375 0.402522321875 0.92950279375 0.402522321875 0.8942513968749999
8 0.424758928125 0.8218938546875 0.3973303578125 0.8218938546875 0.3973303578125 0.870134078125 0.424758928125 0.870134078125 0.424758928125 0.8218938546875
8 0.48258035781249997 0.8126201125 0.4536696421875 0.8126201125 0.4536696421875 0.8423016765625 0.48258035781249997 0.8423016765625 0.48258035781249997 0.8126201125
8 0.47590625 0.8423016765625 0.44699999999999995 0.8423016765625 0.44699999999999995 0.878480446875 0.47590625 0.878480446875 0.47590625 0.8423016765625
8 0.6901428578125001 0.871061453125 0.656040178125 0.871061453125 0.656040178125 0.9072402234375 0.6901428578125001 0.9072402234375 0.6901428578125001 0.871061453125
8 0.6871741078125 0.8265363125 0.6664196421875 0.8265363125 0.6664196421875 0.8562178765624999 0.6871741078125 0.8562178765624999 0.6871741078125 0.8265363125
8 0.7123794640625001 0.840446928125 0.6968125 0.840446928125 0.6968125 0.8682793296875 0.7123794640625001 0.8682793296875 0.7123794640625001 0.840446928125
8 0.7242410718750001 0.7152178765625 0.7042232140625 0.7152178765625 0.7042232140625 0.737480446875 0.7242410718750001 0.737480446875 0.7242410718750001 0.7152178765625
8 0.7398080359375 0.6790391062500001 0.7138616078125 0.6790391062500001 0.7138616078125 0.7133631281249999 0.7398080359375 0.7133631281249999 0.7398080359375 0.6790391062500001
8 0.6953303578125001 0.6808938546875 0.677540178125 0.6808938546875 0.677540178125 0.7096480453125 0.6953303578125001 0.7096480453125 0.6953303578125001 0.6808938546875
8 0.876946428125 0.5760670390625 0.8606383921875 0.5760670390625 0.8606383921875 0.6029720671875001 0.876946428125 0.6029720671875001 0.876946428125 0.5760670390625
8 0.34766517812500003 0.7439720671875001 0.3187544640625 0.7439720671875001 0.3187544640625 0.7903575421875 0.34766517812500003 0.7903575421875 0.34766517812500003 0.7439720671875001
8 0.37509375 0.7597430171874999 0.35878571406250004 0.7597430171874999 0.35878571406250004 0.78850279375 0.37509375 0.78850279375 0.37509375 0.7597430171874999
8 0.35878571406250004 0.785715084375 0.3365446421875 0.785715084375 0.3365446421875 0.8302458093749999 0.35878571406250004 0.8302458093749999 0.35878571406250004 0.785715084375
8 0.3506294640625 0.8339553078125 0.3283928578125 0.8339553078125 0.3283928578125 0.8608547484375 0.3506294640625 0.8608547484375 0.3506294640625 0.8339553078125
8 0.3654553578125 0.8645698328125 0.3461830359375 0.8645698328125 0.3461830359375 0.8923966484375001 0.3654553578125 0.8923966484375001 0.3654553578125 0.8645698328125
7 0.76871875 0.004636871875 0.0037053578125 0.004636871875 0.0037053578125 0.387754190625 0.76871875 0.387754190625 0.76871875 0.004636871875
3 0.6530758921875 0.8942513968749999 0.6004464281249999 0.8942513968749999 0.6004464281249999 0.9489832406250001 0.6530758921875 0.9489832406250001 0.6530758921875 0.8942513968749999
3 0.547071428125 0.4554748609375 0.46849553593750004 0.4554748609375 0.46849553593750004 0.5018547484375 0.547071428125 0.5018547484375 0.547071428125 0.4554748609375
3 0.77390625 0.9063128484374999 0.7509285718750001 0.9063128484374999 0.7509285718750001 0.92950279375 0.77390625 0.92950279375 0.77390625 0.9063128484374999
3 0.818383928125 0.878480446875 0.796147321875 0.878480446875 0.796147321875 0.9072402234375 0.818383928125 0.9072402234375 0.818383928125 0.878480446875
3 0.8028169640625 0.8423016765625 0.7672366078125 0.8423016765625 0.7672366078125 0.8868324015625 0.8028169640625 0.8868324015625 0.8028169640625 0.8423016765625
3 0.05337499999999999 0.4109497203125 0.0303928578125 0.4109497203125 0.0303928578125 0.44526815624999994 0.05337499999999999 0.44526815624999994 0.05337499999999999 0.4109497203125
3 0.6582633921875 0.7949944140625 0.637508928125 0.7949944140625 0.637508928125 0.8395195531249999 0.6582633921875 0.8395195531249999 0.6582633921875 0.7949944140625
3 0.017790178125 0.3951787703125 0.0014821421875 0.3951787703125 0.0014821421875 0.48608938593750006 0.017790178125 0.48608938593750006 0.017790178125 0.3951787703125
3 0.08005803593750001 0.7792234640625 0.0229821421875 0.7792234640625 0.0229821421875 0.8766256984374999 0.08005803593750001 0.8766256984374999 0.08005803593750001 0.7792234640625
3 0.47961607187500005 0.9684636875000001 0.447741071875 0.9684636875000001 0.447741071875 0.99258100625 0.47961607187500005 0.99258100625 0.47961607187500005 0.9684636875000001
3 0.9532991078125 0.807055865625 0.9251294640625 0.807055865625 0.9251294640625 0.8348826812500001 0.9532991078125 0.8348826812500001 0.9532991078125 0.807055865625