3 0.99609375 0.1875 0.71484375 0.1875 0.71484375 0.43359375 0.99609375 0.43359375 0.99609375 0.1875
3 0.9453125 0.7578125 0.9042991078125 0.7578125 0.9042991078125 0.7988303578125 0.9453125 0.7988303578125 0.9453125 0.7578125
3 0.9667991078125 0.8222678578125 0.9296875 0.8222678578125 0.9296875 0.88671875 0.9667991078125 0.88671875 0.9667991078125 0.8222678578125
3 0.85546875 0.7988303578125 0.8046875 0.7988303578125 0.8046875 0.8359375 0.85546875 0.8359375 0.85546875 0.7988303578125
3 0.7011741078125 0.7734375 0.6503928578125 0.7734375 0.6503928578125 0.8300803578125 0.7011741078125 0.8300803578125 0.7011741078125 0.7734375
3 0.6464866078125 0.84765625 0.6015625 0.84765625 0.6015625 0.8964866078125 0.6464866078125 0.8964866078125 0.6464866078125 0.84765625
3 0.3535178578125 0.8828125 0.30078125 0.8828125 0.30078125 0.9394553578125 0.3535178578125 0.9394553578125 0.3535178578125 0.8828125
3 0.16015625 0.8359375 0.0527366078125 0.8359375 0.0527366078125 0.90625 0.16015625 0.90625 0.16015625 0.8359375
3 0.80078125 0.6484375 0.765625 0.6484375 0.765625 0.69140625 0.80078125 0.69140625 0.80078125 0.6484375
3 0.71484375 0.1152366078125 0.6855491078125 0.1152366078125 0.6855491078125 0.1640625 0.71484375 0.1640625 0.71484375 0.1152366078125
3 0.71875 0.5625 0.6953125 0.5625 0.6953125 0.5917991078125 0.71875 0.5917991078125 0.71875 0.5625
3 0.6171875 0.5078125 0.578125 0.5078125 0.578125 0.54296875 0.6171875 0.54296875 0.6171875 0.5078125
3 0.16796875 0.6113303578125 0.1035178578125 0.6113303578125 0.1035178578125 0.640625 0.16796875 0.640625 0.16796875 0.6113303578125
3 0.0859375 0.62890625 0.0371116078125 0.62890625 0.0371116078125 0.67578125 0.0859375 0.67578125 0.0859375 0.62890625
4 0.85546875 0.2792991078125 0.8222678578125 0.2792991078125 0.8222678578125 0.30859375 0.85546875 0.30859375 0.85546875 0.2792991078125
4 0.9628928578125 0.3535178578125 0.9042991078125 0.3535178578125 0.9042991078125 0.40820535781249995 0.9628928578125 0.40820535781249995 0.9628928578125 0.3535178578125
4 0.9394553578125 0.28515625 0.8886741078125 0.28515625 0.8886741078125 0.328125 0.9394553578125 0.328125 0.9394553578125 0.28515625
4 0.9628928578125 0.2910178578125 0.9433616078125 0.2910178578125 0.9433616078125 0.31640625 0.9628928578125 0.31640625 0.9628928578125 0.2910178578125
4 0.9902366078125 0.1464866078125 0.95703125 0.1464866078125 0.95703125 0.1855491078125 0.9902366078125 0.1855491078125 0.9902366078125 0.1464866078125
4 0.1464866078125 0.0371116078125 0.1152366078125 0.0371116078125 0.1152366078125 0.0839866078125 0.1464866078125 0.0839866078125 0.1464866078125 0.0371116078125
3 0.13671875 0.1484375 0.11328125 0.1484375 0.11328125 0.18359375 0.13671875 0.18359375 0.13671875 0.1484375
4 0.0761741078125 0.859375 0.0605491078125 0.859375 0.0605491078125 0.8808616078125 0.0761741078125 0.8808616078125 0.0761741078125 0.859375