6 0 0.9355491078125 0.29296875 0.9355491078125 0.29296875 0.4375 0 0.4375 0 0.9355491078125
4 0.5410178578125 0.54296875 0.40039285781249995 0.54296875 0.40039285781249995 0.7324241078125 0.5410178578125 0.7324241078125 0.5410178578125 0.54296875
4 0.6015625 0.12109375 0.5566428578125 0.12109375 0.5566428578125 0.18359375 0.6015625 0.18359375 0.6015625 0.12109375
4 0.5957053578125 0.1816428578125 0.53515625 0.1816428578125 0.53515625 0.2910178578125 0.5957053578125 0.2910178578125 0.5957053578125 0.1816428578125
4 0.8984375 0.6015625 0.8300803578125 0.6015625 0.8300803578125 0.6660178578125 0.8984375 0.6660178578125 0.8984375 0.6015625
4 0.9765625 0.5917991078125 0.9277366078125 0.5917991078125 0.9277366078125 0.671875 0.9765625 0.671875 0.9765625 0.5917991078125
4 0.2949241078125 0.0566428578125 0.2421875 0.0566428578125 0.2421875 0.16796875 0.2949241078125 0.16796875 0.2949241078125 0.0566428578125
4 0.49414285781249995 0.0078125 0.43554910781249995 0.0078125 0.43554910781249995 0.0761741078125 0.49414285781249995 0.0761741078125 0.49414285781249995 0.0078125
4 0.26953125 0.25390625 0.1777366078125 0.25390625 0.1777366078125 0.34375 0.26953125 0.34375 0.26953125 0.25390625
4 0.1308616078125 0.33984375 0.08203125 0.33984375 0.08203125 0.41211160781249995 0.1308616078125 0.41211160781249995 0.1308616078125 0.33984375
4 0.2480491078125 0.3808616078125 0.1328125 0.3808616078125 0.1328125 0.48046875 0.2480491078125 0.48046875 0.2480491078125 0.3808616078125
4 0.1855491078125 0.7480491078125 0.1308616078125 0.7480491078125 0.1308616078125 0.8359375 0.1855491078125 0.8359375 0.1855491078125 0.7480491078125
4 0.2128928578125 0.7285178578125 0.1816428578125 0.7285178578125 0.1816428578125 0.7753928578125 0.2128928578125 0.7753928578125 0.2128928578125 0.7285178578125
4 0.19921875 0.8769553578125 0.1582053578125 0.8769553578125 0.1582053578125 0.9394553578125 0.19921875 0.9394553578125 0.19921875 0.8769553578125
4 0.1542991078125 0.85546875 0.0996116078125 0.85546875 0.0996116078125 0.91015625 0.1542991078125 0.91015625 0.1542991078125 0.85546875
7 0 0.24609375 0.1015625 0.24609375 0.1015625 0.04296875 0 0.04296875 0 0.24609375
8 0.17578125 0.46875 0.1171875 0.46875 0.1171875 0.5566428578125 0.17578125 0.5566428578125 0.17578125 0.46875
8 0.1894553578125 0.5546875 0.1328125 0.5546875 0.1328125 0.61328125 0.1894553578125 0.61328125 0.1894553578125 0.5546875
8 0.0546875 0.45898660781249995 0.0136741078125 0.45898660781249995 0.0136741078125 0.5234375 0.0546875 0.5234375 0.0546875 0.45898660781249995
8 0.0390625 0.73046875 0.0019553578125 0.73046875 0.0019553578125 0.7890625 0.0390625 0.7890625 0.0390625 0.73046875
8 0.0488303578125 0.65625 0.0019553578125 0.65625 0.0019553578125 0.7167991078125 0.0488303578125 0.7167991078125 0.0488303578125 0.65625
8 0 0.6425803578125 0.0546875 0.6425803578125 0.0546875 0.578125 0 0.578125 0 0.6425803578125
4 0.59375 0.6660178578125 0.5605491078125 0.6660178578125 0.5605491078125 0.69921875 0.59375 0.69921875 0.59375 0.6660178578125
4 0.578125 0.5078125 0.54296875 0.5078125 0.54296875 0.5488303578125 0.578125 0.5488303578125 0.578125 0.5078125
4 0.5839866078125 0 0.5839866078125 0.0703125 0.7089866078125 0.0703125 0.7089866078125 0 0.5839866078125 0
4 0.44726785781249995 0.953125 0.40625 0.953125 0.40625 0.99609375 0.44726785781249995 0.99609375 0.44726785781249995 0.953125