4 0.16015625 0.1660178578125 0.08203125 0.1660178578125 0.08203125 0.2167991078125 0.16015625 0.2167991078125 0.16015625 0.1660178578125
4 0.1464866078125 0.0761741078125 0.0703125 0.0761741078125 0.0703125 0.1269553578125 0.1464866078125 0.1269553578125 0.1464866078125 0.0761741078125
4 0.2441428578125 0.9042991078125 0.13671875 0.9042991078125 0.13671875 0.98828125 0.2441428578125 0.98828125 0.2441428578125 0.9042991078125
4 0.43945535781249995 0.7675803578125 0.3652366078125 0.7675803578125 0.3652366078125 0.84765625 0.43945535781249995 0.84765625 0.43945535781249995 0.7675803578125
4 0.67578125 0.7324241078125 0.6269553578125 0.7324241078125 0.6269553578125 0.8652366078125 0.67578125 0.8652366078125 0.67578125 0.7324241078125
4 0.8984375 0.7910178578125 0.7421875 0.7910178578125 0.7421875 0.9921875 0.8984375 0.9921875 0.8984375 0.7910178578125
3 0.8828125 0.8027366078125 0.7597678578125 0.8027366078125 0.7597678578125 0.9707053578125 0.8828125 0.9707053578125 0.8828125 0.8027366078125
3 0.984375 0.1582053578125 0.84375 0.1582053578125 0.84375 0.4765625 0.984375 0.4765625 0.984375 0.1582053578125
3 0.9082053578125 0.2832053578125 0.6308616078125 0.2832053578125 0.6308616078125 0.40429910781249995 0.9082053578125 0.40429910781249995 0.9082053578125 0.2832053578125
3 0.5234375 0.046875 0.4609375 0.046875 0.4609375 0.09765625 0.5234375 0.09765625 0.5234375 0.046875
4 0.0800803578125 0.1738303578125 0.0234375 0.1738303578125 0.0234375 0.22265625 0.0800803578125 0.22265625 0.0800803578125 0.1738303578125
3 0.69921875 0.10546875 0.6640625 0.10546875 0.6640625 0.1464866078125 0.69921875 0.1464866078125 0.69921875 0.10546875
3 0.7402366078125 0.0390625 0.703125 0.0390625 0.703125 0.0859375 0.7402366078125 0.0859375 0.7402366078125 0.0390625
3 0.76953125 0.0019553578125 0.73046875 0.0019553578125 0.73046875 0.0449241078125 0.76953125 0.0449241078125 0.76953125 0.0019553578125
3 0.6699241078125 0.78515625 0.63671875 0.78515625 0.63671875 0.81640625 0.6699241078125 0.81640625 0.6699241078125 0.78515625
3 0.2734375 0.546875 0.2402366078125 0.546875 0.2402366078125 0.59375 0.2734375 0.59375 0.2734375 0.546875
4 0.76953125 0.6171875 0.7324241078125 0.6171875 0.7324241078125 0.69140625 0.76953125 0.69140625 0.76953125 0.6171875
4 0.9765625 0.17578125 0.8652366078125 0.17578125 0.8652366078125 0.2285178578125 0.9765625 0.2285178578125 0.9765625 0.17578125
4 0.140625 0.43359375 0.08984375 0.43359375 0.08984375 0.49804910781249995 0.140625 0.49804910781249995 0.140625 0.43359375
4 0.44336160781249995 0.6621116078125 0.42383035781249995 0.6621116078125 0.42383035781249995 0.7109375 0.44336160781249995 0.7109375 0.44336160781249995 0.6621116078125
4 0.49023660781249995 0.6503928578125 0.47070535781249995 0.6503928578125 0.47070535781249995 0.71484375 0.49023660781249995 0.71484375 0.49023660781249995 0.6503928578125
5 0.6894553578125 0.27734375 0.36328125 0.27734375 0.36328125 0.5332053578125 0.6894553578125 0.5332053578125 0.6894553578125 0.27734375