1 0.5680535718749999 0.253754190625 0.43333482187500005 0.253754190625 0.43333482187500005 0.6031061453125 0.5680535718749999 0.6031061453125 0.5680535718749999 0.253754190625
8 0.7708348218750001 0.344134078125 0.720834821875 0.344134078125 0.720834821875 0.43451396718749996 0.7708348218750001 0.43451396718749996 0.7708348218750001 0.344134078125
8 0.47222321406249995 0.590938546875 0.44166517812499995 0.590938546875 0.44166517812499995 0.629173184375 0.47222321406249995 0.629173184375 0.47222321406249995 0.590938546875
8 0.46944642812500004 0.6726256984375001 0.45 0.6726256984375001 0.45 0.7143407828125 0.46944642812500004 0.7143407828125 0.46944642812500004 0.6726256984375001
8 0.4875 0.6691508374999999 0.47222321406249995 0.6691508374999999 0.47222321406249995 0.6900055859374999 0.4875 0.6900055859374999 0.4875 0.6691508374999999
8 0.5 0.69696089375 0.4902767859375 0.69696089375 0.4902767859375 0.7160782125 0.5 0.7160782125 0.5 0.69696089375
8 0.5263883921875 0.73519553125 0.518053571875 0.73519553125 0.518053571875 0.7543128484375 0.5263883921875 0.7543128484375 0.5263883921875 0.73519553125
8 0.779165178125 0.7421452515625 0.720834821875 0.7421452515625 0.720834821875 0.7977653625000001 0.779165178125 0.7977653625000001 0.779165178125 0.7421452515625
8 0.5777767859375 0.3232793296875 0.566665178125 0.3232793296875 0.566665178125 0.3476089390625 0.5777767859375 0.3476089390625 0.5777767859375 0.3232793296875
8 0.533334821875 0.3006815640625 0.5263883921875 0.3006815640625 0.5263883921875 0.3197988828125 0.533334821875 0.3197988828125 0.533334821875 0.3006815640625
8 0.533334821875 0.26765921718749996 0.5236116078124999 0.26765921718749996 0.5236116078124999 0.2815642453125 0.533334821875 0.2815642453125 0.533334821875 0.26765921718749996
8 0.579165178125 0.279826815625 0.5652767859375001 0.279826815625 0.5652767859375001 0.3006815640625 0.579165178125 0.3006815640625 0.579165178125 0.279826815625
8 0.5777767859375 0.2554916203125 0.5597232140624999 0.2554916203125 0.5597232140624999 0.2659217875 0.5777767859375 0.2659217875 0.5777767859375 0.2554916203125
8 0.6125 0.26765921718749996 0.5986116078125 0.26765921718749996 0.5986116078125 0.279826815625 0.6125 0.279826815625 0.6125 0.26765921718749996
8 0.7236116078125 0.2815642453125 0.6986116078125 0.2815642453125 0.6986116078125 0.326754190625 0.7236116078125 0.326754190625 0.7236116078125 0.2815642453125
8 0.6722232140625 0.26244692812500003 0.655553571875 0.26244692812500003 0.655553571875 0.279826815625 0.6722232140625 0.279826815625 0.6722232140625 0.26244692812500003
8 0.7097232140624999 0.3563016765625 0.6875 0.3563016765625 0.6875 0.389324021875 0.7097232140624999 0.389324021875 0.7097232140624999 0.3563016765625
8 0.695834821875 0.43451396718749996 0.6513883921875 0.43451396718749996 0.6513883921875 0.4936089390625 0.695834821875 0.4936089390625 0.695834821875 0.43451396718749996
8 0.704165178125 0.51272625625 0.6875 0.51272625625 0.6875 0.55096089375 0.704165178125 0.55096089375 0.704165178125 0.51272625625
8 0.8569464281249999 0.48665363125 0.8263883921874999 0.48665363125 0.8263883921874999 0.5492234640625 0.8569464281249999 0.5492234640625 0.8569464281249999 0.48665363125
8 0.8597232140625 0.57877095 0.8472232140625 0.57877095 0.8472232140625 0.5926759781250001 0.8597232140625 0.5926759781250001 0.8597232140625 0.57877095
8 0.8625 0.601363128125 0.8486116078125001 0.601363128125 0.8486116078125001 0.618748603125 0.8625 0.618748603125 0.8625 0.601363128125
8 0.816665178125 0.7560502796875 0.7861116078125 0.7560502796875 0.7861116078125 0.789072625 0.816665178125 0.789072625 0.816665178125 0.7560502796875
8 0.8138883921875 0.629173184375 0.775 0.629173184375 0.775 0.6604580999999999 0.8138883921875 0.6604580999999999 0.8138883921875 0.629173184375
8 0.7361116078125 0.66219553125 0.704165178125 0.66219553125 0.704165178125 0.6813184359375 0.7361116078125 0.6813184359375 0.7361116078125 0.66219553125
8 0.6986116078125 0.674363128125 0.669446428125 0.674363128125 0.669446428125 0.69696089375 0.6986116078125 0.69696089375 0.6986116078125 0.674363128125
8 0.65 0.6535083796875 0.633334821875 0.6535083796875 0.633334821875 0.674363128125 0.65 0.674363128125 0.65 0.6535083796875
8 0.558334821875 0.629173184375 0.543053571875 0.629173184375 0.543053571875 0.674363128125 0.558334821875 0.674363128125 0.558334821875 0.629173184375
8 0.570834821875 0.6448156421875 0.566665178125 0.6448156421875 0.566665178125 0.665675978125 0.570834821875 0.665675978125 0.570834821875 0.6448156421875
8 0.5888883921875 0.6222234640625001 0.5763883921875 0.6222234640625001 0.5763883921875 0.65177095 0.5888883921875 0.65177095 0.5888883921875 0.6222234640625001
8 0.618053571875 0.601363128125 0.5986116078125 0.601363128125 0.5986116078125 0.66219553125 0.618053571875 0.66219553125 0.618053571875 0.601363128125
8 0.641665178125 0.6917430171875 0.6305535718749999 0.6917430171875 0.6305535718749999 0.72650279375 0.641665178125 0.72650279375 0.641665178125 0.6917430171875
8 0.6222232140624999 0.5961508375 0.6097232140625 0.5961508375 0.6097232140625 0.6222234640625001 0.6222232140624999 0.6222234640625001 0.6222232140624999 0.5961508375
8 0.480553571875 0.7456256984375 0.47222321406249995 0.7456256984375 0.47222321406249995 0.7942905031249999 0.480553571875 0.7942905031249999 0.480553571875 0.7456256984375
4 0.9125 0.780385475 0.8819464281249999 0.780385475 0.8819464281249999 0.8168826812500001 0.9125 0.8168826812500001 0.9125 0.780385475