8 0.681303571875 1 0.681303571875 0.8989583328125 0.5354107140625 0.8989583328125 0.5354107140625 1 0.681303571875 1
4 0.9766294640625001 0.04532738125 0.9341339281250001 0.04532738125 0.9341339281250001 0.09914880937500001 0.9766294640625001 0.09914880937500001 0.9766294640625001 0.04532738125
4 0.1310178578125 0.3286130953125 0.000709821875 0.3286130953125 0.000709821875 0.3541071421875 0.1310178578125 0.3541071421875 0.1310178578125 0.3286130953125
4 0.063741071875 0.3578869046875 0.001415178125 0.3578869046875 0.001415178125 0.3777142859375 0.063741071875 0.3777142859375 0.063741071875 0.3578869046875
4 0.0786116078125 0.1831904765625 0.002834821875 0.1831904765625 0.002834821875 0.20868452343750002 0.0786116078125 0.20868452343750002 0.0786116078125 0.1831904765625
4 0.046741071875 0.21529761875000003 0.002834821875 0.21529761875000003 0.002834821875 0.23890476249999998 0.046741071875 0.23890476249999998 0.046741071875 0.21529761875000003
8 0.7634553578125 0.47497619062499996 0.7457499999999999 0.47497619062499996 0.7457499999999999 0.525023809375 0.7634553578125 0.525023809375 0.7634553578125 0.47497619062499996
8 0.747875 0.4806428578125 0.7230892859375 0.4806428578125 0.7230892859375 0.5184107140624999 0.747875 0.5184107140624999 0.747875 0.4806428578125
8 0.7181294640625 0.459869046875 0.7018392859375 0.459869046875 0.7018392859375 0.4806428578125 0.7181294640625 0.4806428578125 0.7181294640625 0.459869046875
8 0.7018392859375 0.42209523750000005 0.6798883921875001 0.42209523750000005 0.6798883921875001 0.4608095234375 0.7018392859375 0.4608095234375 0.7018392859375 0.42209523750000005
8 0.6777633921875 0.42209523750000005 0.6635982140625 0.42209523750000005 0.6635982140625 0.429648809375 0.6777633921875 0.429648809375 0.6777633921875 0.42209523750000005
8 0.681303571875 0.396601190625 0.668553571875 0.396601190625 0.668553571875 0.4117083328125 0.681303571875 0.4117083328125 0.681303571875 0.396601190625
8 0.47662946406250006 0.0132202375 0.29107589218749996 0.0132202375 0.29107589218749996 0.1520297625 0.47662946406250006 0.1520297625 0.47662946406250006 0.0132202375
8 0.5481607140625 0.0226607140625 0.5240803578125 0.0226607140625 0.5240803578125 0.03682738125 0.5481607140625 0.03682738125 0.5481607140625 0.0226607140625
8 0.4688392859375 0.10386904687500001 0.43696875 0.10386904687500001 0.43696875 0.1709166671875 0.4688392859375 0.1709166671875 0.4688392859375 0.10386904687500001
8 0.516290178125 0.0840416671875 0.47733928593749997 0.0840416671875 0.47733928593749997 0.1784702375 0.516290178125 0.1784702375 0.516290178125 0.0840416671875
8 0.5417857140625 0.09159523750000001 0.49716517812500005 0.09159523750000001 0.49716517812500005 0.20868452343750002 0.5417857140625 0.20868452343750002 0.5417857140625 0.09159523750000001
8 0.506375 0.23890476249999998 0.485834821875 0.23890476249999998 0.485834821875 0.260625 0.506375 0.260625 0.506375 0.23890476249999998
8 0.546741071875 0.1548630953125 0.520540178125 0.1548630953125 0.520540178125 0.2200178578125 0.546741071875 0.2200178578125 0.546741071875 0.1548630953125
8 0.5701116078124999 0.1558095234375 0.5283303578125 0.1558095234375 0.5283303578125 0.23607142812499998 0.5701116078124999 0.23607142812499998 0.5701116078124999 0.1558095234375
8 0.6310178578125 0.1916904765625 0.5984419640625 0.1916904765625 0.5984419640625 0.2917857140625 0.6310178578125 0.2917857140625 0.6310178578125 0.1916904765625
8 0.5382455359375 0.276678571875 0.5269107140625 0.276678571875 0.5269107140625 0.30217261875 0.5382455359375 0.30217261875 0.5382455359375 0.276678571875
8 0.5771964281249999 0.3210595234375 0.56090625 0.3210595234375 0.56090625 0.3456071421875 0.5771964281249999 0.3456071421875 0.5771964281249999 0.3210595234375
8 0.5786116078125 0.268178571875 0.56728125 0.268178571875 0.56728125 0.28517261875 0.5786116078125 0.28517261875 0.5786116078125 0.268178571875
8 0.6126071421875 0.3238928578125 0.5878169640625 0.3238928578125 0.5878169640625 0.366380953125 0.6126071421875 0.366380953125 0.6126071421875 0.3238928578125
8 0.623227678125 0.35599404687499997 0.6083571421875 0.35599404687499997 0.6083571421875 0.3701607140625 0.623227678125 0.3701607140625 0.623227678125 0.35599404687499997
8 0.642352678125 0.3701607140625 0.6260625 0.3701607140625 0.6260625 0.38904761875 0.642352678125 0.38904761875 0.642352678125 0.3701607140625
8 0.7110491078125001 0.38054761875 0.703258928125 0.38054761875 0.703258928125 0.38715476249999997 0.7110491078125001 0.38715476249999997 0.7110491078125001 0.38054761875
8 0.1692633921875 0.1520297625 0.0941919640625 0.1520297625 0.0941919640625 0.309726190625 0.1692633921875 0.309726190625 0.1692633921875 0.1520297625
8 0.1373928578125 0.157696428125 0.0878169640625 0.157696428125 0.0878169640625 0.26345833281250003 0.1373928578125 0.26345833281250003 0.1373928578125 0.157696428125
5 0.6182723218749999 0.5354107140625 0.0963169640625 0.5354107140625 0.0963169640625 0.9848928578124999 0.6182723218749999 0.9848928578124999 0.6182723218749999 0.5354107140625