6 0.318852678125 0.40166455624999997 0.0118482140625 0.40166455624999997 0.0118482140625 0.8159240499999999 0.318852678125 0.8159240499999999 0.318852678125 0.40166455624999997
8 0.7986160718749999 0.3204936703125 0.7087857140625 0.3204936703125 0.7087857140625 0.5192278484374999 0.7986160718749999 0.5192278484374999 0.7986160718749999 0.3204936703125
8 0.7028616078125001 0.6815696203125 0.6929910718750001 0.6815696203125 0.6929910718750001 0.6983670890625 0.7028616078125001 0.6983670890625 0.7028616078125001 0.6815696203125
8 0.697928571875 0.6479810125000001 0.672258928125 0.6479810125000001 0.672258928125 0.66757595 0.697928571875 0.66757595 0.697928571875 0.6479810125000001
8 0.1283303578125 0.310696203125 0.10365178593749999 0.310696203125 0.10365178593749999 0.38206962031249997 0.1283303578125 0.38206962031249997 0.1283303578125 0.310696203125
8 0.6130312499999999 0.29529746874999996 0.51925 0.29529746874999996 0.51925 0.40446202500000006 0.6130312499999999 0.40446202500000006 0.6130312499999999 0.29529746874999996
8 0.64165625 0.1609430375 0.6258616078125 0.1609430375 0.6258616078125 0.18333544375 0.64165625 0.18333544375 0.64165625 0.1609430375
8 0.5064151781249999 0.20713291093750003 0.44620089218750003 0.20713291093750003 0.44620089218750003 0.28130379687499996 0.5064151781249999 0.28130379687499996 0.5064151781249999 0.20713291093750003
8 0.6071071421875 0.104962025 0.582428571875 0.104962025 0.582428571875 0.16234810156249999 0.6071071421875 0.16234810156249999 0.6071071421875 0.104962025
8 0.37117410781250004 0.425455696875 0.3415580359375 0.425455696875 0.3415580359375 0.452044303125 0.37117410781250004 0.452044303125 0.37117410781250004 0.425455696875
8 0.3376116078125 0.298101265625 0.3050357140625 0.298101265625 0.3050357140625 0.3484810125 0.3376116078125 0.3484810125 0.3376116078125 0.298101265625
8 0.6959508921875 0.3694746828125 0.6742366078125 0.3694746828125 0.6742366078125 0.3988670890625 0.6959508921875 0.3988670890625 0.6959508921875 0.3694746828125
8 0.7028616078125001 0.4240569625 0.6929910718750001 0.4240569625 0.6929910718750001 0.452044303125 0.7028616078125001 0.452044303125 0.7028616078125001 0.4240569625
8 0.726553571875 0.4296518984375 0.7127366078125 0.4296518984375 0.7127366078125 0.480037975 0.726553571875 0.480037975 0.726553571875 0.4296518984375
8 0.6653482140625 0.44225316406250004 0.6229017859375 0.44225316406250004 0.6229017859375 0.51642405 0.6653482140625 0.51642405 0.6653482140625 0.44225316406250004
8 0.6140178578125 0.452044303125 0.5547857140625 0.452044303125 0.5547857140625 0.649379746875 0.6140178578125 0.649379746875 0.6140178578125 0.452044303125
8 0.43040625 0.480037975 0.2922008921875 0.480037975 0.2922008921875 0.6437848093749999 0.43040625 0.6437848093749999 0.43040625 0.480037975
8 0.40770089218749994 0.6759746828125001 0.356366071875 0.6759746828125001 0.356366071875 0.7431518984375 0.40770089218749994 0.7431518984375 0.40770089218749994 0.6759746828125001
8 0.4649553578125 0.8313164562500001 0.44620089218750003 0.8313164562500001 0.44620089218750003 0.8593101265625 0.4649553578125 0.8593101265625 0.4649553578125 0.8313164562500001
8 0.4906205359375 0.81872151875 0.4698928578125 0.81872151875 0.4698928578125 0.83831645625 0.4906205359375 0.83831645625 0.4906205359375 0.81872151875
8 0.5014821421875 0.76274050625 0.433366071875 0.76274050625 0.433366071875 0.8145253171875 0.5014821421875 0.8145253171875 0.5014821421875 0.76274050625
8 0.516290178125 0.8145253171875 0.49950446406250004 0.8145253171875 0.49950446406250004 0.829917721875 0.516290178125 0.829917721875 0.516290178125 0.8145253171875
8 0.6841071421875 0.77674050625 0.659428571875 0.77674050625 0.659428571875 0.8159240499999999 0.6841071421875 0.8159240499999999 0.6841071421875 0.77674050625
8 0.5429419640625001 0.6185886078125 0.5310937499999999 0.6185886078125 0.5310937499999999 0.64518354375 0.5429419640625001 0.64518354375 0.5429419640625001 0.6185886078125
8 0.6781830359375001 0.013993670312500001 0.5982232140625 0.013993670312500001 0.5982232140625 0.0909683546875 0.6781830359375001 0.0909683546875 0.6781830359375001 0.013993670312500001
8 0.720633928125 0.488436709375 0.7087857140625 0.488436709375 0.7087857140625 0.5220253171875 0.720633928125 0.5220253171875 0.720633928125 0.488436709375
8 0.72853125 0.537417721875 0.720633928125 0.537417721875 0.720633928125 0.5612088609375 0.72853125 0.5612088609375 0.72853125 0.537417721875
8 0.2833169640625 0.8019303796875 0.26949553593750003 0.8019303796875 0.26949553593750003 0.8159240499999999 0.2833169640625 0.8159240499999999 0.2833169640625 0.8019303796875
8 0.2576517859375 0.758544303125 0.24876785781250002 0.758544303125 0.24876785781250002 0.7711392406249999 0.2576517859375 0.7711392406249999 0.2576517859375 0.758544303125
8 0.5952633921875 0.6353860765625 0.583415178125 0.6353860765625 0.583415178125 0.6787721515625 0.5952633921875 0.6787721515625 0.5952633921875 0.6353860765625
8 0.566633928125 0.1427531640625 0.5459017859374999 0.1427531640625 0.5459017859374999 0.172139240625 0.566633928125 0.172139240625 0.566633928125 0.1427531640625
8 0.5962500000000001 0.1609430375 0.5705803578124999 0.1609430375 0.5705803578124999 0.2029303796875 0.5962500000000001 0.2029303796875 0.5962500000000001 0.1609430375
8 0.4294196421875 0.6759746828125001 0.3928928578125 0.6759746828125001 0.3928928578125 0.7361518984375001 0.4294196421875 0.7361518984375001 0.4294196421875 0.6759746828125001
8 0.4540982140625 0.6717721515624999 0.416584821875 0.6717721515624999 0.416584821875 0.724955696875 0.4540982140625 0.724955696875 0.4540982140625 0.6717721515624999
8 0.3326741078125 0.76274050625 0.2931875 0.76274050625 0.2931875 0.8215253171875 0.3326741078125 0.8215253171875 0.3326741078125 0.76274050625
8 0.6120446421875 0.715158228125 0.5903258921875 0.715158228125 0.5903258921875 0.731955696875 0.6120446421875 0.731955696875 0.6120446421875 0.715158228125
8 0.6564642859375 0.7683417718750001 0.633758928125 0.7683417718750001 0.633758928125 0.7865316453125 0.6564642859375 0.7865316453125 0.6564642859375 0.7683417718750001
8 0.488647321875 0.8621075953125 0.47779017812499996 0.8621075953125 0.47779017812499996 0.8789050640625 0.488647321875 0.8789050640625 0.488647321875 0.8621075953125
8 0.7976294640625 0.5304240499999999 0.7729508921875 0.5304240499999999 0.7729508921875 0.5556139234375 0.7976294640625 0.5556139234375 0.7976294640625 0.5304240499999999
7 0.21618750000000003 0.41425949375000004 0.06021875 0.41425949375000004 0.06021875 0.5682088609375 0.21618750000000003 0.5682088609375 0.21618750000000003 0.41425949375000004