4 0.93359375 0.59375 0.69140625 0.59375 0.69140625 0.68359375 0.93359375 0.68359375 0.93359375 0.59375
4 0.3144553578125 0.8652366078125 0.23828125 0.8652366078125 0.23828125 0.8984375 0.3144553578125 0.8984375 0.3144553578125 0.8652366078125
4 0.2480491078125 0.93359375 0.1933616078125 0.93359375 0.1933616078125 0.98828125 0.2480491078125 0.98828125 0.2480491078125 0.93359375
4 0.6035178578125 0.6171875 0.5449241078125 0.6171875 0.5449241078125 0.66796875 0.6035178578125 0.66796875 0.6035178578125 0.6171875
4 0.6894553578125 0.60546875 0.60546875 0.60546875 0.60546875 0.6308616078125 0.6894553578125 0.6308616078125 0.6894553578125 0.60546875
8 0.5839866078125 0.8261741078125 0.5136741078125 0.8261741078125 0.5136741078125 0.92578125 0.5839866078125 0.92578125 0.5839866078125 0.8261741078125
8 0.57421875 0.9296875 0.53125 0.9296875 0.53125 0.9785178578125 0.57421875 0.9785178578125 0.57421875 0.9296875
6 0.69140625 0.70703125 0.26953125 0.70703125 0.26953125 0.9902366078125 0.69140625 0.9902366078125 0.69140625 0.70703125
5 0.9121116078125 0.6015625 0.42578125 0.6015625 0.42578125 0.9121116078125 0.9121116078125 0.9121116078125 0.9121116078125 0.6015625
1 0.47070535781249995 0.5390625 0.0625 0.5390625 0.0625 0.8984375 0.47070535781249995 0.8984375 0.47070535781249995 0.5390625
2 0.9921875 0.0019553578125 0.00390625 0.0019553578125 0.00390625 0.9941428578125 0.9921875 0.9941428578125 0.9921875 0.0019553578125