3 0.8203125 0.6796875 0.71484375 0.6796875 0.71484375 0.7949241078125 0.8203125 0.7949241078125 0.8203125 0.6796875
3 0.9980491078125 0.3125 0.8828125 0.3125 0.8828125 0.421875 0.9980491078125 0.421875 0.9980491078125 0.3125
3 0.1738303578125 0.359375 0.1152366078125 0.359375 0.1152366078125 0.42383035781249995 0.1738303578125 0.42383035781249995 0.1738303578125 0.359375
3 0.2441428578125 0.45508035781249995 0.1699241078125 0.45508035781249995 0.1699241078125 0.53125 0.2441428578125 0.53125 0.2441428578125 0.45508035781249995
3 0.5019553578125 0.7421875 0.46484375 0.7421875 0.46484375 0.78515625 0.5019553578125 0.78515625 0.5019553578125 0.7421875
5 0.6640625 0.1894553578125 0.29296875 0.1894553578125 0.29296875 0.45117410781249995 0.6640625 0.45117410781249995 0.6640625 0.1894553578125
3 0.1640625 0.6972678578125 0.1152366078125 0.6972678578125 0.1152366078125 0.7519553578125 0.1640625 0.7519553578125 0.1640625 0.6972678578125
3 0.8613303578125 0.3964866078125 0.82421875 0.3964866078125 0.82421875 0.46484375 0.8613303578125 0.46484375 0.8613303578125 0.3964866078125
3 0.8457053578125 0.00390625 0.703125 0.00390625 0.703125 0.06640625 0.8457053578125 0.06640625 0.8457053578125 0.00390625
8 0 0.7949241078125 0.0097678578125 0.7949241078125 0.0097678578125 0.7714866078125 0 0.7714866078125 0 0.7949241078125
8 0.75 0.7324241078125 0.73046875 0.7324241078125 0.73046875 0.75 0.75 0.75 0.75 0.7324241078125
8 0.7636741078125 0.77734375 0.74609375 0.77734375 0.74609375 0.7949241078125 0.7636741078125 0.7949241078125 0.7636741078125 0.77734375