4 0.9921875 0.2011741078125 0.5683616078125 0.2011741078125 0.5683616078125 0.6699241078125 0.9921875 0.6699241078125 0.9921875 0.2011741078125
4 0.98828125 0.0488303578125 0.875 0.0488303578125 0.875 0.3183616078125 0.98828125 0.3183616078125 0.98828125 0.0488303578125
4 0.7988303578125 0.1230491078125 0.7285178578125 0.1230491078125 0.7285178578125 0.2480491078125 0.7988303578125 0.2480491078125 0.7988303578125 0.1230491078125
4 0.5839866078125 0.2675803578125 0.39453125 0.2675803578125 0.39453125 0.48828125 0.5839866078125 0.48828125 0.5839866078125 0.2675803578125
4 0.125 0.7246116078125 0.00390625 0.7246116078125 0.00390625 0.8828125 0.125 0.8828125 0.125 0.7246116078125
4 0.2578125 0.87890625 0.1191428578125 0.87890625 0.1191428578125 0.98828125 0.2578125 0.98828125 0.2578125 0.87890625
4 0.48828125 0.75390625 0.41601785781249995 0.75390625 0.41601785781249995 0.8144553578125 0.48828125 0.8144553578125 0.48828125 0.75390625
4 0.33203125 0.7207053578125 0.20703125 0.7207053578125 0.20703125 0.78515625 0.33203125 0.78515625 0.33203125 0.7207053578125
4 0.328125 0.7714866078125 0.2402366078125 0.7714866078125 0.2402366078125 0.8339866078125 0.328125 0.8339866078125 0.328125 0.7714866078125
4 0.5332053578125 0.69921875 0.4375 0.69921875 0.4375 0.76171875 0.5332053578125 0.76171875 0.5332053578125 0.69921875
4 0.3964866078125 0.01171875 0.0058616078125 0.01171875 0.0058616078125 0.6933616078125 0.3964866078125 0.6933616078125 0.3964866078125 0.01171875
4 0.75 0.6738303578125 0.7089866078125 0.6738303578125 0.7089866078125 0.71484375 0.75 0.71484375 0.75 0.6738303578125
4 0.8339866078125 0.69140625 0.7890625 0.69140625 0.7890625 0.7402366078125 0.8339866078125 0.7402366078125 0.8339866078125 0.69140625
4 0.9941428578125 0.73828125 0.9433616078125 0.73828125 0.9433616078125 0.7832053578125 0.9941428578125 0.7832053578125 0.9941428578125 0.73828125