4 0.1855491078125 0.3808616078125 0.0957053578125 0.3808616078125 0.0957053578125 0.44140625 0.1855491078125 0.44140625 0.1855491078125 0.3808616078125
4 0.11328125 0.5136741078125 0.015625 0.5136741078125 0.015625 0.5800803578125 0.11328125 0.5800803578125 0.11328125 0.5136741078125
4 0.3652366078125 0.3027366078125 0.3222678578125 0.3027366078125 0.3222678578125 0.3417991078125 0.3652366078125 0.3417991078125 0.3652366078125 0.3027366078125
4 0.40820535781249995 0.3515625 0.37109375 0.3515625 0.37109375 0.40039285781249995 0.40820535781249995 0.40039285781249995 0.40820535781249995 0.3515625
4 0.3671875 0.40625 0.32421875 0.40625 0.32421875 0.44336160781249995 0.3671875 0.44336160781249995 0.3671875 0.40625
4 0.3125 0.375 0.2832053578125 0.375 0.2832053578125 0.41796875 0.3125 0.41796875 0.3125 0.375
4 0.27734375 0.3964866078125 0.2441428578125 0.3964866078125 0.2441428578125 0.43945535781249995 0.27734375 0.43945535781249995 0.27734375 0.3964866078125
4 0.29296875 0.23828125 0.0546875 0.23828125 0.0546875 0.40429910781249995 0.29296875 0.40429910781249995 0.29296875 0.23828125
4 0.1269553578125 0.1640625 0.078125 0.1640625 0.078125 0.2011741078125 0.1269553578125 0.2011741078125 0.1269553578125 0.1640625
4 0.08203125 0.171875 0.0390625 0.171875 0.0390625 0.2128928578125 0.08203125 0.2128928578125 0.08203125 0.171875
4 0.0917991078125 0.09765625 0.00390625 0.09765625 0.00390625 0.234375 0.0917991078125 0.234375 0.0917991078125 0.09765625
4 0.2246116078125 0.0683616078125 0.1425803578125 0.0683616078125 0.1425803578125 0.11328125 0.2246116078125 0.11328125 0.2246116078125 0.0683616078125
7 0.9941428578125 0.61328125 0.7265625 0.61328125 0.7265625 0.9863303578125 0.9941428578125 0.9863303578125 0.9941428578125 0.61328125
3 0.42578125 0.52734375 0.3984375 0.52734375 0.3984375 0.5683616078125 0.42578125 0.5683616078125 0.42578125 0.52734375
3 0.44726785781249995 0.58984375 0.40234375 0.58984375 0.40234375 0.6347678578125 0.44726785781249995 0.6347678578125 0.44726785781249995 0.58984375
3 0.31640625 0.4609375 0.26953125 0.4609375 0.26953125 0.5019553578125 0.31640625 0.5019553578125 0.31640625 0.4609375
3 0.48046875 0.7832053578125 0.4453125 0.7832053578125 0.4453125 0.8378928578125 0.48046875 0.8378928578125 0.48046875 0.7832053578125
3 0.703125 0.8828125 0.6816428578125 0.8828125 0.6816428578125 0.9042991078125 0.703125 0.9042991078125 0.703125 0.8828125
3 0.69140625 0.9589866078125 0.6699241078125 0.9589866078125 0.6699241078125 0.9824241078125 0.69140625 0.9824241078125 0.69140625 0.9589866078125
3 0.39453125 0.5566428578125 0.37109375 0.5566428578125 0.37109375 0.5761741078125 0.39453125 0.5761741078125 0.39453125 0.5566428578125
3 0.296875 0.7050803578125 0.2402366078125 0.7050803578125 0.2402366078125 0.7558616078125 0.296875 0.7558616078125 0.296875 0.7050803578125
3 0.2011741078125 0.5546875 0.1777366078125 0.5546875 0.1777366078125 0.578125 0.2011741078125 0.578125 0.2011741078125 0.5546875
4 0.0332053578125 0.23828125 0.0058616078125 0.23828125 0.0058616078125 0.2675803578125 0.0332053578125 0.2675803578125 0.0332053578125 0.23828125
3 0.9042991078125 0.28125 0.8808616078125 0.28125 0.8808616078125 0.3027366078125 0.9042991078125 0.3027366078125 0.9042991078125 0.28125