3 0.9921875 0.0878928578125 0.6503928578125 0.0878928578125 0.6503928578125 0.30078125 0.9921875 0.30078125 0.9921875 0.0878928578125
3 0.8964866078125 0.3730491078125 0.72265625 0.3730491078125 0.72265625 0.51171875 0.8964866078125 0.51171875 0.8964866078125 0.3730491078125
3 0.9628928578125 0.37109375 0.91796875 0.37109375 0.91796875 0.453125 0.9628928578125 0.453125 0.9628928578125 0.37109375
3 0.5703125 0.7363303578125 0.41992410781249995 0.7363303578125 0.41992410781249995 0.9765625 0.5703125 0.9765625 0.5703125 0.7363303578125
3 0.27734375 0.6503928578125 0.1582053578125 0.6503928578125 0.1582053578125 0.7363303578125 0.27734375 0.7363303578125 0.27734375 0.6503928578125
3 0.62109375 0.6269553578125 0.5527366078125 0.6269553578125 0.5527366078125 0.6933616078125 0.62109375 0.6933616078125 0.62109375 0.6269553578125
5 0.69140625 0.1933616078125 0.19921875 0.1933616078125 0.19921875 0.5449241078125 0.69140625 0.5449241078125 0.69140625 0.1933616078125
7 0.98046875 0.80078125 0.671875 0.80078125 0.671875 0.9902366078125 0.98046875 0.9902366078125 0.98046875 0.80078125
3 0.3613303578125 0.6113303578125 0.3339866078125 0.6113303578125 0.3339866078125 0.640625 0.3613303578125 0.640625 0.3613303578125 0.6113303578125
3 0.62890625 0.7636741078125 0.5996116078125 0.7636741078125 0.5996116078125 0.79296875 0.62890625 0.79296875 0.62890625 0.7636741078125
3 0.3125 0.7089866078125 0.2949241078125 0.7089866078125 0.2949241078125 0.73046875 0.3125 0.73046875 0.3125 0.7089866078125
3 0.5410178578125 0.640625 0.5058616078125 0.640625 0.5058616078125 0.6738303578125 0.5410178578125 0.6738303578125 0.5410178578125 0.640625
3 0.8808616078125 0.05859375 0.8066428578125 0.05859375 0.8066428578125 0.1777366078125 0.8808616078125 0.1777366078125 0.8808616078125 0.05859375
8 0.81640625 0.44921875 0.8027366078125 0.44921875 0.8027366078125 0.4609375 0.81640625 0.4609375 0.81640625 0.44921875
8 0.87109375 0.078125 0.8457053578125 0.078125 0.8457053578125 0.0957053578125 0.87109375 0.0957053578125 0.87109375 0.078125
8 0.8730491078125 0.1542991078125 0.859375 0.1542991078125 0.859375 0.171875 0.8730491078125 0.171875 0.8730491078125 0.1542991078125
8 0.88671875 0.48828125 0.875 0.48828125 0.875 0.5 0.88671875 0.5 0.88671875 0.48828125
4 0.5566428578125 0.7714866078125 0.45703125 0.7714866078125 0.45703125 0.9472678578125 0.5566428578125 0.9472678578125 0.5566428578125 0.7714866078125
4 0.23828125 0.66015625 0.21875 0.66015625 0.21875 0.7089866078125 0.23828125 0.7089866078125 0.23828125 0.66015625
4 0.609375 0.6425803578125 0.5839866078125 0.6425803578125 0.5839866078125 0.6796875 0.609375 0.6796875 0.609375 0.6425803578125
3 0.9707053578125 0.5390625 0.92578125 0.5390625 0.92578125 0.6308616078125 0.9707053578125 0.6308616078125 0.9707053578125 0.5390625