7 0.33061607187500003 0.004636871875 0.08450892812500001 0.004636871875 0.08450892812500001 0.14378770937500002 0.33061607187500003 0.14378770937500002 0.33061607187500003 0.004636871875
3 0.322459821875 0.0222625703125 0.213491071875 0.0222625703125 0.213491071875 0.0807039109375 0.322459821875 0.0807039109375 0.322459821875 0.0222625703125
3 0.10378125 0.20501117343750003 0.0037053578125 0.20501117343750003 0.0037053578125 0.5519497203125 0.10378125 0.5519497203125 0.10378125 0.20501117343750003
3 0.3839866078125 0.29592178750000003 0.1578928578125 0.29592178750000003 0.1578928578125 0.47588268125 0.3839866078125 0.47588268125 0.3839866078125 0.29592178750000003
3 0.2935491078125 0.5992625703125001 0.18458035781249998 0.5992625703125001 0.18458035781249998 0.7541787703125 0.2935491078125 0.7541787703125 0.2935491078125 0.5992625703125001
3 0.173459821875 0.5872011171875 0.0474419640625 0.5872011171875 0.0474419640625 0.769022346875 0.173459821875 0.769022346875 0.173459821875 0.5872011171875
3 0.2646383921875 0.7708770953124999 0.2157142859375 0.7708770953124999 0.2157142859375 0.8209664796875 0.2646383921875 0.8209664796875 0.2646383921875 0.7708770953124999
3 0.61453125 0.5018547484375 0.307633928125 0.5018547484375 0.307633928125 0.6975921781250001 0.61453125 0.6975921781250001 0.61453125 0.5018547484375
3 0.7257232140625 0.5064972062499999 0.6419553578125 0.5064972062499999 0.6419553578125 0.589055865625 0.7257232140625 0.589055865625 0.7257232140625 0.5064972062499999
3 0.9896205359374999 0.6827486031250001 0.9303169640625001 0.6827486031250001 0.9303169640625001 0.8209664796875 0.9896205359374999 0.8209664796875 0.9896205359374999 0.6827486031250001
3 0.8754642859375 0.7625251390625001 0.841366071875 0.7625251390625001 0.841366071875 0.8218938546875 0.8754642859375 0.8218938546875 0.8754642859375 0.7625251390625001
3 0.7983705359375 0.8014860328125 0.710897321875 0.8014860328125 0.710897321875 0.9035307265625001 0.7983705359375 0.9035307265625001 0.7983705359375 0.8014860328125
8 0.7309107140625 0.487016759375 0.6938482140625 0.487016759375 0.6938482140625 0.5324692734375 0.7309107140625 0.5324692734375 0.7309107140625 0.487016759375
8 0.6945892859375 0.6261620109375 0.5945133921875 0.6261620109375 0.5945133921875 0.877553071875 0.6945892859375 0.877553071875 0.6945892859375 0.6261620109375
8 0.7079330359375 0.6113184359375 0.6849508921874999 0.6113184359375 0.6849508921874999 0.6539888265625 0.7079330359375 0.6539888265625 0.7079330359375 0.6113184359375
8 0.434397321875 0.718927375 0.41289732187499995 0.718927375 0.41289732187499995 0.7541787703125 0.434397321875 0.7541787703125 0.434397321875 0.718927375
8 0.4277232140625 0.7588156421875001 0.393625 0.7588156421875001 0.393625 0.8209664796875 0.4277232140625 0.8209664796875 0.4277232140625 0.7588156421875001
8 0.36249107187499996 0.8580726249999999 0.32542410781250003 0.8580726249999999 0.32542410781250003 0.9109497203125001 0.36249107187499996 0.9109497203125001 0.36249107187499996 0.8580726249999999
3 0.613790178125 0.838592178125 0.5048169640625 0.838592178125 0.5048169640625 0.92950279375 0.613790178125 0.92950279375 0.613790178125 0.838592178125
8 0.10896874999999999 0.7040837984375 0.063008928125 0.7040837984375 0.063008928125 0.7560335203124999 0.10896874999999999 0.7560335203124999 0.10896874999999999 0.7040837984375
8 0.28984375 0.6076089390625 0.2238705359375 0.6076089390625 0.2238705359375 0.6706871515625 0.28984375 0.6706871515625 0.28984375 0.6076089390625
8 0.221647321875 0.6604860328125 0.2045982140625 0.6604860328125 0.2045982140625 0.6827486031250001 0.221647321875 0.6827486031250001 0.221647321875 0.6604860328125
8 0.212008928125 0.6966648046875 0.1927366078125 0.6966648046875 0.1927366078125 0.72727374375 0.212008928125 0.72727374375 0.212008928125 0.6966648046875
8 0.23499107187499998 0.7096480453125 0.21423214218750003 0.7096480453125 0.21423214218750003 0.738407821875 0.23499107187499998 0.738407821875 0.23499107187499998 0.7096480453125
8 0.2461071421875 0.6818212296875 0.230540178125 0.6818212296875 0.230540178125 0.7040837984375 0.2461071421875 0.7040837984375 0.2461071421875 0.6818212296875
8 0.049665178125 0.3014860328125 0.0385491078125 0.3014860328125 0.0385491078125 0.3107597765625 0.049665178125 0.3107597765625 0.049665178125 0.3014860328125
8 0.046700892187499995 0.308905028125 0.0303928578125 0.308905028125 0.0303928578125 0.3311675984375 0.046700892187499995 0.3311675984375 0.046700892187499995 0.308905028125
8 0.081540178125 0.28942458125 0.0696830359375 0.28942458125 0.0696830359375 0.307977653125 0.081540178125 0.307977653125 0.081540178125 0.28942458125
8 0.9584866078125 0.77180446875 0.946625 0.77180446875 0.946625 0.785715084375 0.9584866078125 0.785715084375 0.9584866078125 0.77180446875
3 0.8495178578125 0.6771843578125 0.7568571421875 0.6771843578125 0.7568571421875 0.7319162015625 0.8495178578125 0.7319162015625 0.8495178578125 0.6771843578125
3 0.5189017859375 0.1725419 0.45292857187499996 0.1725419 0.45292857187499996 0.21150279374999997 0.5189017859375 0.21150279374999997 0.5189017859375 0.1725419
3 0.4810982140625 0.22263687187499998 0.4366205359375 0.22263687187499998 0.4366205359375 0.25231843593750003 0.4810982140625 0.25231843593750003 0.4810982140625 0.22263687187499998
3 0.4188303578125 0.933212290625 0.3869553578125 0.933212290625 0.3869553578125 0.9712458093749999 0.4188303578125 0.9712458093749999 0.4188303578125 0.933212290625
3 0.498147321875 0.94527374375 0.4425491078125 0.94527374375 0.4425491078125 0.9814525140624999 0.498147321875 0.9814525140624999 0.498147321875 0.94527374375
3 0.7079330359375 0.8840502796875 0.6834687500000001 0.8840502796875 0.6834687500000001 0.9146592171875 0.7079330359375 0.9146592171875 0.7079330359375 0.8840502796875