4 0.9863303578125 0.265625 0.9042991078125 0.265625 0.9042991078125 0.53515625 0.9863303578125 0.53515625 0.9863303578125 0.265625
4 0.9902366078125 0.609375 0.8984375 0.609375 0.8984375 0.78125 0.9902366078125 0.78125 0.9902366078125 0.609375
4 0.76953125 0.3652366078125 0.5800803578125 0.3652366078125 0.5800803578125 0.5644553578125 0.76953125 0.5644553578125 0.76953125 0.3652366078125
4 0.7636741078125 0.7324241078125 0.71484375 0.7324241078125 0.71484375 0.82421875 0.7636741078125 0.82421875 0.7636741078125 0.7324241078125
4 0.87890625 0.765625 0.8066428578125 0.765625 0.8066428578125 0.9433616078125 0.87890625 0.9433616078125 0.87890625 0.765625
4 0.5644553578125 0.87890625 0.41211160781249995 0.87890625 0.41211160781249995 0.98046875 0.5644553578125 0.98046875 0.5644553578125 0.87890625
4 0.3300803578125 0.65234375 0.1640625 0.65234375 0.1640625 0.78515625 0.3300803578125 0.78515625 0.3300803578125 0.65234375
4 0.1894553578125 0.4453125 0.0839866078125 0.4453125 0.0839866078125 0.60546875 0.1894553578125 0.60546875 0.1894553578125 0.4453125
4 0.1074241078125 0.7207053578125 0.0136741078125 0.7207053578125 0.0136741078125 0.9082053578125 0.1074241078125 0.9082053578125 0.1074241078125 0.7207053578125
4 0.1230491078125 0 0.1230491078125 0.1738303578125 0.40039285781249995 0.1738303578125 0.40039285781249995 0 0.1230491078125 0
4 0.9902366078125 0.015625 0.0097678578125 0.015625 0.0097678578125 0.984375 0.9902366078125 0.984375 0.9902366078125 0.015625
2 0.9941428578125 0.0058616078125 0.00390625 0.0058616078125 0.00390625 0.9921875 0.9941428578125 0.9921875 0.9941428578125 0.0058616078125