4 0.2441428578125 0.7578125 0.1464866078125 0.7578125 0.1464866078125 0.87109375 0.2441428578125 0.87109375 0.2441428578125 0.7578125
4 0.13671875 0.86328125 0.09375 0.86328125 0.09375 0.9003928578125 0.13671875 0.9003928578125 0.13671875 0.86328125
4 0.1191428578125 0.7011741078125 0.0644553578125 0.7011741078125 0.0644553578125 0.76171875 0.1191428578125 0.76171875 0.1191428578125 0.7011741078125
4 0.0390625 0.7441428578125 0.0019553578125 0.7441428578125 0.0019553578125 0.8027366078125 0.0390625 0.8027366078125 0.0390625 0.7441428578125
4 0.99609375 0.6074241078125 0.9589866078125 0.6074241078125 0.9589866078125 0.6953125 0.99609375 0.6953125 0.99609375 0.6074241078125
4 0.7871116078125 0.8886741078125 0.7402366078125 0.8886741078125 0.7402366078125 0.9453125 0.7871116078125 0.9453125 0.7871116078125 0.8886741078125
3 0.2285178578125 0.43554910781249995 0.1191428578125 0.43554910781249995 0.1191428578125 0.64453125 0.2285178578125 0.64453125 0.2285178578125 0.43554910781249995
3 0.34375 0.6191428578125 0.2578125 0.6191428578125 0.2578125 0.6894553578125 0.34375 0.6894553578125 0.34375 0.6191428578125
3 0.4609375 0.42578125 0.3300803578125 0.42578125 0.3300803578125 0.5449241078125 0.4609375 0.5449241078125 0.4609375 0.42578125
3 0.5839866078125 0.5234375 0.47461160781249995 0.5234375 0.47461160781249995 0.6953125 0.5839866078125 0.6953125 0.5839866078125 0.5234375
3 0.3730491078125 0.0019553578125 0.0800803578125 0.0019553578125 0.0800803578125 0.08203125 0.3730491078125 0.08203125 0.3730491078125 0.0019553578125
3 0.4296875 0.1113303578125 0.3359375 0.1113303578125 0.3359375 0.1953125 0.4296875 0.1953125 0.4296875 0.1113303578125
3 0.5566428578125 0.1015625 0.46875 0.1015625 0.46875 0.19140625 0.5566428578125 0.19140625 0.5566428578125 0.1015625
3 0.48828125 0.1777366078125 0.40625 0.1777366078125 0.40625 0.2480491078125 0.48828125 0.2480491078125 0.48828125 0.1777366078125
3 0.5878928578125 0.20703125 0.5019553578125 0.20703125 0.5019553578125 0.33203125 0.5878928578125 0.33203125 0.5878928578125 0.20703125
3 0.5566428578125 0.8300803578125 0.5097678578125 0.8300803578125 0.5097678578125 0.88671875 0.5566428578125 0.88671875 0.5566428578125 0.8300803578125
8 0.3574241078125 0.55859375 0.2480491078125 0.55859375 0.2480491078125 0.6152366078125 0.3574241078125 0.6152366078125 0.3574241078125 0.55859375
8 0.38671875 0.6074241078125 0.33984375 0.6074241078125 0.33984375 0.671875 0.38671875 0.671875 0.38671875 0.6074241078125
8 0.42383035781249995 0.7050803578125 0.3769553578125 0.7050803578125 0.3769553578125 0.7324241078125 0.42383035781249995 0.7324241078125 0.42383035781249995 0.7050803578125
8 0.6738303578125 0.7246116078125 0.59765625 0.7246116078125 0.59765625 0.86328125 0.6738303578125 0.86328125 0.6738303578125 0.7246116078125
5 0.98828125 0.029299107812500003 0.6386741078125 0.029299107812500003 0.6386741078125 0.953125 0.98828125 0.953125 0.98828125 0.029299107812500003
8 0.1542991078125 0.5703125 0.1191428578125 0.5703125 0.1191428578125 0.59765625 0.1542991078125 0.59765625 0.1542991078125 0.5703125
8 0.1503928578125 0.0078125 0.10546875 0.0078125 0.10546875 0.06640625 0.1503928578125 0.06640625 0.1503928578125 0.0078125
8 0.1230491078125 0.8652366078125 0.1015625 0.8652366078125 0.1015625 0.890625 0.1230491078125 0.890625 0.1230491078125 0.8652366078125
8 0.3671875 0.49804910781249995 0.3457053578125 0.49804910781249995 0.3457053578125 0.51953125 0.3671875 0.51953125 0.3671875 0.49804910781249995
8 0.20703125 0.765625 0.15625 0.765625 0.15625 0.8378928578125 0.20703125 0.8378928578125 0.20703125 0.765625
8 0.02734375 0.7597678578125 0.0078125 0.7597678578125 0.0078125 0.79296875 0.02734375 0.79296875 0.02734375 0.7597678578125
8 0.3183616078125 0.40234375 0.296875 0.40234375 0.296875 0.43164285781249995 0.3183616078125 0.43164285781249995 0.3183616078125 0.40234375
8 0.2402366078125 0.48046875 0.21875 0.48046875 0.21875 0.51171875 0.2402366078125 0.51171875 0.2402366078125 0.48046875