8 0.4603392859375 0.140072625 0.3884375 0.140072625 0.3884375 0.33488268125 0.4603392859375 0.33488268125 0.4603392859375 0.140072625
8 0.5389196421875 0.3608547484375 0.40029464218750005 0.3608547484375 0.40029464218750005 0.6113184359375 0.5389196421875 0.6113184359375 0.5389196421875 0.3608547484375
8 0.5633794640625001 0.6261620109375 0.543366071875 0.6261620109375 0.543366071875 0.6716145250000001 0.5633794640625001 0.6716145250000001 0.5633794640625001 0.6261620109375
8 0.597477678125 0.597407821875 0.5759821421875 0.597407821875 0.5759821421875 0.636368715625 0.597477678125 0.636368715625 0.597477678125 0.597407821875
8 0.6434375 0.6818212296875 0.5796875 0.6818212296875 0.5796875 0.8664245812500001 0.6434375 0.8664245812500001 0.6434375 0.6818212296875
8 0.7064508921875 0.8905419 0.6782812500000001 0.8905419 0.6782812500000001 0.9211564250000001 0.7064508921875 0.9211564250000001 0.7064508921875 0.8905419
8 0.6797633921874999 0.9471284921875001 0.652334821875 0.9471284921875001 0.652334821875 0.99072625625 0.6797633921874999 0.99072625625 0.6797633921874999 0.9471284921875001
8 0.6234241078125 0.9554748609375 0.6004464281249999 0.9554748609375 0.6004464281249999 0.9860893859375001 0.6234241078125 0.9860893859375001 0.6234241078125 0.9554748609375
8 0.4136383921875 0.7949944140625 0.384727678125 0.7949944140625 0.384727678125 0.840446928125 0.4136383921875 0.840446928125 0.4136383921875 0.7949944140625
3 0.7909553578125 0.0640055859375 0.7635267859375 0.0640055859375 0.7635267859375 0.10111173124999999 0.7909553578125 0.10111173124999999 0.7909553578125 0.0640055859375
3 0.836915178125 0.1465698328125 0.8028169640625 0.1465698328125 0.8028169640625 0.20315642500000003 0.836915178125 0.20315642500000003 0.836915178125 0.1465698328125
3 0.8539642859375001 0.082558659375 0.8295044640624999 0.082558659375 0.8295044640624999 0.11317318437499999 0.8539642859375001 0.11317318437499999 0.8539642859375001 0.082558659375
3 0.871758928125 0.061223464062499997 0.8443303578125001 0.061223464062499997 0.8443303578125001 0.09647486093749999 0.871758928125 0.09647486093749999 0.871758928125 0.061223464062499997
3 0.910303571875 0.0723575421875 0.8843571421875 0.0723575421875 0.8843571421875 0.104826815625 0.910303571875 0.104826815625 0.910303571875 0.0723575421875
3 0.9399553578125 0.10296647968749999 0.9095625 0.10296647968749999 0.9095625 0.14842458125 0.9399553578125 0.14842458125 0.9399553578125 0.10296647968749999
3 0.9503348218750001 0.14378770937500002 0.9295758921875 0.14378770937500002 0.9295758921875 0.18274860312500002 0.9503348218750001 0.18274860312500002 0.9503348218750001 0.14378770937500002
3 0.86953125 0.14842458125 0.8346919640625 0.14842458125 0.8346919640625 0.19573184375 0.86953125 0.19573184375 0.86953125 0.14842458125
3 0.7887321421875 0.187385475 0.7694598218750001 0.187385475 0.7694598218750001 0.22263687187499998 0.7887321421875 0.22263687187499998 0.7887321421875 0.187385475
3 0.746477678125 0.082558659375 0.7249821421875 0.082558659375 0.7249821421875 0.12244692812499999 0.746477678125 0.12244692812499999 0.746477678125 0.082558659375
8 0.2779821421875 0.0055642453125 0.2468482140625 0.0055642453125 0.2468482140625 0.03988826875 0.2779821421875 0.03988826875 0.2779821421875 0.0055642453125
8 0.339508928125 0.0176256984375 0.29948214218749997 0.0176256984375 0.29948214218749997 0.0640055859375 0.339508928125 0.0640055859375 0.339508928125 0.0176256984375
8 0.4944419640625 0.0055642453125 0.4536696421875 0.0055642453125 0.4536696421875 0.050094971875000005 0.4944419640625 0.050094971875000005 0.4944419640625 0.0055642453125
3 0.6597500000000001 0.28478770937500003 0.638991071875 0.28478770937500003 0.638991071875 0.33488268125 0.6597500000000001 0.33488268125 0.6597500000000001 0.28478770937500003
3 0.6805044640625 0.2486089390625 0.65678125 0.2486089390625 0.65678125 0.2810782125 0.6805044640625 0.2810782125 0.6805044640625 0.2486089390625
3 0.7694598218750001 0.3107597765625 0.7449955359375 0.3107597765625 0.7449955359375 0.347865921875 0.7694598218750001 0.347865921875 0.7694598218750001 0.3107597765625
3 0.855446428125 0.29777653593750003 0.8243124999999999 0.29777653593750003 0.8243124999999999 0.3367374296875 0.855446428125 0.3367374296875 0.855446428125 0.29777653593750003
5 0.6486294640625 0.878480446875 0.620459821875 0.878480446875 0.620459821875 0.9359944140625001 0.6486294640625 0.9359944140625001 0.6486294640625 0.878480446875
8 0.6486294640625 0.8766256984374999 0.6345446421875 0.8766256984374999 0.6345446421875 0.9081675984375 0.6486294640625 0.9081675984375 0.6486294640625 0.8766256984374999
8 0.761303571875 0.3218938546875 0.7501875 0.3218938546875 0.7501875 0.3423016765625 0.761303571875 0.3423016765625 0.761303571875 0.3218938546875
3 0.8895491078125 0.0287597765625 0.697553571875 0.0287597765625 0.697553571875 0.2875698328125 0.8895491078125 0.2875698328125 0.8895491078125 0.0287597765625
3 0.8873258921874999 0.72634636875 0.86434375 0.72634636875 0.86434375 0.7597430171874999 0.8873258921874999 0.7597430171874999 0.8873258921874999 0.72634636875
3 0.7620446421875 0.5556592171875 0.7398080359375 0.5556592171875 0.7398080359375 0.5834916203125 0.7620446421875 0.5834916203125 0.7620446421875 0.5556592171875
3 0.4099330359375 0.7977765359375 0.3869553578125 0.7977765359375 0.3869553578125 0.8348826812500001 0.4099330359375 0.8348826812500001 0.4099330359375 0.7977765359375
3 0.407709821875 0.9239385468749999 0.389178571875 0.9239385468749999 0.389178571875 0.94527374375 0.407709821875 0.94527374375 0.407709821875 0.9239385468749999
3 0.6278705359375001 0.6298715078125 0.587102678125 0.6298715078125 0.587102678125 0.674402234375 0.6278705359375001 0.674402234375 0.6278705359375001 0.6298715078125