3 0.3183616078125 0.1777366078125 0.2109375 0.1777366078125 0.2109375 0.37109375 0.3183616078125 0.37109375 0.3183616078125 0.1777366078125
8 0.33203125 0.81640625 0.2265625 0.81640625 0.2265625 0.99609375 0.33203125 0.99609375 0.33203125 0.81640625
8 0.15625 0.47070535781249995 0.08984375 0.47070535781249995 0.08984375 0.7441428578125 0.15625 0.7441428578125 0.15625 0.47070535781249995
8 0.5214866078125 0.0214866078125 0.2792991078125 0.0214866078125 0.2792991078125 0.1347678578125 0.5214866078125 0.1347678578125 0.5214866078125 0.0214866078125
8 0.5058616078125 0.8417991078125 0.41796875 0.8417991078125 0.41796875 0.99609375 0.5058616078125 0.99609375 0.5058616078125 0.8417991078125
4 0.7910178578125 0.26953125 0.6386741078125 0.26953125 0.6386741078125 0.4609375 0.7910178578125 0.4609375 0.7910178578125 0.26953125
4 0.2441428578125 0.48046875 0.19140625 0.48046875 0.19140625 0.6933616078125 0.2441428578125 0.6933616078125 0.2441428578125 0.48046875
4 0.4140625 0.36328125 0.27734375 0.36328125 0.27734375 0.4375 0.4140625 0.4375 0.4140625 0.36328125
8 0.1035178578125 0.1621116078125 0.015625 0.1621116078125 0.015625 0.3730491078125 0.1035178578125 0.3730491078125 0.1035178578125 0.1621116078125
4 0.1894553578125 0.8105491078125 0.1074241078125 0.8105491078125 0.1074241078125 0.98046875 0.1894553578125 0.98046875 0.1894553578125 0.8105491078125
4 0 0.89453125 0.0527366078125 0.89453125 0.0527366078125 0.796875 0 0.796875 0 0.89453125
8 0.2480491078125 0.0019553578125 0.1640625 0.0019553578125 0.1640625 0.0449241078125 0.2480491078125 0.0449241078125 0.2480491078125 0.0019553578125
3 0.09765625 0.1796875 0.01171875 0.1796875 0.01171875 0.3808616078125 0.09765625 0.3808616078125 0.09765625 0.1796875
2 0.9921875 0.00390625 0.0058616078125 0.00390625 0.0058616078125 0.9941428578125 0.9921875 0.9941428578125 0.9921875 0.00390625
4 0.4453125 0.66015625 0.375 0.66015625 0.375 0.8105491078125 0.4453125 0.8105491078125 0.4453125 0.66015625
4 0.51171875 0.03125 0.2988303578125 0.03125 0.2988303578125 0.1347678578125 0.51171875 0.1347678578125 0.51171875 0.03125