3 0.6191428578125 0.5878928578125 0.5371116078125 0.5878928578125 0.5371116078125 0.66015625 0.6191428578125 0.66015625 0.6191428578125 0.5878928578125
3 0.6738303578125 0.66796875 0.5683616078125 0.66796875 0.5683616078125 0.7675803578125 0.6738303578125 0.7675803578125 0.6738303578125 0.66796875
3 0.6816428578125 0.7753928578125 0.578125 0.7753928578125 0.578125 0.9941428578125 0.6816428578125 0.9941428578125 0.6816428578125 0.7753928578125
3 0.8964866078125 0.5253928578125 0.8359375 0.5253928578125 0.8359375 0.62890625 0.8964866078125 0.62890625 0.8964866078125 0.5253928578125
4 0.1464866078125 0.0703125 0.0527366078125 0.0703125 0.0527366078125 0.26953125 0.1464866078125 0.26953125 0.1464866078125 0.0703125
4 0.0625 0.5527366078125 0.0019553578125 0.5527366078125 0.0019553578125 0.7441428578125 0.0625 0.7441428578125 0.0625 0.5527366078125
4 0.9589866078125 0.33984375 0.87890625 0.33984375 0.87890625 0.40429910781249995 0.9589866078125 0.40429910781249995 0.9589866078125 0.33984375
5 0.515625 0.2597678578125 0.34765625 0.2597678578125 0.34765625 0.40039285781249995 0.515625 0.40039285781249995 0.515625 0.2597678578125
3 0.21875 0.3515625 0.1738303578125 0.3515625 0.1738303578125 0.41601785781249995 0.21875 0.41601785781249995 0.21875 0.3515625
3 0.5527366078125 0.4453125 0.48242410781249995 0.4453125 0.48242410781249995 0.5253928578125 0.5527366078125 0.5253928578125 0.5527366078125 0.4453125
3 0.5332053578125 0.5800803578125 0.4921875 0.5800803578125 0.4921875 0.63671875 0.5332053578125 0.63671875 0.5332053578125 0.5800803578125
3 0.3652366078125 0.6191428578125 0.328125 0.6191428578125 0.328125 0.65234375 0.3652366078125 0.65234375 0.3652366078125 0.6191428578125
3 0.3359375 0.4375 0.2246116078125 0.4375 0.2246116078125 0.5078125 0.3359375 0.5078125 0.3359375 0.4375
3 0.42383035781249995 0.171875 0.375 0.171875 0.375 0.2050803578125 0.42383035781249995 0.2050803578125 0.42383035781249995 0.171875
4 0.3457053578125 0.1953125 0.26953125 0.1953125 0.26953125 0.2597678578125 0.3457053578125 0.2597678578125 0.3457053578125 0.1953125
4 0.16015625 0.29296875 0.1171875 0.29296875 0.1171875 0.3652366078125 0.16015625 0.3652366078125 0.16015625 0.29296875
4 0.203125 0.15625 0.15625 0.15625 0.15625 0.19140625 0.203125 0.19140625 0.203125 0.15625
4 0.2734375 0.3671875 0.2480491078125 0.3671875 0.2480491078125 0.40429910781249995 0.2734375 0.40429910781249995 0.2734375 0.3671875
4 0.890625 0.5859375 0.859375 0.5859375 0.859375 0.6152366078125 0.890625 0.6152366078125 0.890625 0.5859375
4 0.8613303578125 0.53125 0.8417991078125 0.53125 0.8417991078125 0.57421875 0.8613303578125 0.57421875 0.8613303578125 0.53125
8 0.953125 0.3691428578125 0.93359375 0.3691428578125 0.93359375 0.3984375 0.953125 0.3984375 0.953125 0.3691428578125
8 0.0175803578125 0.66015625 0.00390625 0.66015625 0.00390625 0.6855491078125 0.0175803578125 0.6855491078125 0.0175803578125 0.66015625
8 0.6464866078125 0.9589866078125 0.6171875 0.9589866078125 0.6171875 0.9824241078125 0.6464866078125 0.9824241078125 0.6464866078125 0.9589866078125
8 0.6015625 0.9355491078125 0.5859375 0.9355491078125 0.5859375 0.95703125 0.6015625 0.95703125 0.6015625 0.9355491078125
8 0.88671875 0.703125 0.875 0.703125 0.875 0.72265625 0.88671875 0.72265625 0.88671875 0.703125
4 0.2402366078125 0.1855491078125 0.2167991078125 0.1855491078125 0.2167991078125 0.20703125 0.2402366078125 0.20703125 0.2402366078125 0.1855491078125
4 0.5644553578125 0.06640625 0.49804910781249995 0.06640625 0.49804910781249995 0.1015625 0.5644553578125 0.1015625 0.5644553578125 0.06640625