1 0.7512321421875 0.3694746828125 0.6475803578125 0.3694746828125 0.6475803578125 0.4576455703125 0.7512321421875 0.4576455703125 0.7512321421875 0.3694746828125
7 0.9822321421875 0.303696203125 0.9200401781249999 0.303696203125 0.9200401781249999 0.636784809375 0.9822321421875 0.636784809375 0.9822321421875 0.303696203125
7 0.34057142812499996 0.01679746875 0.0236919640625 0.01679746875 0.0236919640625 0.46324050625 0.34057142812499996 0.46324050625 0.34057142812499996 0.01679746875
7 0.24580357187500002 0.01679746875 0.0730491078125 0.01679746875 0.0730491078125 0.2365189875 0.24580357187500002 0.2365189875 0.24580357187500002 0.01679746875
8 0.46100892812499994 0.188936709375 0.45113392812499997 0.188936709375 0.45113392812499997 0.2155253171875 0.46100892812499994 0.2155253171875 0.46100892812499994 0.188936709375
8 0.47779017812499996 0.1371518984375 0.47186607187499996 0.1371518984375 0.47186607187499996 0.1497468359375 0.47779017812499996 0.1497468359375 0.47779017812499996 0.1371518984375
8 0.2704821421875 0.7935316453125 0.2527142859375 0.7935316453125 0.2527142859375 0.817322784375 0.2704821421875 0.817322784375 0.2704821421875 0.7935316453125
8 0.201383928125 0.787936709375 0.1934866078125 0.787936709375 0.1934866078125 0.8117278484374999 0.201383928125 0.8117278484374999 0.201383928125 0.787936709375
8 0.30996875 0.7963291140625001 0.2951607140625 0.7963291140625001 0.2951607140625 0.817322784375 0.30996875 0.817322784375 0.30996875 0.7963291140625001
8 0.7344508921874999 0.666177215625 0.7226071421875 0.666177215625 0.7226071421875 0.6857658234375 0.7344508921874999 0.6857658234375 0.7344508921874999 0.666177215625
8 0.821321428125 0.5038291140625 0.8144107140625 0.5038291140625 0.8144107140625 0.5178227843750001 0.821321428125 0.5178227843750001 0.821321428125 0.5038291140625
8 0.743334821875 0.0629810125 0.7216205359375001 0.0629810125 0.7216205359375001 0.0909683546875 0.743334821875 0.0909683546875 0.743334821875 0.0629810125
8 0.7087857140625 0.118962025 0.693977678125 0.118962025 0.693977678125 0.1357531640625 0.7087857140625 0.1357531640625 0.7087857140625 0.118962025
5 0.6199419640625 0.7193544296875001 0.3376116078125 0.7193544296875001 0.3376116078125 0.9684746828125 0.6199419640625 0.9684746828125 0.6199419640625 0.7193544296875001