7 0 0.8413743015625 0.036321428125 0.8413743015625 0.036321428125 0.6604860328125 0 0.6604860328125 0 0.8413743015625
7 0.432915178125 0.815402234375 0.037803571875000004 0.815402234375 0.037803571875000004 0.99072625625 0.432915178125 0.99072625625 0.432915178125 0.815402234375
8 0.46849553593750004 0.026899440625 0.443290178125 0.026899440625 0.443290178125 0.08534636875 0.46849553593750004 0.08534636875 0.46849553593750004 0.026899440625
8 0.5492946421875 0.10760893906249999 0.5144553578125 0.10760893906249999 0.5144553578125 0.2003743015625 0.5492946421875 0.2003743015625 0.5492946421875 0.10760893906249999
8 0.660491071875 0.10946368749999999 0.5633794640625001 0.10946368749999999 0.5633794640625001 0.22449162031249997 0.660491071875 0.22449162031249997 0.660491071875 0.10946368749999999
8 0.7257232140625 0.13079888281250002 0.6982946421875 0.13079888281250002 0.6982946421875 0.1660502796875 0.7257232140625 0.1660502796875 0.7257232140625 0.13079888281250002
8 0.7383258921875 0.34137430156250004 0.71534375 0.34137430156250004 0.71534375 0.3886871515625 0.7383258921875 0.3886871515625 0.7383258921875 0.34137430156250004
8 0.882875 0.6372960890625 0.8206071421875001 0.6372960890625 0.8206071421875001 0.7346983234375 0.882875 0.7346983234375 0.882875 0.6372960890625
8 0.7509285718750001 0.5714301671875 0.642696428125 0.5714301671875 0.642696428125 0.6827486031250001 0.7509285718750001 0.6827486031250001 0.7509285718750001 0.5714301671875
8 0.5937723218750001 0.6502793296875 0.5307633921875 0.6502793296875 0.5307633921875 0.7736592171875001 0.5937723218750001 0.7736592171875001 0.5937723218750001 0.6502793296875
8 0.5478125 0.29777653593750003 0.45663392812500003 0.29777653593750003 0.45663392812500003 0.44155865937499994 0.5478125 0.44155865937499994 0.5478125 0.29777653593750003
8 0.5396607140625 0.19758659218750002 0.4959241078125 0.19758659218750002 0.4959241078125 0.26159776562500003 0.5396607140625 0.26159776562500003 0.5396607140625 0.19758659218750002
8 0.5997053578125 0.2356201125 0.552258928125 0.2356201125 0.552258928125 0.370134078125 0.5997053578125 0.370134078125 0.5997053578125 0.2356201125
8 0.6627142859374999 0.27365363125000003 0.6263883921875 0.27365363125000003 0.6263883921875 0.347865921875 0.6627142859374999 0.347865921875 0.6627142859374999 0.27365363125000003
8 0.308375 0.09647486093749999 0.2498125 0.09647486093749999 0.2498125 0.152134078125 0.308375 0.152134078125 0.308375 0.09647486093749999
8 0.37954017812499996 0.12708938593750002 0.33061607187500003 0.12708938593750002 0.33061607187500003 0.18274860312500002 0.37954017812499996 0.18274860312500002 0.37954017812499996 0.12708938593750002
8 0.4143794640625 0.20315642500000003 0.34840625 0.20315642500000003 0.34840625 0.3024134078125 0.4143794640625 0.3024134078125 0.4143794640625 0.20315642500000003
8 0.3387678578125 0.19758659218750002 0.2609330359375 0.19758659218750002 0.2609330359375 0.3311675984375 0.3387678578125 0.3311675984375 0.3387678578125 0.19758659218750002
8 0.3639732140625 0.3311675984375 0.2868794640625 0.3311675984375 0.2868794640625 0.409094971875 0.3639732140625 0.409094971875 0.3639732140625 0.3311675984375
8 0.424758928125 0.3181843578125 0.374352678125 0.3181843578125 0.374352678125 0.40630726250000004 0.424758928125 0.40630726250000004 0.424758928125 0.3181843578125
8 0.3595267859375 0.495363128125 0.2735357140625 0.495363128125 0.2735357140625 0.564938546875 0.3595267859375 0.564938546875 0.3595267859375 0.495363128125
8 0.302446428125 0.5927653625 0.2564866078125 0.5927653625 0.2564866078125 0.699446928125 0.302446428125 0.699446928125 0.302446428125 0.5927653625
8 0.4255 0.5936927375 0.334321428125 0.5936927375 0.334321428125 0.706865921875 0.4255 0.706865921875 0.4255 0.5936927375
1 0.6627142859374999 0.0129888265625 0.3765758921875 0.0129888265625 0.3765758921875 0.15584357499999998 0.6627142859374999 0.15584357499999998 0.6627142859374999 0.0129888265625
1 0.3506294640625 0.105754190625 0.24017857187499997 0.105754190625 0.24017857187499997 0.3534357546875 0.3506294640625 0.3534357546875 0.3506294640625 0.105754190625
1 0.4729419640625 0.21428491562500002 0.357303571875 0.21428491562500002 0.357303571875 0.2903519546875 0.4729419640625 0.2903519546875 0.4729419640625 0.21428491562500002
1 0.5826517859375 0.3024134078125 0.4492232140625 0.3024134078125 0.4492232140625 0.472173184375 0.5826517859375 0.472173184375 0.5826517859375 0.3024134078125
1 0.43810267812500003 0.32838547500000004 0.3684196421875 0.32838547500000004 0.3684196421875 0.5120614531250001 0.43810267812500003 0.5120614531250001 0.43810267812500003 0.32838547500000004
1 0.4284642859375 0.34508379843750003 0.2750178578125 0.34508379843750003 0.2750178578125 0.6929553078125 0.4284642859375 0.6929553078125 0.4284642859375 0.34508379843750003
1 0.6931071421875 0.6734748609375 0.548553571875 0.6734748609375 0.548553571875 0.8970335203124999 0.6931071421875 0.8970335203124999 0.6931071421875 0.6734748609375
1 0.7398080359375 0.4740279328125 0.664196428125 0.4740279328125 0.664196428125 0.6734748609375 0.7398080359375 0.6734748609375 0.7398080359375 0.4740279328125
1 0.8754642859375 0.6029720671875001 0.7175669640625 0.6029720671875001 0.7175669640625 0.721709496875 0.8754642859375 0.721709496875 0.8754642859375 0.6029720671875001
1 0.8843571421875 0.41373184375000005 0.7642678578125001 0.41373184375000005 0.7642678578125001 0.5324692734375 0.8843571421875 0.5324692734375 0.8843571421875 0.41373184375000005
1 0.8747232140625 0.2040837984375 0.7657544640625 0.2040837984375 0.7657544640625 0.371061453125 0.8747232140625 0.371061453125 0.8747232140625 0.2040837984375
1 0.761303571875 0.2987039109375 0.670866071875 0.2987039109375 0.670866071875 0.4359944140625 0.761303571875 0.4359944140625 0.761303571875 0.2987039109375
8 0.30022321406249997 0.7244916203125 0.2787232140625 0.7244916203125 0.2787232140625 0.746754190625 0.30022321406249997 0.746754190625 0.30022321406249997 0.7244916203125
3 0.5782053578124999 0.4666089390625 0.46997767812499996 0.4666089390625 0.46997767812499996 0.56122905 0.5782053578124999 0.56122905 0.5782053578124999 0.4666089390625
3 0.6538169640625 0.511134078125 0.5841383921875 0.511134078125 0.5841383921875 0.644715084375 0.6538169640625 0.644715084375 0.6538169640625 0.511134078125