5 0.34247767812499996 0.000927375 0.000741071875 0.000927375 0.000741071875 0.761597765625 0.34247767812499996 0.761597765625 0.34247767812499996 0.000927375
8 0.14974107187500002 0.06493296093749999 0.08228125 0.06493296093749999 0.08228125 0.1252346375 0.14974107187500002 0.1252346375 0.14974107187500002 0.06493296093749999
8 0.2609330359375 0.25231843593750003 0.2379553578125 0.25231843593750003 0.2379553578125 0.3024134078125 0.2609330359375 0.3024134078125 0.2609330359375 0.25231843593750003
8 0.1786517859375 0.3209664796875 0.163084821875 0.3209664796875 0.163084821875 0.36734636875 0.1786517859375 0.36734636875 0.1786517859375 0.3209664796875
8 0.265383928125 0.43784916249999994 0.244625 0.43784916249999994 0.244625 0.4703184359375 0.265383928125 0.4703184359375 0.265383928125 0.43784916249999994
8 0.2913258921875 0.4350670390625 0.272053571875 0.4350670390625 0.272053571875 0.48979888281250006 0.2913258921875 0.48979888281250006 0.2913258921875 0.4350670390625
8 0.309116071875 0.42578770937500005 0.2928080359375 0.42578770937500005 0.2928080359375 0.44805586562500005 0.309116071875 0.44805586562500005 0.309116071875 0.42578770937500005
8 0.28984375 0.409094971875 0.2750178578125 0.409094971875 0.2750178578125 0.4313575421875 0.28984375 0.4313575421875 0.28984375 0.409094971875
8 0.22683482187499998 0.5278324015625 0.2031116078125 0.5278324015625 0.2031116078125 0.60018994375 0.22683482187499998 0.60018994375 0.22683482187499998 0.5278324015625
8 0.28317410781249996 0.520407821875 0.2379553578125 0.520407821875 0.2379553578125 0.5964748609375 0.28317410781249996 0.5964748609375 0.28317410781249996 0.520407821875
8 0.285397321875 0.604826815625 0.263897321875 0.604826815625 0.263897321875 0.6345083796875 0.285397321875 0.6345083796875 0.285397321875 0.604826815625
8 0.3899196421875 0.6233798875 0.3699017859375 0.6233798875 0.3699017859375 0.6688324015625 0.3899196421875 0.6688324015625 0.3899196421875 0.6233798875
8 0.40696875 0.6651229046875 0.389178571875 0.6651229046875 0.389178571875 0.6892402234375 0.40696875 0.6892402234375 0.40696875 0.6651229046875
8 0.3461830359375 0.60018994375 0.28836160781250003 0.60018994375 0.28836160781250003 0.721709496875 0.3461830359375 0.721709496875 0.3461830359375 0.60018994375
8 0.312084821875 0.25788826875000004 0.2787232140625 0.25788826875000004 0.2787232140625 0.30426815625 0.312084821875 0.30426815625 0.312084821875 0.25788826875000004
8 0.303928571875 0.3070502796875 0.2913258921875 0.3070502796875 0.2913258921875 0.3311675984375 0.303928571875 0.3311675984375 0.303928571875 0.3070502796875
8 0.2045982140625 0.34322905000000004 0.18977232187499998 0.34322905000000004 0.18977232187499998 0.3729162015625 0.2045982140625 0.3729162015625 0.2045982140625 0.34322905000000004
8 0.1564107140625 0.401670390625 0.13862053593749998 0.401670390625 0.13862053593749998 0.4313575421875 0.1564107140625 0.4313575421875 0.1564107140625 0.401670390625
8 0.064491071875 0.47588268125 0.040772321875 0.47588268125 0.040772321875 0.5064972062499999 0.064491071875 0.5064972062499999 0.064491071875 0.47588268125
8 0.3669375 0.3914692734375 0.3506294640625 0.3914692734375 0.3506294640625 0.4230055859375 0.3669375 0.4230055859375 0.3669375 0.3914692734375
8 0.3350625 0.3654916203125 0.32171875 0.3654916203125 0.32171875 0.39888826875 0.3350625 0.39888826875 0.3350625 0.3654916203125
8 0.3602678578125 0.31911173125 0.3447008921875 0.31911173125 0.3447008921875 0.34508379843750003 0.3602678578125 0.34508379843750003 0.3602678578125 0.31911173125
8 0.3558169640625 0.3367374296875 0.3335803578125 0.3367374296875 0.3335803578125 0.359 0.3558169640625 0.359 0.3558169640625 0.3367374296875
3 0.3699017859375 0.38311731875 0.34766517812500003 0.38311731875 0.34766517812500003 0.4230055859375 0.3699017859375 0.4230055859375 0.3699017859375 0.38311731875
3 0.3721294640625 0.4359944140625 0.3461830359375 0.4359944140625 0.3461830359375 0.46382122968750006 0.3721294640625 0.46382122968750006 0.3721294640625 0.4359944140625
3 0.36175 0.47588268125 0.34247767812499996 0.47588268125 0.34247767812499996 0.503715084375 0.36175 0.503715084375 0.36175 0.47588268125
3 0.3684196421875 0.518553071875 0.34766517812500003 0.518553071875 0.34766517812500003 0.5519497203125 0.3684196421875 0.5519497203125 0.3684196421875 0.518553071875
3 0.34766517812500003 0.5667932953125 0.3239419640625 0.5667932953125 0.3239419640625 0.5927653625 0.34766517812500003 0.5927653625 0.34766517812500003 0.5667932953125
3 0.3328392859375 0.6808938546875 0.317272321875 0.6808938546875 0.317272321875 0.7133631281249999 0.3328392859375 0.7133631281249999 0.3328392859375 0.6808938546875
3 0.3061517859375 0.6873854749999999 0.28836160781250003 0.6873854749999999 0.28836160781250003 0.717072625 0.3061517859375 0.717072625 0.3061517859375 0.6873854749999999
3 0.31060267812500003 0.659558659375 0.2913258921875 0.659558659375 0.2913258921875 0.6836759781249999 0.31060267812500003 0.6836759781249999 0.31060267812500003 0.659558659375
3 0.285397321875 0.60111731875 0.26241517812500004 0.60111731875 0.26241517812500004 0.635441340625 0.285397321875 0.635441340625 0.285397321875 0.60111731875
3 0.063008928125 0.4777374296875 0.042254464062500004 0.4777374296875 0.042254464062500004 0.5083519546875 0.063008928125 0.5083519546875 0.063008928125 0.4777374296875
3 0.1452946421875 0.06864804531249999 0.0837678578125 0.06864804531249999 0.0837678578125 0.1252346375 0.1452946421875 0.1252346375 0.1452946421875 0.06864804531249999
3 0.13565624999999998 0.02318994375 0.1149017859375 0.02318994375 0.1149017859375 0.0473072625 0.13565624999999998 0.0473072625 0.13565624999999998 0.02318994375
3 0.17420089218749998 0.014843575000000001 0.154928571875 0.014843575000000001 0.154928571875 0.038960893749999996 0.17420089218749998 0.038960893749999996 0.17420089218749998 0.014843575000000001
3 0.16604910781249999 0.0371061453125 0.153446428125 0.0371061453125 0.153446428125 0.0630782125 0.16604910781249999 0.0630782125 0.16604910781249999 0.0371061453125
3 0.1512232140625 0.2680893859375 0.13046875 0.2680893859375 0.13046875 0.28293296093750003 0.1512232140625 0.28293296093750003 0.1512232140625 0.2680893859375
7 0.942178571875 0.6085363125 0.46849553593750004 0.6085363125 0.46849553593750004 0.9972234640625001 0.942178571875 0.9972234640625001 0.942178571875 0.6085363125
8 0.1860625 0.6252346375 0.176428571875 0.6252346375 0.176428571875 0.6372960890625 0.1860625 0.6372960890625 0.1860625 0.6252346375
8 0.3335803578125 0.8089106140625001 0.317272321875 0.8089106140625001 0.317272321875 0.8265363125 0.3335803578125 0.8265363125 0.3335803578125 0.8089106140625001
8 0.317272321875 0.8274636875000001 0.30466964218750003 0.8274636875000001 0.30466964218750003 0.8478715078124999 0.317272321875 0.8478715078124999 0.317272321875 0.8274636875000001
8 0.3699017859375 0.6178156421875001 0.361008928125 0.6178156421875001 0.361008928125 0.6400782125 0.3699017859375 0.6400782125 0.3699017859375 0.6178156421875001
8 0.3565625 0.6567765359375 0.3469241078125 0.6567765359375 0.3469241078125 0.6725418999999999 0.3565625 0.6725418999999999 0.3565625 0.6567765359375
8 0 0.26437988749999997 0.0044464281250000005 0.26437988749999997 0.0044464281250000005 0.25324580937499996 0 0.25324580937499996 0 0.26437988749999997
8 0.0170491078125 0.3766256984375 0.0096383921875 0.3766256984375 0.0096383921875 0.385899440625 0.0170491078125 0.385899440625 0.0170491078125 0.3766256984375
3 0.1979241078125 0.5723575421875 0.16753125 0.5723575421875 0.16753125 0.6094636875 0.1979241078125 0.6094636875 0.1979241078125 0.5723575421875
3 0.0244642859375 0.359 0.0044464281250000005 0.359 0.0044464281250000005 0.41280446875 0.0244642859375 0.41280446875 0.0244642859375 0.359
3 0.0303928578125 0.21335754218749997 0.0029642859375 0.21335754218749997 0.0029642859375 0.269016759375 0.0303928578125 0.269016759375 0.0303928578125 0.21335754218749997
3 0.14158482187500002 0.175324021875 0.11860714218749999 0.175324021875 0.11860714218749999 0.20315642500000003 0.14158482187500002 0.20315642500000003 0.14158482187500002 0.175324021875
3 0.2957767859375 0.7634525140624999 0.2690892859375 0.7634525140624999 0.2690892859375 0.792212290625 0.2957767859375 0.792212290625 0.2957767859375 0.7634525140624999
3 0.258709821875 0.736553071875 0.24017857187499997 0.736553071875 0.24017857187499997 0.7699497203125001 0.258709821875 0.7699497203125001 0.258709821875 0.736553071875
5 0.507040178125 0.3970335203125 0.34321875 0.3970335203125 0.34321875 0.542675978125 0.507040178125 0.542675978125 0.507040178125 0.3970335203125
5 0.464790178125 0.534324021875 0.34321875 0.534324021875 0.34321875 0.722636871875 0.464790178125 0.722636871875 0.464790178125 0.534324021875