7 0.8730491078125 0.84765625 0.734375 0.84765625 0.734375 0.9941428578125 0.8730491078125 0.9941428578125 0.8730491078125 0.84765625
4 0.2753928578125 0.1855491078125 0.2402366078125 0.1855491078125 0.2402366078125 0.24609375 0.2753928578125 0.24609375 0.2753928578125 0.1855491078125
4 0.33984375 0.2207053578125 0.3222678578125 0.2207053578125 0.3222678578125 0.2792991078125 0.33984375 0.2792991078125 0.33984375 0.2207053578125
4 0.40429910781249995 0.2890625 0.36328125 0.2890625 0.36328125 0.33984375 0.40429910781249995 0.33984375 0.40429910781249995 0.2890625
4 0.29296875 0.23046875 0.2734375 0.23046875 0.2734375 0.27734375 0.29296875 0.27734375 0.29296875 0.23046875
5 0.3808616078125 0.31640625 0.16796875 0.31640625 0.16796875 0.5390625 0.3808616078125 0.5390625 0.3808616078125 0.31640625
1 0.8300803578125 0.12890625 0.68359375 0.12890625 0.68359375 0.3144553578125 0.8300803578125 0.3144553578125 0.8300803578125 0.12890625
1 0.3183616078125 0.5488303578125 0.0175803578125 0.5488303578125 0.0175803578125 0.96875 0.3183616078125 0.96875 0.3183616078125 0.5488303578125
1 0.6855491078125 0.7558616078125 0.3886741078125 0.7558616078125 0.3886741078125 0.9863303578125 0.6855491078125 0.9863303578125 0.6855491078125 0.7558616078125
1 0.7675803578125 0.3828125 0.68359375 0.3828125 0.68359375 0.5 0.7675803578125 0.5 0.7675803578125 0.3828125
8 0.9472678578125 0.7597678578125 0.9042991078125 0.7597678578125 0.9042991078125 0.87109375 0.9472678578125 0.87109375 0.9472678578125 0.7597678578125