4 0.9944508921875 0.1575808390625 0.8334866078125 0.1575808390625 0.8334866078125 0.526101796875 0.9944508921875 0.526101796875 0.9944508921875 0.1575808390625
4 0 0.6948562875000001 0.106383928125 0.6948562875000001 0.106383928125 0.36107784375 0 0.36107784375 0 0.6948562875000001
4 0.09065625000000001 0 0.09065625000000001 0.0992634734375 0.2118392859375 0.0992634734375 0.2118392859375 0 0.09065625000000001 0
8 0.1359866078125 0.1377305390625 0.0666071421875 0.1377305390625 0.0666071421875 0.2109401203125 0.1359866078125 0.2109401203125 0.1359866078125 0.1377305390625
8 0.8223883921875 0.0024790421874999998 0.7631830359375 0.0024790421874999998 0.7631830359375 0.06328143750000001 0.8223883921875 0.06328143750000001 0.8223883921875 0.0024790421874999998
4 0.612397321875 0.004964071875 0.22294196406250003 0.004964071875 0.22294196406250003 0.13400598749999998 0.612397321875 0.13400598749999998 0.612397321875 0.004964071875
5 0.9777991078125 0.2580898203125 0.11285714218750001 0.2580898203125 0.11285714218750001 0.9914071859375 0.9777991078125 0.9914071859375 0.9777991078125 0.2580898203125
4 0.993522321875 0.0012395203125 0.0018482140625000001 0.0012395203125 0.0018482140625000001 0.9963712578124999 0.993522321875 0.9963712578124999 0.993522321875 0.0012395203125
6 0.9944508921875 0.0024790421874999998 0.6253482140625 0.0024790421874999998 0.6253482140625 0.15137724531250002 0.9944508921875 0.15137724531250002 0.9944508921875 0.0024790421874999998
6 0.22294196406250003 0.0062035921875 0.004625 0.0062035921875 0.004625 0.2928323359375 0.22294196406250003 0.2928323359375 0.22294196406250003 0.0062035921875
6 0.6253482140625 0.0012395203125 0.224790178125 0.0012395203125 0.224790178125 0.138970059375 0.6253482140625 0.138970059375 0.6253482140625 0.0012395203125
6 0.1073080359375 0.36107784375 0.0018482140625000001 0.36107784375 0.0018482140625000001 0.689892215625 0.1073080359375 0.689892215625 0.1073080359375 0.36107784375
6 0.993522321875 0.16006586875 0.8325625000000001 0.16006586875 0.8325625000000001 0.524862275 0.993522321875 0.524862275 0.993522321875 0.16006586875