4 0.1015625 0.2578125 0.07421875 0.2578125 0.07421875 0.3203125 0.1015625 0.3203125 0.1015625 0.2578125
4 0.21484375 0.09765625 0.1640625 0.09765625 0.1640625 0.1386741078125 0.21484375 0.1386741078125 0.21484375 0.09765625
4 0.2109375 0 0.2109375 0.0410178578125 0.3066428578125 0.0410178578125 0.3066428578125 0 0.2109375 0
4 0.2363303578125 0.029299107812500003 0.1894553578125 0.029299107812500003 0.1894553578125 0.0800803578125 0.2363303578125 0.0800803578125 0.2363303578125 0.029299107812500003
4 0.0839866078125 0.3261741078125 0.04296875 0.3261741078125 0.04296875 0.37109375 0.0839866078125 0.37109375 0.0839866078125 0.3261741078125
8 0.0800803578125 0.2480491078125 0.05078125 0.2480491078125 0.05078125 0.328125 0.0800803578125 0.328125 0.0800803578125 0.2480491078125
8 0.55078125 0.6933616078125 0.50390625 0.6933616078125 0.50390625 0.7558616078125 0.55078125 0.7558616078125 0.55078125 0.6933616078125
8 0.5371116078125 0.77734375 0.50390625 0.77734375 0.50390625 0.8261741078125 0.5371116078125 0.8261741078125 0.5371116078125 0.77734375
8 0.45508035781249995 0.671875 0.40625 0.671875 0.40625 0.7109375 0.45508035781249995 0.7109375 0.45508035781249995 0.671875
8 0.47461160781249995 0.71875 0.4140625 0.71875 0.4140625 0.7636741078125 0.47461160781249995 0.7636741078125 0.47461160781249995 0.71875
5 0.2714866078125 0.6660178578125 0.0058616078125 0.6660178578125 0.0058616078125 0.9902366078125 0.2714866078125 0.9902366078125 0.2714866078125 0.6660178578125
6 0.58203125 0.65234375 0.1816428578125 0.65234375 0.1816428578125 0.9921875 0.58203125 0.9921875 0.58203125 0.65234375
4 0.2441428578125 0.3046875 0.2050803578125 0.3046875 0.2050803578125 0.33203125 0.2441428578125 0.33203125 0.2441428578125 0.3046875
4 0.46875 0.78125 0.3847678578125 0.78125 0.3847678578125 0.8496116078125 0.46875 0.8496116078125 0.46875 0.78125