4 0.3046875 0.42383035781249995 0.0078125 0.42383035781249995 0.0078125 0.671875 0.3046875 0.671875 0.3046875 0.42383035781249995
4 0.6328125 0.5488303578125 0.45508035781249995 0.5488303578125 0.45508035781249995 0.7734375 0.6328125 0.7734375 0.6328125 0.5488303578125
4 0.6347678578125 0.79296875 0.3417991078125 0.79296875 0.3417991078125 0.91015625 0.6347678578125 0.91015625 0.6347678578125 0.79296875
4 0.83984375 0.89453125 0.6972678578125 0.89453125 0.6972678578125 0.9863303578125 0.83984375 0.9863303578125 0.83984375 0.89453125
4 0.890625 0.2792991078125 0.83203125 0.2792991078125 0.83203125 0.43359375 0.890625 0.43359375 0.890625 0.2792991078125
4 0.9863303578125 0.125 0.84765625 0.125 0.84765625 0.18359375 0.9863303578125 0.18359375 0.9863303578125 0.125
4 0.71484375 0.3066428578125 0.6425803578125 0.3066428578125 0.6425803578125 0.3613303578125 0.71484375 0.3613303578125 0.71484375 0.3066428578125
4 0.45508035781249995 0.2636741078125 0.3261741078125 0.2636741078125 0.3261741078125 0.3378928578125 0.45508035781249995 0.3378928578125 0.45508035781249995 0.2636741078125
4 0.2675803578125 0.0546875 0.1953125 0.0546875 0.1953125 0.109375 0.2675803578125 0.109375 0.2675803578125 0.0546875
4 0.11328125 0.7949241078125 0.0078125 0.7949241078125 0.0078125 0.9609375 0.11328125 0.9609375 0.11328125 0.7949241078125
5 0.953125 0.025392857812500003 0.50390625 0.025392857812500003 0.50390625 0.43359375 0.953125 0.43359375 0.953125 0.025392857812500003
5 0.9140625 0.5019553578125 0.39453125 0.5019553578125 0.39453125 0.8964866078125 0.9140625 0.8964866078125 0.9140625 0.5019553578125
4 0.1953125 0.2128928578125 0.1269553578125 0.2128928578125 0.1269553578125 0.2558616078125 0.1953125 0.2558616078125 0.1953125 0.2128928578125