6 0.48631250000000004 0.622871134375 0.218196428125 0.622871134375 0.218196428125 0.9975257734375 0.48631250000000004 0.9975257734375 0.48631250000000004 0.622871134375
4 0.3027366078125 0.2166134015625 0.2777767859375 0.2166134015625 0.2777767859375 0.23613402031250003 0.3027366078125 0.23613402031250003 0.3027366078125 0.2166134015625
4 0.278584821875 0.21568041249999997 0.269727678125 0.21568041249999997 0.269727678125 0.22219072187500002 0.278584821875 0.22219072187500002 0.278584821875 0.21568041249999997
4 0.29307589218749996 0.20824226875 0.283415178125 0.20824226875 0.283415178125 0.21381958750000002 0.29307589218749996 0.21381958750000002 0.29307589218749996 0.20824226875
4 0.5442812499999999 0.25472680468750003 0.52415625 0.25472680468750003 0.52415625 0.268670103125 0.5442812499999999 0.268670103125 0.5442812499999999 0.25472680468750003
4 0.442834821875 0.3244536078125 0.4331741078125 0.3244536078125 0.4331741078125 0.337469071875 0.442834821875 0.337469071875 0.442834821875 0.3244536078125
4 0.43236607187500004 0.34118556718750004 0.4275357140625 0.34118556718750004 0.4275357140625 0.3532731953125 0.43236607187500004 0.3532731953125 0.43236607187500004 0.34118556718750004
4 0.6779375 0.35420103125 0.661834821875 0.35420103125 0.661834821875 0.380231959375 0.6779375 0.380231959375 0.6779375 0.35420103125
4 0.5684375 0.5215412374999999 0.5507232140625 0.5215412374999999 0.5507232140625 0.54106185625 0.5684375 0.54106185625 0.5684375 0.5215412374999999
4 0.5756830359375 0.47319587656250006 0.557165178125 0.47319587656250006 0.557165178125 0.49643814375 0.5756830359375 0.49643814375 0.5756830359375 0.47319587656250006
4 0.5483080359375 0.364427834375 0.5410625 0.364427834375 0.5410625 0.38115979375000003 0.5483080359375 0.38115979375000003 0.5483080359375 0.364427834375
4 0.5603883921875 0.37465463906249996 0.5531383921875 0.37465463906249996 0.5531383921875 0.3913865984375 0.5603883921875 0.3913865984375 0.5603883921875 0.37465463906249996
4 0.5684375 0.320731959375 0.553946428125 0.320731959375 0.553946428125 0.3532731953125 0.5684375 0.3532731953125 0.5684375 0.320731959375
4 0.3534642859375 0.26588144375 0.3293080359375 0.26588144375 0.3293080359375 0.2891237109375 0.3534642859375 0.2891237109375 0.3534642859375 0.26588144375
4 0.149758928125 0.6098556703125 0.1143303578125 0.6098556703125 0.1143303578125 0.6265927828125 0.149758928125 0.6265927828125 0.149758928125 0.6098556703125
4 0.4251205359375 0.684231959375 0.4009642859375 0.684231959375 0.4009642859375 0.740010309375 0.4251205359375 0.740010309375 0.4251205359375 0.684231959375
4 0.508053571875 0.8088041234375 0.4766517859375 0.8088041234375 0.4766517859375 0.8636546390625 0.508053571875 0.8636546390625 0.508053571875 0.8088041234375
4 0.5748794640625 0.759530928125 0.562803571875 0.759530928125 0.562803571875 0.7790567015625001 0.5748794640625 0.7790567015625001 0.5748794640625 0.759530928125
4 0.5684375 0.7186288656250001 0.549116071875 0.7186288656250001 0.549116071875 0.7493092781249999 0.5684375 0.7493092781249999 0.5684375 0.7186288656250001
4 0.497584821875 0.791139175 0.48309375 0.791139175 0.48309375 0.8255412375000001 0.497584821875 0.8255412375000001 0.497584821875 0.791139175
4 0.4927544640625 0.8896855671875 0.4677946421875 0.8896855671875 0.4677946421875 0.9203659796875 0.4927544640625 0.9203659796875 0.4927544640625 0.8896855671875
4 0.10225446406250001 0.5624432984375 0.0877633921875 0.5624432984375 0.0877633921875 0.5782474234375 0.10225446406250001 0.5782474234375 0.10225446406250001 0.5624432984375
4 0.0958125 0.536412371875 0.082928571875 0.536412371875 0.082928571875 0.5485 0.0958125 0.5485 0.0958125 0.536412371875
4 0.1111116078125 0.87574226875 0.082125 0.87574226875 0.082125 0.8868969078125 0.1111116078125 0.8868969078125 0.1111116078125 0.87574226875
4 0.2254419640625 0.961268040625 0.21014285781250003 0.961268040625 0.21014285781250003 0.9835824750000001 0.2254419640625 0.9835824750000001 0.2254419640625 0.961268040625
4 0.987116071875 0.9584793812499999 0.9637678578125 0.9584793812499999 0.9637678578125 0.9817216500000001 0.987116071875 0.9817216500000001 0.987116071875 0.9584793812499999
7 0.9991964281250001 1 0.9991964281250001 0.7316443296874999 0.795491071875 0.7316443296874999 0.795491071875 1 0.9991964281250001 1
5 0.473428571875 0.33468041249999997 0.25120982187499996 0.33468041249999997 0.25120982187499996 0.7465154640625 0.473428571875 0.7465154640625 0.473428571875 0.33468041249999997