7 0.33925892812499997 1 0.33925892812499997 0.12050279374999999 0.0059241078125 0.12050279374999999 0.0059241078125 1 0.33925892812499997 1
3 0.475553571875 0.7860614531250001 0.43259375 0.7860614531250001 0.43259375 0.832407821875 0.475553571875 0.832407821875 0.475553571875 0.7860614531250001
3 0.7037053578125 0.7971843578125 0.6251830359375 0.7971843578125 0.6251830359375 0.8472402234375 0.7037053578125 0.8472402234375 0.7037053578125 0.7971843578125
3 0.41037053593749995 0.0055642453125 0.31111160781249997 0.0055642453125 0.31111160781249997 0.13904469218749999 0.41037053593749995 0.13904469218749999 0.41037053593749995 0.0055642453125
6 0.48 0.4523575421875 0.0014821421875 0.4523575421875 0.0014821421875 0.997407821875 0.48 0.997407821875 0.48 0.4523575421875
8 0.3837053578125 0.1724134078125 0.373334821875 0.1724134078125 0.373334821875 0.187245809375 0.3837053578125 0.187245809375 0.3837053578125 0.1724134078125
8 0.380741071875 0.077865921875 0.3748169640625 0.077865921875 0.3748169640625 0.0852793296875 0.380741071875 0.0852793296875 0.380741071875 0.077865921875
8 0.388147321875 0.09640223437499999 0.3688883921875 0.09640223437499999 0.3688883921875 0.105675978125 0.388147321875 0.105675978125 0.388147321875 0.09640223437499999
8 0.613334821875 0.077865921875 0.6059241078125 0.077865921875 0.6059241078125 0.08342458124999999 0.613334821875 0.08342458124999999 0.613334821875 0.077865921875
8 0.6059241078125 0.0203910609375 0.595553571875 0.0203910609375 0.595553571875 0.033368715625 0.6059241078125 0.033368715625 0.6059241078125 0.0203910609375
8 0.8251830359375001 0.003709496875 0.813334821875 0.003709496875 0.813334821875 0.022245809375 0.8251830359375001 0.022245809375 0.8251830359375001 0.003709496875
8 0.7422232140625 0.31145809999999996 0.7303705359375 0.31145809999999996 0.7303705359375 0.3337039109375 0.7422232140625 0.3337039109375 0.7422232140625 0.31145809999999996
8 0.7096294640624999 0.11679888281249999 0.6888883921875 0.11679888281249999 0.6888883921875 0.14089944062499998 0.7096294640624999 0.14089944062499998 0.7096294640624999 0.11679888281249999
3 0.5229642859375 0.21505586562499998 0.4962946421875 0.21505586562499998 0.4962946421875 0.24471508437499997 0.5229642859375 0.24471508437499997 0.5229642859375 0.21505586562499998
4 0.9970357140624999 0.9566256984375 0.9762946421875001 0.9566256984375 0.9762946421875001 0.98072625625 0.9970357140624999 0.98072625625 0.9970357140624999 0.9566256984375
5 0.9896294640625 0.2632569828125 0.8488883921875001 0.2632569828125 0.8488883921875001 0.9028603359374999 0.9896294640625 0.9028603359374999 0.9896294640625 0.2632569828125