8 0.9863303578125 0.10546875 0.90625 0.10546875 0.90625 0.26953125 0.9863303578125 0.26953125 0.9863303578125 0.10546875
3 0.9707053578125 0.1171875 0.6855491078125 0.1171875 0.6855491078125 0.41992410781249995 0.9707053578125 0.41992410781249995 0.9707053578125 0.1171875
3 0.9199241078125 0.72265625 0.8066428578125 0.72265625 0.8066428578125 0.9316428578125 0.9199241078125 0.9316428578125 0.9199241078125 0.72265625
3 0.63671875 0.8457053578125 0.57421875 0.8457053578125 0.57421875 0.91015625 0.63671875 0.91015625 0.63671875 0.8457053578125
3 0.35546875 0.80078125 0.2949241078125 0.80078125 0.2949241078125 0.84765625 0.35546875 0.84765625 0.35546875 0.80078125
5 0.5703125 0.3144553578125 0.3808616078125 0.3144553578125 0.3808616078125 0.45508035781249995 0.5703125 0.45508035781249995 0.5703125 0.3144553578125
3 0.6621116078125 0.10546875 0.6113303578125 0.10546875 0.6113303578125 0.15625 0.6621116078125 0.15625 0.6621116078125 0.10546875
3 0.625 0.1542991078125 0.6113303578125 0.1542991078125 0.6113303578125 0.1738303578125 0.625 0.1738303578125 0.625 0.1542991078125
3 0.62890625 0 0.62890625 0.0488303578125 0.6582053578125 0.0488303578125 0.6582053578125 0 0.62890625 0
3 0.9667991078125 0.40039285781249995 0.9296875 0.40039285781249995 0.9296875 0.49023660781249995 0.9667991078125 0.49023660781249995 0.9667991078125 0.40039285781249995
3 0.99609375 0.40625 0.96875 0.40625 0.96875 0.47265625 0.99609375 0.47265625 0.99609375 0.40625
3 0.7324241078125 0.6308616078125 0.7089866078125 0.6308616078125 0.7089866078125 0.66015625 0.7324241078125 0.66015625 0.7324241078125 0.6308616078125
3 0.765625 0.6660178578125 0.74609375 0.6660178578125 0.74609375 0.6894553578125 0.765625 0.6894553578125 0.765625 0.6660178578125
3 0.984375 0.6503928578125 0.9628928578125 0.6503928578125 0.9628928578125 0.6777366078125 0.984375 0.6777366078125 0.984375 0.6503928578125
3 0.7636741078125 0.75390625 0.7402366078125 0.75390625 0.7402366078125 0.78125 0.7636741078125 0.78125 0.7636741078125 0.75390625
3 0.6308616078125 0.73828125 0.5996116078125 0.73828125 0.5996116078125 0.7675803578125 0.6308616078125 0.7675803578125 0.6308616078125 0.73828125
3 0.58984375 0.7910178578125 0.55078125 0.7910178578125 0.55078125 0.8203125 0.58984375 0.8203125 0.58984375 0.7910178578125
3 0.71875 0.9375 0.66015625 0.9375 0.66015625 0.98046875 0.71875 0.98046875 0.71875 0.9375
3 0.1074241078125 0.76953125 0.0761741078125 0.76953125 0.0761741078125 0.80859375 0.1074241078125 0.80859375 0.1074241078125 0.76953125
3 0.0410178578125 0.59765625 0.0097678578125 0.59765625 0.0097678578125 0.6464866078125 0.0410178578125 0.6464866078125 0.0410178578125 0.59765625
3 0.09765625 0.58984375 0.04296875 0.58984375 0.04296875 0.64453125 0.09765625 0.64453125 0.09765625 0.58984375
3 0.171875 0.5722678578125 0.1171875 0.5722678578125 0.1171875 0.59765625 0.171875 0.59765625 0.171875 0.5722678578125
3 0.02734375 0.44726785781249995 0.0058616078125 0.44726785781249995 0.0058616078125 0.4765625 0.02734375 0.4765625 0.02734375 0.44726785781249995
3 0.40234375 0.8261741078125 0.3808616078125 0.8261741078125 0.3808616078125 0.8496116078125 0.40234375 0.8496116078125 0.40234375 0.8261741078125
3 0.3730491078125 0.9472678578125 0.3496116078125 0.9472678578125 0.3496116078125 0.97265625 0.3730491078125 0.97265625 0.3730491078125 0.9472678578125
3 0.41992410781249995 0.8828125 0.3964866078125 0.8828125 0.3964866078125 0.91015625 0.41992410781249995 0.91015625 0.41992410781249995 0.8828125
3 0.1152366078125 0.6660178578125 0.0917991078125 0.6660178578125 0.0917991078125 0.6875 0.1152366078125 0.6875 0.1152366078125 0.6660178578125