4 0.5390625 0.88671875 0.49414285781249995 0.88671875 0.49414285781249995 0.9941428578125 0.5390625 0.9941428578125 0.5390625 0.88671875
4 0.58984375 0.8417991078125 0.52734375 0.8417991078125 0.52734375 0.91015625 0.58984375 0.91015625 0.58984375 0.8417991078125
4 0.7207053578125 0.2714866078125 0.6640625 0.2714866078125 0.6640625 0.3457053578125 0.7207053578125 0.3457053578125 0.7207053578125 0.2714866078125
4 0.0332053578125 0.49609375 0.00390625 0.49609375 0.00390625 0.5371116078125 0.0332053578125 0.5371116078125 0.0332053578125 0.49609375
4 0.025392857812500003 0.55859375 0.00390625 0.55859375 0.00390625 0.5996116078125 0.025392857812500003 0.5996116078125 0.025392857812500003 0.55859375
4 0.7421875 0.69140625 0.6855491078125 0.69140625 0.6855491078125 0.7578125 0.7421875 0.7578125 0.7421875 0.69140625
5 0.9941428578125 0.0019553578125 0.0019553578125 0.0019553578125 0.0019553578125 0.7714866078125 0.9941428578125 0.7714866078125 0.9941428578125 0.0019553578125
4 0.65234375 0.95703125 0.6113303578125 0.95703125 0.6113303578125 0.99609375 0.65234375 0.99609375 0.65234375 0.95703125
4 0.7402366078125 0.8808616078125 0.6816428578125 0.8808616078125 0.6816428578125 0.94140625 0.7402366078125 0.94140625 0.7402366078125 0.8808616078125
4 0.71875 0.74609375 0.62109375 0.74609375 0.62109375 0.8671875 0.71875 0.8671875 0.71875 0.74609375
4 0.6660178578125 0.8925803578125 0.6191428578125 0.8925803578125 0.6191428578125 0.94140625 0.6660178578125 0.94140625 0.6660178578125 0.8925803578125
3 0.43945535781249995 0.08984375 0.40820535781249995 0.08984375 0.40820535781249995 0.1347678578125 0.43945535781249995 0.1347678578125 0.43945535781249995 0.08984375
3 0.7480491078125 0.3125 0.7285178578125 0.3125 0.7285178578125 0.3417991078125 0.7480491078125 0.3417991078125 0.7480491078125 0.3125
8 0.7167991078125 0.63671875 0.703125 0.63671875 0.703125 0.65234375 0.7167991078125 0.65234375 0.7167991078125 0.63671875
8 0.48828125 0.2285178578125 0.46875 0.2285178578125 0.46875 0.2441428578125 0.48828125 0.2441428578125 0.48828125 0.2285178578125
8 0.42383035781249995 0.08984375 0.4140625 0.08984375 0.4140625 0.1035178578125 0.42383035781249995 0.1035178578125 0.42383035781249995 0.08984375