5 0.61328125 0.265625 0.3652366078125 0.265625 0.3652366078125 0.421875 0.61328125 0.421875 0.61328125 0.265625
3 0.9296875 0.203125 0.7402366078125 0.203125 0.7402366078125 0.3730491078125 0.9296875 0.3730491078125 0.9296875 0.203125
3 0.9921875 0.09375 0.8691428578125 0.09375 0.8691428578125 0.3046875 0.9921875 0.3046875 0.9921875 0.09375
3 0.06640625 0.6230491078125 0.0019553578125 0.6230491078125 0.0019553578125 0.6796875 0.06640625 0.6796875 0.06640625 0.6230491078125
3 0.6484375 0.51953125 0.5859375 0.51953125 0.5859375 0.578125 0.6484375 0.578125 0.6484375 0.51953125
3 0.6699241078125 0.7480491078125 0.5859375 0.7480491078125 0.5859375 0.8261741078125 0.6699241078125 0.8261741078125 0.6699241078125 0.7480491078125
3 0.7421875 0.0761741078125 0.6582053578125 0.0761741078125 0.6582053578125 0.1582053578125 0.7421875 0.1582053578125 0.7421875 0.0761741078125
3 0.6113303578125 0.0605491078125 0.5703125 0.0605491078125 0.5703125 0.0996116078125 0.6113303578125 0.0996116078125 0.6113303578125 0.0605491078125
3 0.5 0.0644553578125 0.43945535781249995 0.0644553578125 0.43945535781249995 0.1171875 0.5 0.1171875 0.5 0.0644553578125
3 0.66796875 0.1972678578125 0.609375 0.1972678578125 0.609375 0.2363303578125 0.66796875 0.2363303578125 0.66796875 0.1972678578125
3 0.7109375 0.1699241078125 0.66015625 0.1699241078125 0.66015625 0.19921875 0.7109375 0.19921875 0.7109375 0.1699241078125
3 0.76953125 0.5996116078125 0.74609375 0.5996116078125 0.74609375 0.6230491078125 0.76953125 0.6230491078125 0.76953125 0.5996116078125
3 0.7988303578125 0.6113303578125 0.76953125 0.6113303578125 0.76953125 0.64453125 0.7988303578125 0.64453125 0.7988303578125 0.6113303578125
3 0.8496116078125 0.59765625 0.828125 0.59765625 0.828125 0.6191428578125 0.8496116078125 0.6191428578125 0.8496116078125 0.59765625
3 0.8828125 0.6113303578125 0.8613303578125 0.6113303578125 0.8613303578125 0.6347678578125 0.8828125 0.6347678578125 0.8828125 0.6113303578125
3 0.9082053578125 0.7285178578125 0.8671875 0.7285178578125 0.8671875 0.7714866078125 0.9082053578125 0.7714866078125 0.9082053578125 0.7285178578125
3 0.9355491078125 0.7753928578125 0.8984375 0.7753928578125 0.8984375 0.8105491078125 0.9355491078125 0.8105491078125 0.9355491078125 0.7753928578125
3 0.9628928578125 0.7988303578125 0.9355491078125 0.7988303578125 0.9355491078125 0.8261741078125 0.9628928578125 0.8261741078125 0.9628928578125 0.7988303578125
3 0.9921875 0.8203125 0.9667991078125 0.8203125 0.9667991078125 0.84375 0.9921875 0.84375 0.9921875 0.8203125
4 0.98046875 0.1152366078125 0.8964866078125 0.1152366078125 0.8964866078125 0.2480491078125 0.98046875 0.2480491078125 0.98046875 0.1152366078125