4 0 0.99165363125 0.042254464062500004 0.99165363125 0.042254464062500004 0.89888826875 0 0.89888826875 0 0.99165363125
5 0.9940714281249999 0.717072625 0.30466964218750003 0.717072625 0.30466964218750003 0.9870167593750001 0.9940714281249999 0.9870167593750001 0.9940714281249999 0.717072625
5 0.5374330359374999 0.0064916203125 0.2928080359375 0.0064916203125 0.2928080359375 0.11781005625 0.5374330359374999 0.11781005625 0.5374330359374999 0.0064916203125
3 0.3654553578125 0.16326815625 0.3143080359375 0.16326815625 0.3143080359375 0.238407821875 0.3654553578125 0.238407821875 0.3654553578125 0.16326815625
3 0.4840625 0.3144748609375 0.43810267812500003 0.3144748609375 0.43810267812500003 0.386826815625 0.4840625 0.386826815625 0.4840625 0.3144748609375
8 0.679022321875 0.6734748609375 0.656040178125 0.6734748609375 0.656040178125 0.6957374296875 0.679022321875 0.6957374296875 0.679022321875 0.6734748609375
8 0.6819866078125 0.699446928125 0.6530758921875 0.699446928125 0.6530758921875 0.73377095 0.6819866078125 0.73377095 0.6819866078125 0.699446928125
8 0.6338035718749999 0.6651229046875 0.5952544640624999 0.6651229046875 0.5952544640624999 0.705938546875 0.6338035718749999 0.705938546875 0.6338035718749999 0.6651229046875
8 0.6612321421875 0.63265363125 0.61971875 0.63265363125 0.61971875 0.6734748609375 0.6612321421875 0.6734748609375 0.6612321421875 0.63265363125
8 0.5359508921875 0.5528770953125 0.5129732140625001 0.5528770953125 0.5129732140625001 0.5927653625 0.5359508921875 0.5927653625 0.5359508921875 0.5528770953125
8 0.555227678125 0.5603016765625 0.5389196421875 0.5603016765625 0.5389196421875 0.60018994375 0.555227678125 0.60018994375 0.555227678125 0.5603016765625
8 0.61453125 0.5584413406250001 0.555227678125 0.5584413406250001 0.555227678125 0.628944134375 0.61453125 0.628944134375 0.61453125 0.5584413406250001
8 0.580428571875 0.362709496875 0.5596741078125 0.362709496875 0.5596741078125 0.4035251390625 0.580428571875 0.4035251390625 0.580428571875 0.362709496875
8 0.580428571875 0.41373184375000005 0.556709821875 0.41373184375000005 0.556709821875 0.4536201125 0.580428571875 0.4536201125 0.580428571875 0.41373184375000005
8 0.5693125 0.6345083796875 0.5515178578125 0.6345083796875 0.5515178578125 0.6706871515625 0.5693125 0.6706871515625 0.5693125 0.6345083796875
8 0.5730178578125 0.8441620109375 0.5596741078125 0.8441620109375 0.5596741078125 0.8645698328125 0.5730178578125 0.8645698328125 0.5730178578125 0.8441620109375
8 0.5811696421875 0.8645698328125 0.5663437499999999 0.8645698328125 0.5663437499999999 0.8849776531250001 0.5811696421875 0.8849776531250001 0.5811696421875 0.8645698328125
8 0.5952544640624999 0.2486089390625 0.5759821421875 0.2486089390625 0.5759821421875 0.28664245781250003 0.5952544640624999 0.28664245781250003 0.5952544640624999 0.2486089390625
8 0.555227678125 0.27644134062500003 0.53446875 0.27644134062500003 0.53446875 0.3024134078125 0.555227678125 0.3024134078125 0.555227678125 0.27644134062500003
7 0 0.6428603359375 0.19199553593750002 0.6428603359375 0.19199553593750002 0.034324021875 0 0.034324021875 0 0.6428603359375
1 0.6004464281249999 0.7699497203125001 0.4455133921875 0.7699497203125001 0.4455133921875 0.9693910609374999 0.6004464281249999 0.9693910609374999 0.6004464281249999 0.7699497203125001
1 0.5025937500000001 0.6771843578125 0.46849553593750004 0.6771843578125 0.46849553593750004 0.7161452515625 0.5025937500000001 0.7161452515625 0.5025937500000001 0.6771843578125
1 0.426241071875 0.8738435750000001 0.3951071421875 0.8738435750000001 0.3951071421875 0.900748603125 0.426241071875 0.900748603125 0.426241071875 0.8738435750000001
1 0.484803571875 0.744899440625 0.4603392859375 0.744899440625 0.4603392859375 0.7708770953124999 0.484803571875 0.7708770953124999 0.484803571875 0.744899440625
1 0.492959821875 0.011134078125 0.43513839218749994 0.011134078125 0.43513839218749994 0.1159553078125 0.492959821875 0.1159553078125 0.492959821875 0.011134078125
1 0.5900669640625 0.13079888281250002 0.48554464218750004 0.13079888281250002 0.48554464218750004 0.5408212296875 0.5900669640625 0.5408212296875 0.5900669640625 0.13079888281250002
1 0.819125 0.8135474859375 0.65678125 0.8135474859375 0.65678125 0.9805251390624999 0.819125 0.9805251390624999 0.819125 0.8135474859375