5 0.9962946421875 0.004636871875 0.3817633921875 0.004636871875 0.3817633921875 0.9842346375 0.9962946421875 0.9842346375 0.9962946421875 0.004636871875
3 0.601928571875 0.192022346875 0.5255758921875 0.192022346875 0.5255758921875 0.300558659375 0.601928571875 0.300558659375 0.601928571875 0.192022346875
3 0.5248348218750001 0.0380335203125 0.447741071875 0.0380335203125 0.447741071875 0.16975977656250002 0.5248348218750001 0.16975977656250002 0.5248348218750001 0.0380335203125
3 0.687915178125 0.3961061453125 0.6552991078125 0.3961061453125 0.6552991078125 0.4499106140625 0.687915178125 0.4499106140625 0.687915178125 0.3961061453125
7 0.221647321875 0.0027821234375 0.005928571875 0.0027821234375 0.005928571875 0.502787709375 0.221647321875 0.502787709375 0.221647321875 0.0027821234375
7 0.077834821875 0.35436312812500004 0.012602678124999999 0.35436312812500004 0.012602678124999999 0.5064972062499999 0.077834821875 0.5064972062499999 0.077834821875 0.35436312812500004
7 0.1223125 0.42207821250000005 0.0548571421875 0.42207821250000005 0.0548571421875 0.5630837984375 0.1223125 0.5630837984375 0.1223125 0.42207821250000005
7 0.0807991078125 0.514843575 0.0074107140625 0.514843575 0.0074107140625 0.7235642453125 0.0807991078125 0.7235642453125 0.0807991078125 0.514843575
7 0.13862053593749998 0.8859050281249999 0.07635267812499999 0.8859050281249999 0.07635267812499999 0.9424916203124999 0.13862053593749998 0.9424916203124999 0.13862053593749998 0.8859050281249999
7 0.193477678125 0.784787709375 0.1237946421875 0.784787709375 0.1237946421875 0.9860893859375001 0.193477678125 0.9860893859375001 0.193477678125 0.784787709375
7 0.1052633921875 0.26994413437500003 0.07561160781250001 0.26994413437500003 0.07561160781250001 0.3218938546875 0.1052633921875 0.3218938546875 0.1052633921875 0.26994413437500003
7 0.5663437499999999 0.9192960890625 0.3017053578125 0.9192960890625 0.3017053578125 0.995363128125 0.5663437499999999 0.995363128125 0.5663437499999999 0.9192960890625
7 0.2646383921875 0.8348826812500001 0.2157142859375 0.8348826812500001 0.2157142859375 0.9035307265625001 0.2646383921875 0.9035307265625001 0.2646383921875 0.8348826812500001
8 0.556709821875 0.21428491562500002 0.533727678125 0.21428491562500002 0.533727678125 0.23933519531249997 0.556709821875 0.23933519531249997 0.556709821875 0.21428491562500002
8 0.5455892859375 0.23933519531249997 0.528540178125 0.23933519531249997 0.528540178125 0.25974301718750004 0.5455892859375 0.25974301718750004 0.5455892859375 0.23933519531249997
8 0.5685714281250001 0.2838603359375 0.552258928125 0.2838603359375 0.552258928125 0.2968491625 0.5685714281250001 0.2968491625 0.5685714281250001 0.2838603359375
8 0.49740624999999994 0.1252346375 0.48554464218750004 0.1252346375 0.48554464218750004 0.14378770937500002 0.49740624999999994 0.14378770937500002 0.49740624999999994 0.1252346375
8 0.47590625 0.1187374296875 0.46553125 0.1187374296875 0.46553125 0.1298715078125 0.47590625 0.1298715078125 0.47590625 0.1187374296875
8 0.4729419640625 0.073284915625 0.4633080359375 0.073284915625 0.4633080359375 0.09091061406249999 0.4729419640625 0.09091061406249999 0.4729419640625 0.073284915625
8 0.8710133921875001 0.27458100625 0.8561919640625 0.27458100625 0.8561919640625 0.2968491625 0.8710133921875001 0.2968491625 0.8710133921875001 0.27458100625
3 0.3773169640625 0.26437988749999997 0.3565625 0.26437988749999997 0.3565625 0.2912793296875 0.3773169640625 0.2912793296875 0.3773169640625 0.26437988749999997
3 0.5196428578125001 0.2077932953125 0.47442410781250005 0.2077932953125 0.47442410781250005 0.26159776562500003 0.5196428578125001 0.26159776562500003 0.5196428578125001 0.2077932953125
3 0.44699999999999995 0.34322905000000004 0.4269821421875 0.34322905000000004 0.4269821421875 0.36827374375 0.44699999999999995 0.36827374375 0.44699999999999995 0.34322905000000004
3 0.464790178125 0.363636871875 0.44477232187500004 0.363636871875 0.44477232187500004 0.386826815625 0.464790178125 0.386826815625 0.464790178125 0.363636871875
3 0.7709419640624999 0.14564245781250001 0.7509285718750001 0.14564245781250001 0.7509285718750001 0.1743966484375 0.7709419640624999 0.1743966484375 0.7709419640624999 0.14564245781250001
3 0.7071919640625 0.10111173124999999 0.690883928125 0.10111173124999999 0.690883928125 0.11781005625 0.7071919640625 0.11781005625 0.7071919640625 0.10111173124999999
3 0.696071428125 0.01577095 0.677540178125 0.01577095 0.677540178125 0.043597765625 0.696071428125 0.043597765625 0.696071428125 0.01577095