4 0.43554910781249995 0.5488303578125 0.25390625 0.5488303578125 0.25390625 0.78515625 0.43554910781249995 0.78515625 0.43554910781249995 0.5488303578125
4 0.0996116078125 0 0.0996116078125 0.1660178578125 0.34375 0.1660178578125 0.34375 0 0.0996116078125 0
4 0.1230491078125 0.7519553578125 0.00390625 0.7519553578125 0.00390625 0.8847678578125 0.1230491078125 0.8847678578125 0.1230491078125 0.7519553578125
4 0.21875 0.92578125 0.1015625 0.92578125 0.1015625 0.9863303578125 0.21875 0.9863303578125 0.21875 0.92578125
4 0.98046875 0.21875 0.9394553578125 0.21875 0.9394553578125 0.28515625 0.98046875 0.28515625 0.98046875 0.21875
4 0.1035178578125 0.1015625 0.00390625 0.1015625 0.00390625 0.25390625 0.1035178578125 0.25390625 0.1035178578125 0.1015625
2 0.9296875 0.0527366078125 0.0449241078125 0.0527366078125 0.0449241078125 0.95703125 0.9296875 0.95703125 0.9296875 0.0527366078125
4 0.78125 0.33203125 0.7363303578125 0.33203125 0.7363303578125 0.3925803578125 0.78125 0.3925803578125 0.78125 0.33203125
4 0.5683616078125 0.3457053578125 0.5019553578125 0.3457053578125 0.5019553578125 0.3964866078125 0.5683616078125 0.3964866078125 0.5683616078125 0.3457053578125
4 0.27734375 0.2832053578125 0.1738303578125 0.2832053578125 0.1738303578125 0.36328125 0.27734375 0.36328125 0.27734375 0.2832053578125
4 0.640625 0.9042991078125 0.49804910781249995 0.9042991078125 0.49804910781249995 0.97265625 0.640625 0.97265625 0.640625 0.9042991078125
3 0.7167991078125 0.8378928578125 0.6953125 0.8378928578125 0.6953125 0.8671875 0.7167991078125 0.8671875 0.7167991078125 0.8378928578125
4 0.890625 0.640625 0.8203125 0.640625 0.8203125 0.703125 0.890625 0.703125 0.890625 0.640625
4 0.90234375 0.7109375 0.7910178578125 0.7109375 0.7910178578125 0.8125 0.90234375 0.8125 0.90234375 0.7109375
4 0.40625 0.14453125 0.34765625 0.14453125 0.34765625 0.2011741078125 0.40625 0.2011741078125 0.40625 0.14453125