4 0.90625 0.8671875 0.8515625 0.8671875 0.8515625 0.9785178578125 0.90625 0.9785178578125 0.90625 0.8671875
4 0.9394553578125 0.6035178578125 0.859375 0.6035178578125 0.859375 0.7167991078125 0.9394553578125 0.7167991078125 0.9394553578125 0.6035178578125
4 0.96875 0.2890625 0.84765625 0.2890625 0.84765625 0.5058616078125 0.96875 0.5058616078125 0.96875 0.2890625
4 0.5527366078125 0.2832053578125 0.45898660781249995 0.2832053578125 0.45898660781249995 0.45898660781249995 0.5527366078125 0.45898660781249995 0.5527366078125 0.2832053578125
4 0.61328125 0.41601785781249995 0.5683616078125 0.41601785781249995 0.5683616078125 0.5078125 0.61328125 0.5078125 0.61328125 0.41601785781249995
4 0.6074241078125 0.0058616078125 0.515625 0.0058616078125 0.515625 0.09765625 0.6074241078125 0.09765625 0.6074241078125 0.0058616078125
4 0.515625 0.5800803578125 0.4140625 0.5800803578125 0.4140625 0.6777366078125 0.515625 0.6777366078125 0.515625 0.5800803578125
4 0.59765625 0.73046875 0.5292991078125 0.73046875 0.5292991078125 0.83203125 0.59765625 0.83203125 0.59765625 0.73046875
4 0.3671875 0.73046875 0.3339866078125 0.73046875 0.3339866078125 0.81640625 0.3671875 0.81640625 0.3671875 0.73046875
5 0.6347678578125 0.51953125 0.0078125 0.51953125 0.0078125 0.9941428578125 0.6347678578125 0.9941428578125 0.6347678578125 0.51953125
1 0.6816428578125 0.390625 0.4140625 0.390625 0.4140625 0.6582053578125 0.6816428578125 0.6582053578125 0.6816428578125 0.390625
4 0.89453125 0.42773660781249995 0.82421875 0.42773660781249995 0.82421875 0.5078125 0.89453125 0.5078125 0.89453125 0.42773660781249995
4 0.9433616078125 0.7128928578125 0.9003928578125 0.7128928578125 0.9003928578125 0.78515625 0.9433616078125 0.78515625 0.9433616078125 0.7128928578125
4 0.9082053578125 0.765625 0.8613303578125 0.765625 0.8613303578125 0.8203125 0.9082053578125 0.8203125 0.9082053578125 0.765625