4 0.4140625 0.1152366078125 0.25 0.1152366078125 0.25 0.25 0.4140625 0.25 0.4140625 0.1152366078125
4 0.5449241078125 0.1386741078125 0.41796875 0.1386741078125 0.41796875 0.3828125 0.5449241078125 0.3828125 0.5449241078125 0.1386741078125
4 0.44921875 0.30078125 0.28515625 0.30078125 0.28515625 0.44726785781249995 0.44921875 0.44726785781249995 0.44921875 0.30078125
4 0.30859375 0.3691428578125 0.1386741078125 0.3691428578125 0.1386741078125 0.5234375 0.30859375 0.5234375 0.30859375 0.3691428578125
4 0.0683616078125 0.44140625 0.0175803578125 0.44140625 0.0175803578125 0.5214866078125 0.0683616078125 0.5214866078125 0.0683616078125 0.44140625
4 0.1972678578125 0.5800803578125 0.0957053578125 0.5800803578125 0.0957053578125 0.73828125 0.1972678578125 0.73828125 0.1972678578125 0.5800803578125
4 0.45898660781249995 0.7285178578125 0.22265625 0.7285178578125 0.22265625 0.8964866078125 0.45898660781249995 0.8964866078125 0.45898660781249995 0.7285178578125
3 0.5957053578125 0.5878928578125 0.5605491078125 0.5878928578125 0.5605491078125 0.6699241078125 0.5957053578125 0.6699241078125 0.5957053578125 0.5878928578125
3 0.56640625 0.47265625 0.5253928578125 0.47265625 0.5253928578125 0.515625 0.56640625 0.515625 0.56640625 0.47265625
3 0.53125 0.40625 0.49804910781249995 0.40625 0.49804910781249995 0.43554910781249995 0.53125 0.43554910781249995 0.53125 0.40625
3 0.89453125 0.6152366078125 0.8652366078125 0.6152366078125 0.8652366078125 0.640625 0.89453125 0.640625 0.89453125 0.6152366078125
3 0.71484375 0.765625 0.6933616078125 0.765625 0.6933616078125 0.78515625 0.71484375 0.78515625 0.71484375 0.765625
3 0.5058616078125 0.8691428578125 0.47265625 0.8691428578125 0.47265625 0.9003928578125 0.5058616078125 0.9003928578125 0.5058616078125 0.8691428578125
3 0.41992410781249995 0.80859375 0.3964866078125 0.80859375 0.3964866078125 0.8417991078125 0.41992410781249995 0.8417991078125 0.41992410781249995 0.80859375
3 0.62109375 0.859375 0.58984375 0.859375 0.58984375 0.890625 0.62109375 0.890625 0.62109375 0.859375
3 0.9472678578125 0.5566428578125 0.9316428578125 0.5566428578125 0.9316428578125 0.5800803578125 0.9472678578125 0.5800803578125 0.9472678578125 0.5566428578125
3 0.7265625 0.703125 0.71484375 0.703125 0.71484375 0.7167991078125 0.7265625 0.7167991078125 0.7265625 0.703125
4 0.1425803578125 0.7324241078125 0.1015625 0.7324241078125 0.1015625 0.8203125 0.1425803578125 0.8203125 0.1425803578125 0.7324241078125
4 0.1191428578125 0.0566428578125 0.08984375 0.0566428578125 0.08984375 0.0859375 0.1191428578125 0.0859375 0.1191428578125 0.0566428578125