8 0.6300982140625 0.285715084375 0.4818392859375 0.285715084375 0.4818392859375 0.386826815625 0.6300982140625 0.386826815625 0.6300982140625 0.285715084375
8 0.45885714218749996 0.18645810000000002 0.41734821406249994 0.18645810000000002 0.41734821406249994 0.22541899375000002 0.45885714218749996 0.22541899375000002 0.45885714218749996 0.18645810000000002
8 0.4188303578125 0.0556592171875 0.2765 0.0556592171875 0.2765 0.1196648046875 0.4188303578125 0.1196648046875 0.4188303578125 0.0556592171875
8 0.25722767812499997 0.1159553078125 0.225352678125 0.1159553078125 0.225352678125 0.1465698328125 0.25722767812499997 0.1465698328125 0.25722767812499997 0.1159553078125
8 0.2246116078125 0.386826815625 0.16530803593750001 0.386826815625 0.16530803593750001 0.43692178750000005 0.2246116078125 0.43692178750000005 0.2246116078125 0.386826815625
3 0.8272812500000001 0.0714301671875 0.7924375 0.0714301671875 0.7924375 0.1159553078125 0.8272812500000001 0.1159553078125 0.8272812500000001 0.0714301671875
3 0.8680491078125 0.18089385468750002 0.8065223218750001 0.18089385468750002 0.8065223218750001 0.3033407828125 0.8680491078125 0.3033407828125 0.8680491078125 0.18089385468750002
8 0.9184598218750001 0.026899440625 0.8117142859375001 0.026899440625 0.8117142859375001 0.1465698328125 0.9184598218750001 0.1465698328125 0.9184598218750001 0.026899440625
8 0.9021517859375001 0.14564245781250001 0.8406205359375001 0.14564245781250001 0.8406205359375001 0.26530726250000003 0.9021517859375001 0.26530726250000003 0.9021517859375001 0.14564245781250001
3 0.9295758921875 0.35436312812500004 0.8710133921875001 0.35436312812500004 0.8710133921875001 0.4842346375 0.9295758921875 0.4842346375 0.9295758921875 0.35436312812500004
3 0.9214241078125 0.5807094968750001 0.890290178125 0.5807094968750001 0.890290178125 0.635441340625 0.9214241078125 0.635441340625 0.9214241078125 0.5807094968750001
8 0.9451428578125001 0.5380335203125 0.9214241078125 0.5380335203125 0.9214241078125 0.5807094968750001 0.9451428578125001 0.5807094968750001 0.9451428578125001 0.5380335203125
8 0.6530758921875 0.000927375 0.5952544640624999 0.000927375 0.5952544640624999 0.051022346875 0.6530758921875 0.051022346875 0.6530758921875 0.000927375
8 0.74721875 0.004636871875 0.6612321421875 0.004636871875 0.6612321421875 0.059368715625 0.74721875 0.059368715625 0.74721875 0.004636871875
8 0.7353616078125 0.06957541874999999 0.709415178125 0.06957541874999999 0.709415178125 0.0992569828125 0.7353616078125 0.0992569828125 0.7353616078125 0.06957541874999999
8 0.716084821875 0.10389385468750001 0.6871741078125 0.10389385468750001 0.6871741078125 0.1502793296875 0.716084821875 0.1502793296875 0.716084821875 0.10389385468750001
8 0.7583392859375 0.11131843593749999 0.729428571875 0.11131843593749999 0.729428571875 0.141927375 0.7583392859375 0.141927375 0.7583392859375 0.11131843593749999
3 0.56115625 0.0408156421875 0.5129732140625001 0.0408156421875 0.5129732140625001 0.08534636875 0.56115625 0.08534636875 0.56115625 0.0408156421875
8 0.5848794640625 0.020407821875000003 0.5626383921875 0.020407821875000003 0.5626383921875 0.054731843749999995 0.5848794640625 0.054731843749999995 0.5848794640625 0.020407821875000003
8 0.5011116078125 0.0371061453125 0.44996428593750004 0.0371061453125 0.44996428593750004 0.0677206703125 0.5011116078125 0.0677206703125 0.5011116078125 0.0371061453125
8 0.2913258921875 0.42115083750000004 0.2698303578125 0.42115083750000004 0.2698303578125 0.4656815640625 0.2913258921875 0.4656815640625 0.2913258921875 0.42115083750000004
8 0.4944419640625 0.5361787703124999 0.46553125 0.5361787703124999 0.46553125 0.5844189937500001 0.4944419640625 0.5844189937500001 0.4944419640625 0.5361787703124999
8 0.538178571875 0.472173184375 0.51075 0.472173184375 0.51075 0.496290503125 0.538178571875 0.496290503125 0.538178571875 0.472173184375
3 0.40622767812499994 0.8961061453125 0.3721294640625 0.8961061453125 0.3721294640625 0.9304301671875 0.40622767812499994 0.9304301671875 0.40622767812499994 0.8961061453125
3 0.3965892859375 0.9369217875 0.3602678578125 0.9369217875 0.3602678578125 0.9675363125 0.3965892859375 0.9675363125 0.3965892859375 0.9369217875
8 0.3009642859375 0.48608938593750006 0.2609330359375 0.48608938593750006 0.2609330359375 0.5751396640625 0.3009642859375 0.5751396640625 0.3009642859375 0.48608938593750006
8 0.298 0.5788547484375 0.272053571875 0.5788547484375 0.272053571875 0.6178156421875001 0.298 0.6178156421875001 0.298 0.5788547484375
8 0.266866071875 0.6113184359375 0.2379553578125 0.6113184359375 0.2379553578125 0.6864581000000001 0.266866071875 0.6864581000000001 0.266866071875 0.6113184359375
8 0.302446428125 0.20222905 0.272053571875 0.20222905 0.272053571875 0.23933519531249997 0.302446428125 0.23933519531249997 0.302446428125 0.20222905
8 0.312084821875 0.246754190625 0.29429017812499997 0.246754190625 0.29429017812499997 0.27365363125000003 0.312084821875 0.27365363125000003 0.312084821875 0.246754190625
8 0.3461830359375 0.2346927375 0.32987500000000003 0.2346927375 0.32987500000000003 0.26530726250000003 0.3461830359375 0.26530726250000003 0.3461830359375 0.2346927375
8 0.3602678578125 0.20872067031250002 0.3409955359375 0.20872067031250002 0.3409955359375 0.2328379890625 0.3602678578125 0.2328379890625 0.3602678578125 0.20872067031250002
8 0.272053571875 0.081631284375 0.2409196421875 0.081631284375 0.2409196421875 0.10760893906249999 0.272053571875 0.10760893906249999 0.272053571875 0.081631284375
5 0.5589330359375 0.42578770937500005 0.5085267859375 0.42578770937500005 0.5085267859375 0.47124580937499994 0.5589330359375 0.47124580937499994 0.5589330359375 0.42578770937500005
3 0.20682142812499998 0.49443575468749995 0.0014821421875 0.49443575468749995 0.0014821421875 0.8951787703124999 0.20682142812499998 0.8951787703124999 0.20682142812499998 0.49443575468749995
3 0.530022321875 0.854363128125 0.25055803593750003 0.854363128125 0.25055803593750003 0.9981508375000001 0.530022321875 0.9981508375000001 0.530022321875 0.854363128125
3 0.43513839218749994 0.0055642453125 0.29429017812499997 0.0055642453125 0.29429017812499997 0.14378770937500002 0.43513839218749994 0.14378770937500002 0.43513839218749994 0.0055642453125
3 0.9733124999999999 0.004636871875 0.761303571875 0.004636871875 0.761303571875 0.6419329609375 0.9733124999999999 0.6419329609375 0.9733124999999999 0.004636871875
3 0.9970357140624999 0.6150279328125 0.8339508921875 0.6150279328125 0.8339508921875 0.9944357546875 0.9970357140624999 0.9944357546875 0.9970357140624999 0.6150279328125
3 0.392883928125 0.6771843578125 0.26760714218750004 0.6771843578125 0.26760714218750004 0.7782960890624999 0.392883928125 0.7782960890624999 0.392883928125 0.6771843578125
3 0.7435133921875 0.6159553078125 0.7138616078125 0.6159553078125 0.7138616078125 0.6577039109375 0.7435133921875 0.6577039109375 0.7435133921875 0.6159553078125
8 0.59821875 0.6233798875 0.561897321875 0.6233798875 0.561897321875 0.6549217875 0.59821875 0.6549217875 0.59821875 0.6233798875
8 0.556709821875 0.61688826875 0.5418839281250001 0.61688826875 0.5418839281250001 0.6372960890625 0.556709821875 0.6372960890625 0.556709821875 0.61688826875
8 0.5908080359375 0.5964748609375 0.5685714281250001 0.5964748609375 0.5685714281250001 0.619670390625 0.5908080359375 0.619670390625 0.5908080359375 0.5964748609375
8 0.68865625 0.33951955312500004 0.6767991078125 0.33951955312500004 0.6767991078125 0.362709496875 0.68865625 0.362709496875 0.68865625 0.33951955312500004
8 0.3565625 0.307977653125 0.334321428125 0.307977653125 0.334321428125 0.3311675984375 0.3565625 0.3311675984375 0.3565625 0.307977653125