7 0.80059375 0.5872011171875 0.285397321875 0.5872011171875 0.285397321875 0.9860893859375001 0.80059375 0.9860893859375001 0.80059375 0.5872011171875
7 0.9777633921875 0.738407821875 0.5915491078125 0.738407821875 0.5915491078125 0.99258100625 0.9777633921875 0.99258100625 0.9777633921875 0.738407821875
7 0.9955535718749999 0.5129888265625 0.9436607140625 0.5129888265625 0.9436607140625 0.72541899375 0.9955535718749999 0.72541899375 0.9955535718749999 0.5129888265625
5 0.7939196421875 0.004636871875 0.008897321875 0.004636871875 0.008897321875 0.514843575 0.7939196421875 0.514843575 0.7939196421875 0.004636871875
5 0.9933303578125001 0.0027821234375 0.8094866078124999 0.0027821234375 0.8094866078124999 0.28478770937500003 0.9933303578125001 0.28478770937500003 0.9933303578125001 0.0027821234375
2 0.9859151781250001 0.23748044687499997 0.5715357140624999 0.23748044687499997 0.5715357140624999 0.730061453125 0.9859151781250001 0.730061453125 0.9859151781250001 0.23748044687499997
3 0.1275 0.49165363125 0.059303571875 0.49165363125 0.059303571875 0.60018994375 0.1275 0.60018994375 0.1275 0.49165363125
8 0.158633928125 0.799631284375 0.11860714218749999 0.799631284375 0.11860714218749999 0.84972625625 0.158633928125 0.84972625625 0.158633928125 0.799631284375
3 0.5774642859375 0.4053798875 0.4959241078125 0.4053798875 0.4959241078125 0.46382122968750006 0.5774642859375 0.46382122968750006 0.5774642859375 0.4053798875
3 0.647147321875 0.3998156421875 0.580428571875 0.3998156421875 0.580428571875 0.464754190625 0.647147321875 0.464754190625 0.647147321875 0.3998156421875
3 0.878428571875 0.137290503125 0.7894732140625 0.137290503125 0.7894732140625 0.24118994374999997 0.878428571875 0.24118994374999997 0.878428571875 0.137290503125
3 0.9873973218750001 0.18460335156250002 0.7405491078125 0.18460335156250002 0.7405491078125 0.52226815625 0.9873973218750001 0.52226815625 0.9873973218750001 0.18460335156250002
3 0.8398794640625 0.4202234640625 0.5989642859375001 0.4202234640625 0.5989642859375001 0.6883128484375 0.8398794640625 0.6883128484375 0.8398794640625 0.4202234640625
3 0.289102678125 0.1465698328125 0.2564866078125 0.1465698328125 0.2564866078125 0.20315642500000003 0.289102678125 0.20315642500000003 0.289102678125 0.1465698328125
3 0.357303571875 0.029687151562500003 0.2742767859375 0.029687151562500003 0.2742767859375 0.098329609375 0.357303571875 0.098329609375 0.357303571875 0.029687151562500003
3 0.4951830359375 0.0844134078125 0.4603392859375 0.0844134078125 0.4603392859375 0.137290503125 0.4951830359375 0.137290503125 0.4951830359375 0.0844134078125