8 0.5826517859375 0.7476815640625001 0.516678571875 0.7476815640625001 0.516678571875 0.791284915625 0.5826517859375 0.791284915625 0.5826517859375 0.7476815640625001
8 0.6034107140625 0.6929553078125 0.5715357140624999 0.6929553078125 0.5715357140624999 0.7319162015625 0.6034107140625 0.7319162015625 0.6034107140625 0.6929553078125
8 0.73684375 0.6558491625 0.6856919640625 0.6558491625 0.6856919640625 0.6948100562499999 0.73684375 0.6948100562499999 0.73684375 0.6558491625
8 0.747959821875 0.705938546875 0.6716071421875001 0.705938546875 0.6716071421875001 0.7653072625 0.747959821875 0.7653072625 0.747959821875 0.705938546875
8 0.6308392859375 0.7513966484375 0.597477678125 0.7513966484375 0.597477678125 0.7801508375 0.6308392859375 0.7801508375 0.6308392859375 0.7513966484375
8 0.64640625 0.807983240625 0.561897321875 0.807983240625 0.561897321875 0.84972625625 0.64640625 0.84972625625 0.64640625 0.807983240625
3 0.7449955359375 0.21335754218749997 0.701258928125 0.21335754218749997 0.701258928125 0.300558659375 0.7449955359375 0.300558659375 0.7449955359375 0.21335754218749997
3 0.65159375 0.00741899375 0.560415178125 0.00741899375 0.560415178125 0.074212290625 0.65159375 0.074212290625 0.65159375 0.00741899375
3 0.3965892859375 0.035251396875 0.3387678578125 0.035251396875 0.3387678578125 0.11410055937500001 0.3965892859375 0.11410055937500001 0.3965892859375 0.035251396875
3 0.2097857140625 0.12430726249999999 0.174946428125 0.12430726249999999 0.174946428125 0.16975977656250002 0.2097857140625 0.16975977656250002 0.2097857140625 0.12430726249999999
3 0.23499107187499998 0.1196648046875 0.208303571875 0.1196648046875 0.208303571875 0.16975977656250002 0.23499107187499998 0.16975977656250002 0.23499107187499998 0.1196648046875
3 0.1697544640625 0.15491620156250002 0.1423258921875 0.15491620156250002 0.1423258921875 0.192022346875 0.1697544640625 0.192022346875 0.1697544640625 0.15491620156250002
3 0.025946428124999997 0.27179888281250003 0.000741071875 0.27179888281250003 0.000741071875 0.3181843578125 0.025946428124999997 0.3181843578125 0.025946428124999997 0.27179888281250003
3 0.9525580359375001 0.6178156421875001 0.9243883921875 0.6178156421875001 0.9243883921875 0.66326815625 0.9525580359375001 0.66326815625 0.9525580359375001 0.6178156421875001
8 0.8888080359374999 0.00927374375 0.86434375 0.00927374375 0.86434375 0.0371061453125 0.8888080359374999 0.0371061453125 0.8888080359374999 0.00927374375
8 0.8836160718749999 0.0630782125 0.855446428125 0.0630782125 0.855446428125 0.10018435781249999 0.8836160718749999 0.10018435781249999 0.8836160718749999 0.0630782125
3 0.3602678578125 0.10760893906249999 0.140102678125 0.10760893906249999 0.140102678125 0.29963128437500003 0.3602678578125 0.29963128437500003 0.3602678578125 0.10760893906249999
3 0.5752410718750001 0.01577095 0.29948214218749997 0.01577095 0.29948214218749997 0.25046368750000003 0.5752410718750001 0.25046368750000003 0.5752410718750001 0.01577095
3 0.8213482140625 0.18089385468750002 0.5856205359375 0.18089385468750002 0.5856205359375 0.5324692734375 0.8213482140625 0.5324692734375 0.8213482140625 0.18089385468750002
3 0.258709821875 0.004636871875 0.019272321875 0.004636871875 0.019272321875 0.1614134078125 0.258709821875 0.1614134078125 0.258709821875 0.004636871875
3 0.6108214281250001 0.5732849156250001 0.507040178125 0.5732849156250001 0.507040178125 0.6539888265625 0.6108214281250001 0.6539888265625 0.6108214281250001 0.5732849156250001
8 0.180133928125 0.589983240625 0.16530803593750001 0.589983240625 0.16530803593750001 0.603899440625 0.180133928125 0.603899440625 0.180133928125 0.589983240625
8 0.180875 0.57050279375 0.17271875 0.57050279375 0.17271875 0.5797821234375 0.180875 0.5797821234375 0.180875 0.57050279375
8 0.19051339218750002 0.58627374375 0.1756875 0.58627374375 0.1756875 0.60018994375 0.19051339218750002 0.60018994375 0.19051339218750002 0.58627374375
8 0.1438080359375 0.481446928125 0.1334330359375 0.481446928125 0.1334330359375 0.49721787656250005 0.1438080359375 0.49721787656250005 0.1438080359375 0.481446928125
8 0.1475178578125 0.5046424578125001 0.13862053593749998 0.5046424578125001 0.13862053593749998 0.5213351953124999 0.1475178578125 0.5213351953124999 0.1475178578125 0.5046424578125001
8 0.7175669640625 0.6679050281250001 0.702741071875 0.6679050281250001 0.702741071875 0.6827486031250001 0.7175669640625 0.6827486031250001 0.7175669640625 0.6679050281250001
8 0.7205357140624999 0.21335754218749997 0.7042232140625 0.21335754218749997 0.7042232140625 0.2476815640625 0.7205357140624999 0.2476815640625 0.7205357140624999 0.21335754218749997
8 0.7220178578125 0.2708715078125 0.710897321875 0.2708715078125 0.710897321875 0.28478770937500003 0.7220178578125 0.28478770937500003 0.7220178578125 0.2708715078125
8 0.9429196421875 0.6307988828125 0.9332857140625 0.6307988828125 0.9332857140625 0.64749720625 0.9429196421875 0.64749720625 0.9429196421875 0.6307988828125
8 0.230540178125 0.1298715078125 0.22016517812499997 0.1298715078125 0.22016517812499997 0.141927375 0.230540178125 0.141927375 0.230540178125 0.1298715078125
8 0.2290580359375 0.1465698328125 0.2164553578125 0.1465698328125 0.2164553578125 0.1576983234375 0.2290580359375 0.1576983234375 0.2290580359375 0.1465698328125
8 0.158633928125 0.1651229046875 0.1512232140625 0.1651229046875 0.1512232140625 0.1781061453125 0.158633928125 0.1781061453125 0.158633928125 0.1651229046875
8 0.6056339281249999 0.038960893749999996 0.5885848218749999 0.038960893749999996 0.5885848218749999 0.0621508375 0.6056339281249999 0.0621508375 0.6056339281249999 0.038960893749999996
8 0.6041517859375001 0.003709496875 0.5796875 0.003709496875 0.5796875 0.025972067187499996 0.6041517859375001 0.025972067187499996 0.6041517859375001 0.003709496875
8 0.3647142859375 0.051022346875 0.3558169640625 0.051022346875 0.3558169640625 0.058441340625000004 0.3647142859375 0.058441340625000004 0.3647142859375 0.051022346875
8 0.3706428578125 0.0936927375 0.36249107187499996 0.0936927375 0.36249107187499996 0.10389385468750001 0.3706428578125 0.10389385468750001 0.3706428578125 0.0936927375
8 0.13713839218749999 0.011134078125 0.128241071875 0.011134078125 0.128241071875 0.02411731875 0.13713839218749999 0.02411731875 0.13713839218749999 0.011134078125
3 0.7776116078124999 0.636368715625 0.6545580359375001 0.636368715625 0.6545580359375001 0.8126201125 0.7776116078124999 0.8126201125 0.7776116078124999 0.636368715625
3 0.6071160718749999 0.6827486031250001 0.5626383921875 0.6827486031250001 0.5626383921875 0.732843575 0.6071160718749999 0.732843575 0.6071160718749999 0.6827486031250001
3 0.5841383921875 0.732843575 0.511491071875 0.732843575 0.511491071875 0.7903575421875 0.5841383921875 0.7903575421875 0.5841383921875 0.732843575
3 0.6308392859375 0.7439720671875001 0.5885848218749999 0.7439720671875001 0.5885848218749999 0.7838603359375 0.6308392859375 0.7838603359375 0.6308392859375 0.7439720671875001
3 0.53446875 0.8228212296875 0.47887500000000005 0.8228212296875 0.47887500000000005 0.879407821875 0.53446875 0.879407821875 0.53446875 0.8228212296875
3 0.669383928125 0.7820055859374999 0.538178571875 0.7820055859374999 0.538178571875 0.854363128125 0.669383928125 0.854363128125 0.669383928125 0.7820055859374999