5 0.4765625 0.5019553578125 0.046875 0.5019553578125 0.046875 0.96484375 0.4765625 0.96484375 0.4765625 0.5019553578125
4 0.1015625 0.3886741078125 0.0058616078125 0.3886741078125 0.0058616078125 0.8378928578125 0.1015625 0.8378928578125 0.1015625 0.3886741078125
4 0.421875 0.78515625 0.025392857812500003 0.78515625 0.025392857812500003 0.98828125 0.421875 0.98828125 0.421875 0.78515625
8 0.42578125 0.08203125 0.2246116078125 0.08203125 0.2246116078125 0.2753928578125 0.42578125 0.2753928578125 0.42578125 0.08203125
8 0.48633035781249995 0.1113303578125 0.44921875 0.1113303578125 0.44921875 0.1699241078125 0.48633035781249995 0.1699241078125 0.48633035781249995 0.1113303578125
8 0.65625 0.00390625 0.51953125 0.00390625 0.51953125 0.203125 0.65625 0.203125 0.65625 0.00390625
8 0.74609375 0.02734375 0.69921875 0.02734375 0.69921875 0.1113303578125 0.74609375 0.1113303578125 0.74609375 0.02734375
8 0.7558616078125 0.109375 0.7109375 0.109375 0.7109375 0.17578125 0.7558616078125 0.17578125 0.7558616078125 0.109375
8 0.703125 0.1699241078125 0.6582053578125 0.1699241078125 0.6582053578125 0.2324241078125 0.703125 0.2324241078125 0.703125 0.1699241078125
8 0.9941428578125 0.0996116078125 0.91796875 0.0996116078125 0.91796875 0.2128928578125 0.9941428578125 0.2128928578125 0.9941428578125 0.0996116078125
8 1 0.2324241078125 0.9453125 0.2324241078125 0.9453125 0.3125 1 0.3125 1 0.2324241078125
8 0.9863303578125 0.31640625 0.8515625 0.31640625 0.8515625 0.46484375 0.9863303578125 0.46484375 0.9863303578125 0.31640625
8 0.8964866078125 0.1171875 0.82421875 0.1171875 0.82421875 0.19921875 0.8964866078125 0.19921875 0.8964866078125 0.1171875
8 0.8808616078125 0.01171875 0.78515625 0.01171875 0.78515625 0.1035178578125 0.8808616078125 0.1035178578125 0.8808616078125 0.01171875
8 0.1328125 0.28125 0.02734375 0.28125 0.02734375 0.359375 0.1328125 0.359375 0.1328125 0.28125
8 0.05859375 0.2089866078125 0.0175803578125 0.2089866078125 0.0175803578125 0.2519553578125 0.05859375 0.2519553578125 0.05859375 0.2089866078125
8 0.1933616078125 0.2910178578125 0.1582053578125 0.2910178578125 0.1582053578125 0.34375 0.1933616078125 0.34375 0.1933616078125 0.2910178578125
8 0.2578125 0.3183616078125 0.21484375 0.3183616078125 0.21484375 0.359375 0.2578125 0.359375 0.2578125 0.3183616078125
4 0.9980491078125 0.546875 0.9785178578125 0.546875 0.9785178578125 0.5878928578125 0.9980491078125 0.5878928578125 0.9980491078125 0.546875
4 0.5 0.0058616078125 0.3222678578125 0.0058616078125 0.3222678578125 0.0527366078125 0.5 0.0527366078125 0.5 0.0058616078125
4 0.5234375 0 0.5234375 0.1933616078125 0.6328125 0.1933616078125 0.6328125 0 0.5234375 0
4 0.47851785781249995 0.1171875 0.45703125 0.1171875 0.45703125 0.1582053578125 0.47851785781249995 0.1582053578125 0.47851785781249995 0.1171875
4 0.234375 0.0078125 0.0722678578125 0.0078125 0.0722678578125 0.1542991078125 0.234375 0.1542991078125 0.234375 0.0078125
4 0.05859375 0.2089866078125 0.02734375 0.2089866078125 0.02734375 0.25 0.05859375 0.25 0.05859375 0.2089866078125
4 0.1230491078125 0.2890625 0.0332053578125 0.2890625 0.0332053578125 0.359375 0.1230491078125 0.359375 0.1230491078125 0.2890625
4 0.1894553578125 0.29296875 0.1621116078125 0.29296875 0.1621116078125 0.3339866078125 0.1894553578125 0.3339866078125 0.1894553578125 0.29296875
4 0.25 0.3261741078125 0.2265625 0.3261741078125 0.2265625 0.34765625 0.25 0.34765625 0.25 0.3261741078125
4 0.3027366078125 0.3613303578125 0.24609375 0.3613303578125 0.24609375 0.3886741078125 0.3027366078125 0.3886741078125 0.3027366078125 0.3613303578125
8 0.2949241078125 0.3613303578125 0.2480491078125 0.3613303578125 0.2480491078125 0.38671875 0.2949241078125 0.38671875 0.2949241078125 0.3613303578125
8 0.3515625 0.3769553578125 0.32421875 0.3769553578125 0.32421875 0.40039285781249995 0.3515625 0.40039285781249995 0.3515625 0.3769553578125
8 0.56640625 0.22265625 0.5097678578125 0.22265625 0.5097678578125 0.2734375 0.56640625 0.2734375 0.56640625 0.22265625
8 0.578125 0.2832053578125 0.49804910781249995 0.2832053578125 0.49804910781249995 0.3359375 0.578125 0.3359375 0.578125 0.2832053578125
8 0.6191428578125 0.2792991078125 0.5703125 0.2792991078125 0.5703125 0.3574241078125 0.6191428578125 0.3574241078125 0.6191428578125 0.2792991078125
4 0.42578125 0.0839866078125 0.2285178578125 0.0839866078125 0.2285178578125 0.2753928578125 0.42578125 0.2753928578125 0.42578125 0.0839866078125
4 0.98046875 0.3144553578125 0.85546875 0.3144553578125 0.85546875 0.47070535781249995 0.98046875 0.47070535781249995 0.98046875 0.3144553578125
4 0.9980491078125 0.234375 0.95703125 0.234375 0.95703125 0.3183616078125 0.9980491078125 0.3183616078125 0.9980491078125 0.234375
4 0.9003928578125 0.1191428578125 0.83203125 0.1191428578125 0.83203125 0.19921875 0.9003928578125 0.19921875 0.9003928578125 0.1191428578125
4 0.9941428578125 0.0957053578125 0.9238303578125 0.0957053578125 0.9238303578125 0.1972678578125 0.9941428578125 0.1972678578125 0.9941428578125 0.0957053578125
4 0.8730491078125 0.0078125 0.7910178578125 0.0078125 0.7910178578125 0.1074241078125 0.8730491078125 0.1074241078125 0.8730491078125 0.0078125
4 0.7421875 0.03125 0.70703125 0.03125 0.70703125 0.0957053578125 0.7421875 0.0957053578125 0.7421875 0.03125
4 0.7421875 0.1191428578125 0.71875 0.1191428578125 0.71875 0.1582053578125 0.7421875 0.1582053578125 0.7421875 0.1191428578125
4 0.6953125 0.16796875 0.6621116078125 0.16796875 0.6621116078125 0.2285178578125 0.6953125 0.2285178578125 0.6953125 0.16796875
8 0.44140625 0.2890625 0.421875 0.2890625 0.421875 0.3066428578125 0.44140625 0.3066428578125 0.44140625 0.2890625
8 0.41015625 0.2753928578125 0.3671875 0.2753928578125 0.3671875 0.3203125 0.41015625 0.3203125 0.41015625 0.2753928578125
8 0.40429910781249995 0.34375 0.3925803578125 0.34375 0.3925803578125 0.40429910781249995 0.40429910781249995 0.40429910781249995 0.40429910781249995 0.34375
8 0.6699241078125 0.3671875 0.6464866078125 0.3671875 0.6464866078125 0.41015625 0.6699241078125 0.41015625 0.6699241078125 0.3671875
8 0.234375 0.0019553578125 0.0683616078125 0.0019553578125 0.0683616078125 0.15625 0.234375 0.15625 0.234375 0.0019553578125