6 0 0.8921230765624999 0.3515133921875 0.8921230765624999 0.3515133921875 0.541041025 0 0.541041025 0 0.8921230765624999
4 0.15497767812500002 0.8374205124999999 0.07012946406250001 0.8374205124999999 0.07012946406250001 0.8951025640625 0.15497767812500002 0.8951025640625 0.15497767812500002 0.8374205124999999
4 0.15064732187500002 0.7926666671875 0.11428571406250002 0.7926666671875 0.11428571406250002 0.8284717953125 0.15064732187500002 0.8284717953125 0.15064732187500002 0.7926666671875
4 0.215584821875 0.9319025640625 0.156709821875 0.9319025640625 0.156709821875 0.9895897437500001 0.215584821875 0.9895897437500001 0.215584821875 0.9319025640625
4 0.3073571421875 0.761835896875 0.266665178125 0.761835896875 0.266665178125 0.8523384609375 0.3073571421875 0.8523384609375 0.3073571421875 0.761835896875
4 0.21125446406249998 0.23770256406249998 0.1575758921875 0.23770256406249998 0.1575758921875 0.3063230765625 0.21125446406249998 0.3063230765625 0.21125446406249998 0.23770256406249998
4 0.184415178125 0.33516923125 0.1281383921875 0.33516923125 0.1281383921875 0.41572820468750005 0.184415178125 0.41572820468750005 0.184415178125 0.33516923125
4 0.281383928125 0.33019487187499996 0.22943750000000002 0.33019487187499996 0.22943750000000002 0.4057794875 0.281383928125 0.4057794875 0.281383928125 0.33019487187499996
4 0.3636383921875 0.3162717953125 0.3160178578125 0.3162717953125 0.3160178578125 0.42766153906250004 0.3636383921875 0.42766153906250004 0.3636383921875 0.3162717953125
4 0.43550000000000005 0.3819128203125 0.36796428593749997 0.3819128203125 0.36796428593749997 0.4793794875 0.43550000000000005 0.4793794875 0.43550000000000005 0.3819128203125
4 0.415584821875 0.48733333281249996 0.3428571421875 0.48733333281249996 0.3428571421875 0.5390512828125 0.415584821875 0.5390512828125 0.415584821875 0.48733333281249996
4 0.464071428125 0.45650256406249995 0.42943749999999997 0.45650256406249995 0.42943749999999997 0.5102102562499999 0.464071428125 0.5102102562499999 0.464071428125 0.45650256406249995
4 0.5073571421875 0.5082205125 0.4848482140625 0.5082205125 0.4848482140625 0.5291076921875 0.5073571421875 0.5291076921875 0.5073571421875 0.5082205125
4 0.5385267859375 0.3510820515625 0.4952366078125 0.3510820515625 0.4952366078125 0.4634666671875 0.5385267859375 0.4634666671875 0.5385267859375 0.3510820515625
4 0.48138392812499997 0.3142820515625 0.4251071421875 0.3142820515625 0.4251071421875 0.3799230765625 0.48138392812499997 0.3799230765625 0.48138392812499997 0.3142820515625
4 0.5445892859375 0.21383076875 0.518616071875 0.21383076875 0.518616071875 0.2655487171875 0.5445892859375 0.2655487171875 0.5445892859375 0.21383076875
4 0.4917767859375 0.218805128125 0.4649330359375 0.218805128125 0.4649330359375 0.256594871875 0.4917767859375 0.256594871875 0.4917767859375 0.218805128125
4 0.4649330359375 0.15216923124999998 0.44155803593750004 0.15216923124999998 0.44155803593750004 0.2018974359375 0.4649330359375 0.2018974359375 0.4649330359375 0.15216923124999998
4 0.554977678125 0.13625641093750002 0.48138392812499997 0.13625641093750002 0.48138392812499997 0.19990769218749999 0.554977678125 0.19990769218749999 0.554977678125 0.13625641093750002
4 0.6277053578125 0.17603589687500001 0.5636383921875 0.17603589687500001 0.5636383921875 0.33019487187499996 0.6277053578125 0.33019487187499996 0.6277053578125 0.17603589687500001
4 0.5714285718750001 0.628564103125 0.5056294640625 0.628564103125 0.5056294640625 0.690225640625 0.5714285718750001 0.690225640625 0.5714285718750001 0.628564103125
4 0.5099553578125 0.729015384375 0.3636383921875 0.729015384375 0.3636383921875 0.7906769234375 0.5099553578125 0.7906769234375 0.5099553578125 0.729015384375
4 0.4476205359375 0.7687948718750001 0.390477678125 0.7687948718750001 0.390477678125 0.8165333328125 0.4476205359375 0.8165333328125 0.4476205359375 0.7687948718750001
4 0.540258928125 0.7787435890625 0.45800892812500005 0.7787435890625 0.45800892812500005 0.8662615390624999 0.540258928125 0.8662615390624999 0.540258928125 0.7787435890625
4 0.6649330359375 0.7588512828125 0.5324687499999999 0.7588512828125 0.5324687499999999 0.8941128203125001 0.6649330359375 0.8941128203125001 0.6649330359375 0.7588512828125
4 0.42943749999999997 0.8215076921875 0.3818169640625 0.8215076921875 0.3818169640625 0.8632769234375001 0.42943749999999997 0.8632769234375001 0.42943749999999997 0.8215076921875
4 0.3818169640625 0.7469128203125 0.3134196421875 0.7469128203125 0.3134196421875 0.8543282046874999 0.3818169640625 0.8543282046874999 0.3818169640625 0.7469128203125
4 0.392209821875 0.8632769234375001 0.35064732187500003 0.8632769234375001 0.35064732187500003 0.9020666671875001 0.392209821875 0.9020666671875001 0.392209821875 0.8632769234375001
4 0.5324687499999999 0.9398615390625 0.40865625000000005 0.9398615390625 0.40865625000000005 0.993564103125 0.5324687499999999 0.993564103125 0.5324687499999999 0.9398615390625
4 0.8484866078125 0.7518871796875 0.790477678125 0.7518871796875 0.790477678125 0.799625640625 0.8484866078125 0.799625640625 0.8484866078125 0.7518871796875
4 0.8770580359375 0.8165333328125 0.8294375 0.8165333328125 0.8294375 0.8732256406250001 0.8770580359375 0.8732256406250001 0.8770580359375 0.8165333328125
4 0.96190625 0.8046 0.9056294640625 0.8046 0.9056294640625 0.8632769234375001 0.96190625 0.8632769234375001 0.96190625 0.8046
4 0.889178571875 0.8612923078125 0.8415580359374999 0.8612923078125 0.8415580359374999 0.8970923078125 0.889178571875 0.8970923078125 0.889178571875 0.8612923078125
4 0.1489196421875 0.14818974375 0.12207589218749999 0.14818974375 0.12207589218749999 0.218805128125 0.1489196421875 0.218805128125 0.1489196421875 0.14818974375
4 0.066665178125 0.11238461562499999 0.0103883921875 0.11238461562499999 0.0103883921875 0.2804666671875 0.066665178125 0.2804666671875 0.066665178125 0.11238461562499999
4 0.1073571421875 0.145205128125 0.0398258921875 0.145205128125 0.0398258921875 0.2685333328125 0.1073571421875 0.2685333328125 0.1073571421875 0.145205128125
4 0.2502142859375 0.043758975 0.2129866078125 0.043758975 0.2129866078125 0.08851794843750001 0.2502142859375 0.08851794843750001 0.2502142859375 0.043758975
4 0.2770580359375 0.10741025625 0.2320357140625 0.10741025625 0.2320357140625 0.1670871796875 0.2770580359375 0.1670871796875 0.2770580359375 0.10741025625
4 0.22943750000000002 0.1690769234375 0.20433035781250003 0.1690769234375 0.20433035781250003 0.1929435890625 0.22943750000000002 0.1929435890625 0.22943750000000002 0.1690769234375
4 0.2995669640625 0.07856923125000001 0.2606071421875 0.07856923125000001 0.2606071421875 0.138246153125 0.2995669640625 0.138246153125 0.2995669640625 0.07856923125000001
4 0.40259821406249996 0.0169076921875 0.3116875 0.0169076921875 0.3116875 0.12431794843749999 0.40259821406249996 0.12431794843749999 0.40259821406249996 0.0169076921875
4 0.5073571421875 0.007958975 0.44155803593750004 0.007958975 0.44155803593750004 0.06265641093749999 0.5073571421875 0.06265641093749999 0.5073571421875 0.007958975
4 0.9506473218749999 0.42467692343749996 0.8112544640625 0.42467692343749996 0.8112544640625 0.59076923125 0.9506473218749999 0.59076923125 0.9506473218749999 0.42467692343749996
4 0.8294375 0.585794871875 0.790477678125 0.585794871875 0.790477678125 0.7121076921875 0.8294375 0.7121076921875 0.8294375 0.585794871875
4 0.980084821875 0.21681538437499998 0.8744598218749999 0.21681538437499998 0.8744598218749999 0.4624717953125 0.980084821875 0.4624717953125 0.980084821875 0.21681538437499998
4 0.9982678578125 0.227753846875 0.9385267859375 0.227753846875 0.9385267859375 0.3063230765625 0.9982678578125 0.3063230765625 0.9982678578125 0.227753846875
5 0.9887455359375 0.0129282046875 0.5445892859375 0.0129282046875 0.5445892859375 0.7827179484375 0.9887455359375 0.7827179484375 0.9887455359375 0.0129282046875
4 0.5965357140624999 0.503246153125 0.5593080359375 0.503246153125 0.5593080359375 0.5748564109375 0.5965357140624999 0.5748564109375 0.5965357140624999 0.503246153125
4 0.7238080359375 0.40876410312499994 0.6857142859375001 0.40876410312499994 0.6857142859375001 0.4843487171875 0.7238080359375 0.4843487171875 0.7238080359375 0.40876410312499994
4 0.3099553578125 0.47539999999999993 0.283116071875 0.47539999999999993 0.283116071875 0.51716923125 0.3099553578125 0.51716923125 0.3099553578125 0.47539999999999993
4 0.1783571421875 0.4843487171875 0.1160178578125 0.4843487171875 0.1160178578125 0.5251282046875 0.1783571421875 0.5251282046875 0.1783571421875 0.4843487171875
4 0.384415178125 0.5589435890625001 0.356709821875 0.5589435890625001 0.356709821875 0.5848 0.384415178125 0.5848 0.384415178125 0.5589435890625001
4 0.4337678578125 0.589774359375 0.40865625000000005 0.589774359375 0.40865625000000005 0.6166256406249999 0.4337678578125 0.6166256406249999 0.4337678578125 0.589774359375
4 0.6909107140625 0.6613846156250001 0.6753258921875 0.6613846156250001 0.6753258921875 0.6792871796875 0.6909107140625 0.6792871796875 0.6909107140625 0.6613846156250001
4 0.3593080359375 0.1253128203125 0.3471875 0.1253128203125 0.3471875 0.1422205125 0.3593080359375 0.1422205125 0.3593080359375 0.1253128203125
4 0.24155803593749997 0.54998974375 0.13592857187500001 0.54998974375 0.13592857187500001 0.7349794875 0.24155803593749997 0.7349794875 0.24155803593749997 0.54998974375
4 0.32294196406250003 0.556953846875 0.251946428125 0.556953846875 0.251946428125 0.614641025 0.32294196406250003 0.614641025 0.32294196406250003 0.556953846875
4 0.780084821875 0.3550564109375 0.741991071875 0.3550564109375 0.741991071875 0.3878769234375 0.780084821875 0.3878769234375 0.780084821875 0.3550564109375
4 0.6787857140625 0.5320923078125 0.6554107140625 0.5320923078125 0.6554107140625 0.5529743593750001 0.6787857140625 0.5529743593750001 0.6787857140625 0.5320923078125