4 0.43945535781249995 0.029299107812500003 0.3046875 0.029299107812500003 0.3046875 0.19921875 0.43945535781249995 0.19921875 0.43945535781249995 0.029299107812500003
4 0.30859375 0.1171875 0.2578125 0.1171875 0.2578125 0.1777366078125 0.30859375 0.1777366078125 0.30859375 0.1171875
4 0.1503928578125 0.1875 0.10546875 0.1875 0.10546875 0.234375 0.1503928578125 0.234375 0.1503928578125 0.1875
4 0.9941428578125 0.1171875 0.9394553578125 0.1171875 0.9394553578125 0.2597678578125 0.9941428578125 0.2597678578125 0.9941428578125 0.1171875
4 0.1113303578125 0.25 0.05859375 0.25 0.05859375 0.3730491078125 0.1113303578125 0.3730491078125 0.1113303578125 0.25
8 0.43554910781249995 0.41015625 0.40429910781249995 0.41015625 0.40429910781249995 0.45898660781249995 0.43554910781249995 0.45898660781249995 0.43554910781249995 0.41015625
8 0.3769553578125 0.9394553578125 0.2949241078125 0.9394553578125 0.2949241078125 0.984375 0.3769553578125 0.984375 0.3769553578125 0.9394553578125
8 0.20703125 0.1738303578125 0.1621116078125 0.1738303578125 0.1621116078125 0.2246116078125 0.20703125 0.2246116078125 0.20703125 0.1738303578125
8 0.1386741078125 0.7890625 0.0800803578125 0.7890625 0.0800803578125 0.8496116078125 0.1386741078125 0.8496116078125 0.1386741078125 0.7890625
8 0.07421875 0.75 0.0371116078125 0.75 0.0371116078125 0.7988303578125 0.07421875 0.7988303578125 0.07421875 0.75
8 0 0.75390625 0.025392857812500003 0.75390625 0.025392857812500003 0.6972678578125 0 0.6972678578125 0 0.75390625
8 0.62109375 0.6582053578125 0.5683616078125 0.6582053578125 0.5683616078125 0.70703125 0.62109375 0.70703125 0.62109375 0.6582053578125
8 0.79296875 0.0761741078125 0.7578125 0.0761741078125 0.7578125 0.1230491078125 0.79296875 0.1230491078125 0.79296875 0.0761741078125
5 0.9863303578125 0.0488303578125 0.69140625 0.0488303578125 0.69140625 0.9238303578125 0.9863303578125 0.9238303578125 0.9863303578125 0.0488303578125
8 0.3046875 0.80859375 0.26953125 0.80859375 0.26953125 0.8378928578125 0.3046875 0.8378928578125 0.3046875 0.80859375
8 0.3203125 0.87109375 0.2949241078125 0.87109375 0.2949241078125 0.90625 0.3203125 0.90625 0.3203125 0.87109375
8 0.43945535781249995 0.7988303578125 0.41992410781249995 0.7988303578125 0.41992410781249995 0.8222678578125 0.43945535781249995 0.8222678578125 0.43945535781249995 0.7988303578125
8 0.48633035781249995 0.8457053578125 0.4609375 0.8457053578125 0.4609375 0.8691428578125 0.48633035781249995 0.8691428578125 0.48633035781249995 0.8457053578125
8 0.5019553578125 0.8203125 0.48633035781249995 0.8203125 0.48633035781249995 0.8339866078125 0.5019553578125 0.8339866078125 0.5019553578125 0.8203125
8 0.46875 0.5546875 0.41211160781249995 0.5546875 0.41211160781249995 0.6171875 0.46875 0.6171875 0.46875 0.5546875
8 0.2441428578125 0.703125 0.2050803578125 0.703125 0.2050803578125 0.7636741078125 0.2441428578125 0.7636741078125 0.2441428578125 0.703125
8 0.40429910781249995 0.44921875 0.3496116078125 0.44921875 0.3496116078125 0.47070535781249995 0.40429910781249995 0.47070535781249995 0.40429910781249995 0.44921875
4 0.171875 0.046875 0.08203125 0.046875 0.08203125 0.0957053578125 0.171875 0.0957053578125 0.171875 0.046875
4 0.0644553578125 0.11328125 0.015625 0.11328125 0.015625 0.18359375 0.0644553578125 0.18359375 0.0644553578125 0.11328125
4 0.65234375 0.0058616078125 0.59765625 0.0058616078125 0.59765625 0.05078125 0.65234375 0.05078125 0.65234375 0.0058616078125
4 0.94140625 0.0917991078125 0.8457053578125 0.0917991078125 0.8457053578125 0.21875 0.94140625 0.21875 0.94140625 0.0917991078125