5 0.5125 0.15625 0.38125 0.15625 0.38125 0.3 0.5125 0.3 0.5125 0.15625
7 0.3484375 0.0625 0.0828125 0.0625 0.0828125 0.9604166671875 0.3484375 0.9604166671875 0.3484375 0.0625
8 0.4046875 0.10833333281249999 0.346875 0.10833333281249999 0.346875 0.1729166671875 0.4046875 0.1729166671875 0.4046875 0.10833333281249999
8 0.3328125 0.15625 0.2984375 0.15625 0.2984375 0.20625 0.3328125 0.20625 0.3328125 0.15625
8 0.4671875 0.325 0.4203125 0.325 0.4203125 0.3645833328125 0.4671875 0.3645833328125 0.4671875 0.325
8 0.5109375 0.3166666671875 0.478125 0.3166666671875 0.478125 0.3583333328125 0.5109375 0.3583333328125 0.5109375 0.3166666671875
8 0.55 0.23125 0.5109375 0.23125 0.5109375 0.325 0.55 0.325 0.55 0.23125
8 0.5296875 0.51875 0.4921875 0.51875 0.4921875 0.575 0.5296875 0.575 0.5296875 0.51875
8 0.5765625 0.4916666671875 0.5359375 0.4916666671875 0.5359375 0.5770833328125 0.5765625 0.5770833328125 0.5765625 0.4916666671875
8 0.6234375 0.058333332812500006 0.5921875 0.058333332812500006 0.5921875 0.10625 0.6234375 0.10625 0.6234375 0.058333332812500006
8 0.6390625 0.11041666718750001 0.609375 0.11041666718750001 0.609375 0.1604166671875 0.6390625 0.1604166671875 0.6390625 0.11041666718750001
8 0.6265625 0.46458333281249997 0.6140625 0.46458333281249997 0.6140625 0.4916666671875 0.6265625 0.4916666671875 0.6265625 0.46458333281249997
8 0.65625 0.43125 0.640625 0.43125 0.640625 0.46875 0.65625 0.46875 0.65625 0.43125
8 0.678125 0.675 0.66875 0.675 0.66875 0.7 0.678125 0.7 0.678125 0.675
8 0.365625 0.5895833328125 0.3515625 0.5895833328125 0.3515625 0.6145833328125 0.365625 0.6145833328125 0.365625 0.5895833328125