2 0.9970357140624999 0.000927375 0.0022232140625000002 0.000927375 0.0022232140625000002 0.9972234640625001 0.9970357140624999 0.9972234640625001 0.9970357140624999 0.000927375
7 0.2735357140625 0.1252346375 0.0022232140625000002 0.1252346375 0.0022232140625000002 0.9972234640625001 0.2735357140625 0.9972234640625001 0.2735357140625 0.1252346375
7 0.34766517812500003 0.000927375 0.0741294640625 0.000927375 0.0741294640625 0.2903519546875 0.34766517812500003 0.2903519546875 0.34766517812500003 0.000927375
7 0.3654553578125 0.6753296093750001 0.272053571875 0.6753296093750001 0.272053571875 0.995363128125 0.3654553578125 0.995363128125 0.3654553578125 0.6753296093750001
8 0.3654553578125 0.199446928125 0.3335803578125 0.199446928125 0.3335803578125 0.23191061406250002 0.3654553578125 0.23191061406250002 0.3654553578125 0.199446928125
8 0.36175 0.26437988749999997 0.3269107140625 0.26437988749999997 0.3269107140625 0.316329609375 0.36175 0.316329609375 0.36175 0.26437988749999997
8 0.3899196421875 0.2801508375 0.3639732140625 0.2801508375 0.3639732140625 0.31911173125 0.3899196421875 0.31911173125 0.3899196421875 0.2801508375
8 0.387696428125 0.3209664796875 0.352852678125 0.3209664796875 0.352852678125 0.35250837968750004 0.387696428125 0.35250837968750004 0.387696428125 0.3209664796875
8 0.37361160781249997 0.359 0.3380267859375 0.359 0.3380267859375 0.393324021875 0.37361160781249997 0.393324021875 0.37361160781249997 0.359
8 0.3832455359375 0.3729162015625 0.3269107140625 0.3729162015625 0.3269107140625 0.4359944140625 0.3832455359375 0.4359944140625 0.3832455359375 0.3729162015625
8 0.39584821406250004 0.4230055859375 0.36175 0.4230055859375 0.36175 0.47588268125 0.39584821406250004 0.47588268125 0.39584821406250004 0.4230055859375
8 0.3639732140625 0.44155865937499994 0.3365446421875 0.44155865937499994 0.3365446421875 0.4777374296875 0.3639732140625 0.4777374296875 0.3639732140625 0.44155865937499994
8 0.5426249999999999 0.6029720671875001 0.5085267859375 0.6029720671875001 0.5085267859375 0.6428603359375 0.5426249999999999 0.6428603359375 0.5426249999999999 0.6029720671875001
8 0.7865089281250001 0.3107597765625 0.7531517859375 0.3107597765625 0.7531517859375 0.34137430156250004 0.7865089281250001 0.34137430156250004 0.7865089281250001 0.3107597765625
8 0.7835446421875 0.2820055859375 0.7590803578124999 0.2820055859375 0.7590803578124999 0.312614525 0.7835446421875 0.312614525 0.7835446421875 0.2820055859375
8 0.8109732140625001 0.187385475 0.779834821875 0.187385475 0.779834821875 0.22634636874999997 0.8109732140625001 0.22634636874999997 0.8109732140625001 0.187385475
8 0.8087455359375 0.14749720625 0.7805803578125 0.14749720625 0.7805803578125 0.1818212296875 0.8087455359375 0.1818212296875 0.8087455359375 0.14749720625
8 0.8124553578124999 0.12894413437500002 0.787991071875 0.12894413437500002 0.787991071875 0.15584357499999998 0.8124553578124999 0.15584357499999998 0.8124553578124999 0.12894413437500002
8 0.8057812500000001 0.026899440625 0.7768705359375 0.026899440625 0.7768705359375 0.059368715625 0.8057812500000001 0.059368715625 0.8057812500000001 0.026899440625
8 0.7590803578124999 0.0129888265625 0.7205357140624999 0.0129888265625 0.7205357140624999 0.0463798875 0.7590803578124999 0.0463798875 0.7590803578124999 0.0129888265625
8 0.5581919640625 0.025044692187500002 0.5003705359375 0.025044692187500002 0.5003705359375 0.0751396640625 0.5581919640625 0.0751396640625 0.5581919640625 0.025044692187500002
8 0.547071428125 0.355290503125 0.5226071421875 0.355290503125 0.5226071421875 0.3849720671875 0.547071428125 0.3849720671875 0.547071428125 0.355290503125
3 0.4203125 0.42115083750000004 0.357303571875 0.42115083750000004 0.357303571875 0.5361787703124999 0.4203125 0.5361787703124999 0.4203125 0.42115083750000004
3 0.471459821875 0.518553071875 0.426241071875 0.518553071875 0.426241071875 0.5807094968750001 0.471459821875 0.5807094968750001 0.471459821875 0.518553071875
5 0.9925892859375001 0.0027821234375 0.8524821421875 0.0027821234375 0.8524821421875 0.995363128125 0.9925892859375001 0.995363128125 0.9925892859375001 0.0027821234375
5 0.9925892859375001 0.6345083796875 0.6530758921875 0.6345083796875 0.6530758921875 0.995363128125 0.9925892859375001 0.995363128125 0.9925892859375001 0.6345083796875
5 0.3521116078125 0.4842346375 0.193477678125 0.4842346375 0.193477678125 0.6270893859375 0.3521116078125 0.6270893859375 0.3521116078125 0.4842346375
8 0.6478883921875 0.11317318437499999 0.620459821875 0.11317318437499999 0.620459821875 0.136363128125 0.6478883921875 0.136363128125 0.6478883921875 0.11317318437499999