5 0.612397321875 0.24692215625 0.0897321421875 0.24692215625 0.0897321421875 0.9901676640625 0.612397321875 0.9901676640625 0.612397321875 0.24692215625
5 0.7474553578124999 0.0942994015625 0.6151696421875 0.0942994015625 0.6151696421875 0.4901197609375 0.7474553578124999 0.4901197609375 0.7474553578124999 0.0942994015625
6 0.993522321875 0.138970059375 0.8297857140625 0.138970059375 0.8297857140625 0.51493413125 0.993522321875 0.51493413125 0.993522321875 0.138970059375
6 0.097133928125 0.3437065875 0.0009241078125 0.3437065875 0.0009241078125 0.6836886234375 0.097133928125 0.6836886234375 0.097133928125 0.3437065875
6 0.599446428125 0.0024790421874999998 0.0083258921875 0.0024790421874999998 0.0083258921875 0.2729760484375 0.599446428125 0.2729760484375 0.599446428125 0.0024790421874999998
6 0.6012946421875001 0 0.6012946421875001 0.131526946875 0.9916741078125 0.131526946875 0.9916741078125 0 0.6012946421875001 0
8 0.12025892812500001 0.1426946109375 0.06290625 0.1426946109375 0.06290625 0.1997724546875 0.12025892812500001 0.1997724546875 0.12025892812500001 0.1426946109375
8 0.813133928125 0.0024790421874999998 0.75578125 0.0024790421874999998 0.75578125 0.053353293749999996 0.813133928125 0.053353293749999996 0.813133928125 0.0024790421874999998
4 0.043477678125 0 0.043477678125 0.135245509375 0.147084821875 0.135245509375 0.147084821875 0 0.043477678125 0
4 0.6253482140625 0 0.6253482140625 0.04963473125 0.685477678125 0.04963473125 0.685477678125 0 0.6253482140625 0
5 0.993522321875 0.51493413125 0.8371875 0.51493413125 0.8371875 0.9963712578124999 0.993522321875 0.9963712578124999 0.993522321875 0.51493413125
4 0.5060133921875 0.4851556890625 0.4875133921875 0.4851556890625 0.4875133921875 0.5124550890624999 0.5060133921875 0.5124550890624999 0.5060133921875 0.4851556890625
2 0.6105446421875 0.0024790421874999998 0.1369107140625 0.0024790421874999998 0.1369107140625 0.2233473046875 0.6105446421875 0.2233473046875 0.6105446421875 0.0024790421874999998