3 0.47851785781249995 0.3828125 0.41211160781249995 0.3828125 0.41211160781249995 0.453125 0.47851785781249995 0.453125 0.47851785781249995 0.3828125
3 0.3671875 0.41992410781249995 0.1542991078125 0.41992410781249995 0.1542991078125 0.6152366078125 0.3671875 0.6152366078125 0.3671875 0.41992410781249995
8 0.1894553578125 0.51953125 0.07421875 0.51953125 0.07421875 0.66015625 0.1894553578125 0.66015625 0.1894553578125 0.51953125
4 0.9707053578125 0.0371116078125 0.8886741078125 0.0371116078125 0.8886741078125 0.1308616078125 0.9707053578125 0.1308616078125 0.9707053578125 0.0371116078125
4 0.8847678578125 0.0878928578125 0.8417991078125 0.0878928578125 0.8417991078125 0.1816428578125 0.8847678578125 0.1816428578125 0.8847678578125 0.0878928578125
4 0.9785178578125 0.1660178578125 0.88671875 0.1660178578125 0.88671875 0.3691428578125 0.9785178578125 0.3691428578125 0.9785178578125 0.1660178578125
4 0.84765625 0.234375 0.80078125 0.234375 0.80078125 0.30078125 0.84765625 0.30078125 0.84765625 0.234375
4 0.3105491078125 0.3222678578125 0.2265625 0.3222678578125 0.2265625 0.45508035781249995 0.3105491078125 0.45508035781249995 0.3105491078125 0.3222678578125
4 0.3261741078125 0.24609375 0.2675803578125 0.24609375 0.2675803578125 0.3105491078125 0.3261741078125 0.3105491078125 0.3261741078125 0.24609375
4 0.375 0.19140625 0.3300803578125 0.19140625 0.3300803578125 0.2402366078125 0.375 0.2402366078125 0.375 0.19140625
4 0.43945535781249995 0.1230491078125 0.3535178578125 0.1230491078125 0.3535178578125 0.19921875 0.43945535781249995 0.19921875 0.43945535781249995 0.1230491078125
4 0.47265625 0.06640625 0.41601785781249995 0.06640625 0.41601785781249995 0.125 0.47265625 0.125 0.47265625 0.06640625
4 0.5722678578125 0.0078125 0.4921875 0.0078125 0.4921875 0.0371116078125 0.5722678578125 0.0371116078125 0.5722678578125 0.0078125
3 0.5703125 0.0917991078125 0.515625 0.0917991078125 0.515625 0.16796875 0.5703125 0.16796875 0.5703125 0.0917991078125
4 0.7578125 0.3203125 0.703125 0.3203125 0.703125 0.3984375 0.7578125 0.3984375 0.7578125 0.3203125
4 0.8515625 0.74609375 0.8066428578125 0.74609375 0.8066428578125 0.8066428578125 0.8515625 0.8066428578125 0.8515625 0.74609375
4 0.1953125 0.7421875 0.1074241078125 0.7421875 0.1074241078125 0.8046875 0.1953125 0.8046875 0.1953125 0.7421875
4 0.09375 0.7832053578125 0.0488303578125 0.7832053578125 0.0488303578125 0.8378928578125 0.09375 0.8378928578125 0.09375 0.7832053578125
5 0.9355491078125 0.0058616078125 0.44921875 0.0058616078125 0.44921875 0.4609375 0.9355491078125 0.4609375 0.9355491078125 0.0058616078125
5 0.3730491078125 0.0097678578125 0.0175803578125 0.0097678578125 0.0175803578125 0.3183616078125 0.3730491078125 0.3183616078125 0.3730491078125 0.0097678578125
3 0.1621116078125 0.36328125 0.078125 0.36328125 0.078125 0.47265625 0.1621116078125 0.47265625 0.1621116078125 0.36328125
3 0.0761741078125 0.27734375 0.01953125 0.27734375 0.01953125 0.3769553578125 0.0761741078125 0.3769553578125 0.0761741078125 0.27734375
4 0.48242410781249995 0.38671875 0.40039285781249995 0.38671875 0.40039285781249995 0.4609375 0.48242410781249995 0.4609375 0.48242410781249995 0.38671875
4 0.88671875 0.3300803578125 0.8613303578125 0.3300803578125 0.8613303578125 0.359375 0.88671875 0.359375 0.88671875 0.3300803578125
4 0.34765625 0.49804910781249995 0.2109375 0.49804910781249995 0.2109375 0.5957053578125 0.34765625 0.5957053578125 0.34765625 0.49804910781249995
4 0.1503928578125 0.38671875 0.08984375 0.38671875 0.08984375 0.44726785781249995 0.1503928578125 0.44726785781249995 0.1503928578125 0.38671875
4 0.0703125 0.29296875 0.02734375 0.29296875 0.02734375 0.3574241078125 0.0703125 0.3574241078125 0.0703125 0.29296875
3 0.69140625 0.1503928578125 0.66015625 0.1503928578125 0.66015625 0.1875 0.69140625 0.1875 0.69140625 0.1503928578125
3 0.7871116078125 0.1015625 0.7636741078125 0.1015625 0.7636741078125 0.1230491078125 0.7871116078125 0.1230491078125 0.7871116078125 0.1015625
3 0.8105491078125 0.0390625 0.7871116078125 0.0390625 0.7871116078125 0.0644553578125 0.8105491078125 0.0644553578125 0.8105491078125 0.0390625