8 0.3046875 0.2578125 0.26171875 0.2578125 0.26171875 0.3261741078125 0.3046875 0.3261741078125 0.3046875 0.2578125
8 0.1152366078125 0.49609375 0.0625 0.49609375 0.0625 0.5527366078125 0.1152366078125 0.5527366078125 0.1152366078125 0.49609375
8 0.0488303578125 0.6386741078125 0.0214866078125 0.6386741078125 0.0214866078125 0.6894553578125 0.0488303578125 0.6894553578125 0.0488303578125 0.6386741078125
8 0.9042991078125 0.8066428578125 0.8496116078125 0.8066428578125 0.8496116078125 0.8613303578125 0.9042991078125 0.8613303578125 0.9042991078125 0.8066428578125
4 0.1621116078125 0.2207053578125 0.046875 0.2207053578125 0.046875 0.45117410781249995 0.1621116078125 0.45117410781249995 0.1621116078125 0.2207053578125
4 0.5332053578125 0.0078125 0.3691428578125 0.0078125 0.3691428578125 0.1542991078125 0.5332053578125 0.1542991078125 0.5332053578125 0.0078125
4 0.8046875 0.44921875 0.62109375 0.44921875 0.62109375 0.5800803578125 0.8046875 0.5800803578125 0.8046875 0.44921875
4 0.9941428578125 0.44336160781249995 0.9511741078125 0.44336160781249995 0.9511741078125 0.58203125 0.9941428578125 0.58203125 0.9941428578125 0.44336160781249995
4 0.2519553578125 0.47265625 0.1972678578125 0.47265625 0.1972678578125 0.55859375 0.2519553578125 0.55859375 0.2519553578125 0.47265625
4 0.0566428578125 0.52734375 0.00390625 0.52734375 0.00390625 0.7207053578125 0.0566428578125 0.7207053578125 0.0566428578125 0.52734375
4 0.04296875 0.7832053578125 0.0058616078125 0.7832053578125 0.0058616078125 0.8691428578125 0.04296875 0.8691428578125 0.04296875 0.7832053578125
5 0.9433616078125 0.2792991078125 0.4453125 0.2792991078125 0.4453125 0.8984375 0.9433616078125 0.8984375 0.9433616078125 0.2792991078125
4 0.6933616078125 0.1621116078125 0.6386741078125 0.1621116078125 0.6386741078125 0.36328125 0.6933616078125 0.36328125 0.6933616078125 0.1621116078125
4 0.49414285781249995 0.33984375 0.43359375 0.33984375 0.43359375 0.5332053578125 0.49414285781249995 0.5332053578125 0.49414285781249995 0.33984375
4 0.48242410781249995 0.5449241078125 0.27734375 0.5449241078125 0.27734375 0.7636741078125 0.48242410781249995 0.7636741078125 0.48242410781249995 0.5449241078125
4 0.7441428578125 0.64453125 0.640625 0.64453125 0.640625 0.7128928578125 0.7441428578125 0.7128928578125 0.7441428578125 0.64453125
3 0.3339866078125 0.046875 0.2792991078125 0.046875 0.2792991078125 0.12890625 0.3339866078125 0.12890625 0.3339866078125 0.046875
5 0.2910178578125 0.01171875 0.01171875 0.01171875 0.01171875 0.2714866078125 0.2910178578125 0.2714866078125 0.2910178578125 0.01171875
3 0.3457053578125 0.53125 0.22265625 0.53125 0.22265625 0.625 0.3457053578125 0.625 0.3457053578125 0.53125
4 0.45508035781249995 0.125 0.3730491078125 0.125 0.3730491078125 0.2363303578125 0.45508035781249995 0.2363303578125 0.45508035781249995 0.125
8 0.1230491078125 0.546875 0.1015625 0.546875 0.1015625 0.5761741078125 0.1230491078125 0.5761741078125 0.1230491078125 0.546875
8 0.1582053578125 0.5800803578125 0.1308616078125 0.5800803578125 0.1308616078125 0.60546875 0.1582053578125 0.60546875 0.1582053578125 0.5800803578125
8 0.328125 0.3574241078125 0.2890625 0.3574241078125 0.2890625 0.40625 0.328125 0.40625 0.328125 0.3574241078125
4 0.2441428578125 0.44140625 0.1425803578125 0.44140625 0.1425803578125 0.5390625 0.2441428578125 0.5390625 0.2441428578125 0.44140625
4 0.8222678578125 0.77734375 0.7597678578125 0.77734375 0.7597678578125 0.8203125 0.8222678578125 0.8203125 0.8222678578125 0.77734375
4 0.8964866078125 0.82421875 0.86328125 0.82421875 0.86328125 0.85546875 0.8964866078125 0.85546875 0.8964866078125 0.82421875
4 0.6542991078125 0.90234375 0.5527366078125 0.90234375 0.5527366078125 0.98046875 0.6542991078125 0.98046875 0.6542991078125 0.90234375
4 0.9921875 0.66796875 0.9433616078125 0.66796875 0.9433616078125 0.8261741078125 0.9921875 0.8261741078125 0.9921875 0.66796875
3 0.953125 0.2636741078125 0.75 0.2636741078125 0.75 0.49414285781249995 0.953125 0.49414285781249995 0.953125 0.2636741078125
4 0.9453125 0.31640625 0.9003928578125 0.31640625 0.9003928578125 0.3496116078125 0.9453125 0.3496116078125 0.9453125 0.31640625
4 0.3984375 0.765625 0.3222678578125 0.765625 0.3222678578125 0.8574241078125 0.3984375 0.8574241078125 0.3984375 0.765625
4 0.6171875 0.7910178578125 0.5390625 0.7910178578125 0.5390625 0.8828125 0.6171875 0.8828125 0.6171875 0.7910178578125
4 0.7128928578125 0.7675803578125 0.6640625 0.7675803578125 0.6640625 0.8300803578125 0.7128928578125 0.8300803578125 0.7128928578125 0.7675803578125
4 0.7949241078125 0.8496116078125 0.6972678578125 0.8496116078125 0.6972678578125 0.95703125 0.7949241078125 0.95703125 0.7949241078125 0.8496116078125
4 0.9199241078125 0.8691428578125 0.83203125 0.8691428578125 0.83203125 0.9355491078125 0.9199241078125 0.9355491078125 0.9199241078125 0.8691428578125
4 0.8535178578125 0.2910178578125 0.8203125 0.2910178578125 0.8203125 0.3203125 0.8535178578125 0.3203125 0.8535178578125 0.2910178578125
4 0.81640625 0.3222678578125 0.7871116078125 0.3222678578125 0.7871116078125 0.3574241078125 0.81640625 0.3574241078125 0.81640625 0.3222678578125
3 0.625 0.05859375 0.6015625 0.05859375 0.6015625 0.0878928578125 0.625 0.0878928578125 0.625 0.05859375
3 0.99609375 0.1972678578125 0.9628928578125 0.1972678578125 0.9628928578125 0.23046875 0.99609375 0.23046875 0.99609375 0.1972678578125