3 0.9902366078125 0.2441428578125 0.7890625 0.2441428578125 0.7890625 0.40820535781249995 0.9902366078125 0.40820535781249995 0.9902366078125 0.2441428578125
3 0.73046875 0.5878928578125 0.6582053578125 0.5878928578125 0.6582053578125 0.65625 0.73046875 0.65625 0.73046875 0.5878928578125
3 0.484375 0.1386741078125 0.41992410781249995 0.1386741078125 0.41992410781249995 0.22265625 0.484375 0.22265625 0.484375 0.1386741078125
4 0.421875 0.2890625 0.2597678578125 0.2890625 0.2597678578125 0.44140625 0.421875 0.44140625 0.421875 0.2890625
5 0.64453125 0.2324241078125 0.3203125 0.2324241078125 0.3203125 0.4140625 0.64453125 0.4140625 0.64453125 0.2324241078125
3 0.1542991078125 0.51171875 0.125 0.51171875 0.125 0.546875 0.1542991078125 0.546875 0.1542991078125 0.51171875
3 0.28515625 0.62109375 0.2519553578125 0.62109375 0.2519553578125 0.6699241078125 0.28515625 0.6699241078125 0.28515625 0.62109375
3 0.515625 0.6425803578125 0.49609375 0.6425803578125 0.49609375 0.6621116078125 0.515625 0.6621116078125 0.515625 0.6425803578125
3 0.75 0.8144553578125 0.7050803578125 0.8144553578125 0.7050803578125 0.85546875 0.75 0.85546875 0.75 0.8144553578125
3 0.640625 0.87890625 0.6074241078125 0.87890625 0.6074241078125 0.91015625 0.640625 0.91015625 0.640625 0.87890625
3 0.8925803578125 0.6269553578125 0.859375 0.6269553578125 0.859375 0.66015625 0.8925803578125 0.66015625 0.8925803578125 0.6269553578125
3 0.96484375 0.63671875 0.9316428578125 0.63671875 0.9316428578125 0.69140625 0.96484375 0.69140625 0.96484375 0.63671875
3 0.9980491078125 0.7324241078125 0.96875 0.7324241078125 0.96875 0.7675803578125 0.9980491078125 0.7675803578125 0.9980491078125 0.7324241078125
3 0.9394553578125 0.48828125 0.91796875 0.48828125 0.91796875 0.5097678578125 0.9394553578125 0.5097678578125 0.9394553578125 0.48828125
4 0.9941428578125 0.15234375 0.9707053578125 0.15234375 0.9707053578125 0.1777366078125 0.9941428578125 0.1777366078125 0.9941428578125 0.15234375
4 0 0.8183616078125 0.0097678578125 0.8183616078125 0.0097678578125 0.79296875 0 0.79296875 0 0.8183616078125