8 0.5703125 0.6894553578125 0.5058616078125 0.6894553578125 0.5058616078125 0.7519553578125 0.5703125 0.7519553578125 0.5703125 0.6894553578125
8 0.7890625 0.0175803578125 0.6972678578125 0.0175803578125 0.6972678578125 0.1074241078125 0.7890625 0.1074241078125 0.7890625 0.0175803578125
8 0.40234375 0.41796875 0.359375 0.41796875 0.359375 0.4609375 0.40234375 0.4609375 0.40234375 0.41796875
8 0.38671875 0.08984375 0.3105491078125 0.08984375 0.3105491078125 0.1660178578125 0.38671875 0.1660178578125 0.38671875 0.08984375
4 0.2910178578125 0.828125 0.025392857812500003 0.828125 0.025392857812500003 0.99609375 0.2910178578125 0.99609375 0.2910178578125 0.828125
4 0.125 0.2558616078125 0.06640625 0.2558616078125 0.06640625 0.3222678578125 0.125 0.3222678578125 0.125 0.2558616078125
4 0.984375 0.1230491078125 0.9394553578125 0.1230491078125 0.9394553578125 0.1738303578125 0.984375 0.1738303578125 0.984375 0.1230491078125
4 0.9980491078125 0.2109375 0.9550803578125 0.2109375 0.9550803578125 0.41211160781249995 0.9980491078125 0.41211160781249995 0.9980491078125 0.2109375
4 0.8984375 0.0058616078125 0.859375 0.0058616078125 0.859375 0.1191428578125 0.8984375 0.1191428578125 0.8984375 0.0058616078125
5 0.32421875 0.41992410781249995 0.01171875 0.41992410781249995 0.01171875 0.8378928578125 0.32421875 0.8378928578125 0.32421875 0.41992410781249995
1 0.48046875 0.23046875 0.2285178578125 0.23046875 0.2285178578125 0.47461160781249995 0.48046875 0.47461160781249995 0.48046875 0.23046875
8 0.2753928578125 0.5136741078125 0.2265625 0.5136741078125 0.2265625 0.5566428578125 0.2753928578125 0.5566428578125 0.2753928578125 0.5136741078125
8 0.28515625 0.48242410781249995 0.26953125 0.48242410781249995 0.26953125 0.5019553578125 0.28515625 0.5019553578125 0.28515625 0.48242410781249995
4 0.28515625 0.5097678578125 0.2167991078125 0.5097678578125 0.2167991078125 0.5625 0.28515625 0.5625 0.28515625 0.5097678578125
4 0.7519553578125 0.0214866078125 0.69921875 0.0214866078125 0.69921875 0.1152366078125 0.7519553578125 0.1152366078125 0.7519553578125 0.0214866078125