4 0.9097232140625 0.7838603359375 0.880553571875 0.7838603359375 0.880553571875 0.8151452515625 0.9097232140625 0.8151452515625 0.9097232140625 0.7838603359375
7 0.3125 0.0295474859375 0.066665178125 0.0295474859375 0.066665178125 0.57877095 0.3125 0.57877095 0.3125 0.0295474859375
8 0.3513883921875 0.0677821234375 0.318053571875 0.0677821234375 0.318053571875 0.13904469218749999 0.3513883921875 0.13904469218749999 0.3513883921875 0.0677821234375
8 0.9152767859375001 0.168592178125 0.9027767859375 0.168592178125 0.9027767859375 0.20508938593749998 0.9152767859375001 0.20508938593749998 0.9152767859375001 0.168592178125
8 0.1347232140625 0.8429553078125 0.10694642812499999 0.8429553078125 0.10694642812499999 0.8881452515625 0.1347232140625 0.8881452515625 0.1347232140625 0.8429553078125
8 0.43333482187500005 0.3128491625 0.42361160781249996 0.3128491625 0.42361160781249996 0.39106145312499996 0.43333482187500005 0.39106145312499996 0.43333482187500005 0.3128491625
8 0.4125 0.3145865921875 0.40416517812499997 0.3145865921875 0.40416517812499997 0.39627374375 0.4125 0.39627374375 0.4125 0.3145865921875
8 0.8569464281249999 0.21204469218750002 0.820834821875 0.21204469218750002 0.820834821875 0.28677653593749997 0.8569464281249999 0.28677653593749997 0.8569464281249999 0.21204469218750002
8 0.8361116078125 0.2902569828125 0.8277767859375 0.2902569828125 0.8277767859375 0.30241899375000003 0.8361116078125 0.30241899375000003 0.8361116078125 0.2902569828125
8 0.8333348218750001 0.2885139671875 0.7972232140625 0.2885139671875 0.7972232140625 0.3702067046875 0.8333348218750001 0.3702067046875 0.8333348218750001 0.2885139671875
8 0.794446428125 0.3406592171875 0.768053571875 0.3406592171875 0.768053571875 0.37194413437499996 0.794446428125 0.37194413437499996 0.794446428125 0.3406592171875
8 0.85 0.3702067046875 0.804165178125 0.3702067046875 0.804165178125 0.5214134078125 0.85 0.5214134078125 0.85 0.3702067046875
8 0.9347232140624999 0.2415865921875 0.9138883921875 0.2415865921875 0.9138883921875 0.38411173125000003 0.9347232140624999 0.38411173125000003 0.9347232140624999 0.2415865921875
8 0.925 0.3197988828125 0.8819464281249999 0.3197988828125 0.8819464281249999 0.42234636875 0.925 0.42234636875 0.925 0.3197988828125
8 0.831946428125 0.5457486031250001 0.8125 0.5457486031250001 0.8125 0.601363128125 0.831946428125 0.601363128125 0.831946428125 0.5457486031250001
8 0.8819464281249999 0.46058100625 0.8527767859375001 0.46058100625 0.8527767859375001 0.5214134078125 0.8819464281249999 0.5214134078125 0.8819464281249999 0.46058100625
8 0.8875 0.5857206703125 0.8819464281249999 0.5857206703125 0.8819464281249999 0.618748603125 0.8875 0.618748603125 0.8875 0.5857206703125
8 0.7986116078125 0.6865307265625 0.7777767859375 0.6865307265625 0.7777767859375 0.721290503125 0.7986116078125 0.721290503125 0.7986116078125 0.6865307265625
8 0.931946428125 0.573558659375 0.9027767859375 0.573558659375 0.9027767859375 0.7386703906250001 0.931946428125 0.7386703906250001 0.931946428125 0.573558659375
8 0.9361116078125 0.6256983234375 0.929165178125 0.6256983234375 0.929165178125 0.6813184359375 0.9361116078125 0.6813184359375 0.9361116078125 0.6256983234375
8 0.8569464281249999 0.862072625 0.8305535718750001 0.862072625 0.8305535718750001 0.9003128484375 0.8569464281249999 0.9003128484375 0.8569464281249999 0.862072625
8 0.8541651781249999 0.909 0.8388883921874999 0.909 0.8388883921874999 0.92811731875 0.8541651781249999 0.92811731875 0.8541651781249999 0.909
8 0.8236116078125001 0.914212290625 0.8125 0.914212290625 0.8125 0.94549720625 0.8236116078125001 0.94549720625 0.8236116078125001 0.914212290625
8 0.8013883921874999 0.9003128484375 0.7763883921875 0.9003128484375 0.7763883921875 0.9211675984375001 0.8013883921874999 0.9211675984375001 0.8013883921874999 0.9003128484375
5 0.6472232140624999 0.40844134062500004 0.429165178125 0.40844134062500004 0.429165178125 0.73519553125 0.6472232140624999 0.73519553125 0.6472232140624999 0.40844134062500004