8 0.4862857140625 0.1196648046875 0.443290178125 0.1196648046875 0.443290178125 0.16419553125 0.4862857140625 0.16419553125 0.4862857140625 0.1196648046875
8 0.5722767859375 0.128016759375 0.5011116078125 0.128016759375 0.5011116078125 0.21521229062499997 0.5722767859375 0.21521229062499997 0.5722767859375 0.128016759375
8 0.6419553578125 0.19480446875 0.533727678125 0.19480446875 0.533727678125 0.2810782125 0.6419553578125 0.2810782125 0.6419553578125 0.19480446875
8 0.520383928125 0.20686592187500003 0.483321428125 0.20686592187500003 0.483321428125 0.2838603359375 0.520383928125 0.2838603359375 0.520383928125 0.20686592187500003
8 0.45737500000000003 0.20686592187500003 0.43365625 0.20686592187500003 0.43365625 0.24118994374999997 0.45737500000000003 0.24118994374999997 0.45737500000000003 0.20686592187500003
8 0.4284642859375 0.255100559375 0.39140178593749997 0.255100559375 0.39140178593749997 0.32653072656250004 0.4284642859375 0.32653072656250004 0.4284642859375 0.255100559375
8 0.51075 0.0102067046875 0.447741071875 0.0102067046875 0.447741071875 0.0751396640625 0.51075 0.0751396640625 0.51075 0.0102067046875
8 0.7776116078124999 0 0.7776116078124999 0.08534636875 0.8569330359375 0.08534636875 0.8569330359375 0 0.7776116078124999 0
8 0.8035580359375001 0.0992569828125 0.7694598218750001 0.0992569828125 0.7694598218750001 0.141927375 0.8035580359375001 0.141927375 0.8035580359375001 0.0992569828125
8 0.8176428578125 0.0797765359375 0.7820625 0.0797765359375 0.7820625 0.11131843593749999 0.8176428578125 0.11131843593749999 0.8176428578125 0.0797765359375
8 0.7405491078125 0.0992569828125 0.6834687500000001 0.0992569828125 0.6834687500000001 0.18460335156250002 0.7405491078125 0.18460335156250002 0.7405491078125 0.0992569828125
8 0.2157142859375 0.269016759375 0.176428571875 0.269016759375 0.176428571875 0.3218938546875 0.2157142859375 0.3218938546875 0.2157142859375 0.269016759375
8 0.0437366078125 0.14378770937500002 0.017790178125 0.14378770937500002 0.017790178125 0.18460335156250002 0.0437366078125 0.18460335156250002 0.0437366078125 0.14378770937500002
3 0.942178571875 0.1883128484375 0.3965892859375 0.1883128484375 0.3965892859375 0.35436312812500004 0.942178571875 0.35436312812500004 0.942178571875 0.1883128484375
3 0.5492946421875 0.011134078125 0.3869553578125 0.011134078125 0.3869553578125 0.10389385468750001 0.5492946421875 0.10389385468750001 0.5492946421875 0.011134078125
7 0.9696071421875001 0.6159553078125 0.5277991078125 0.6159553078125 0.5277991078125 0.995363128125 0.9696071421875001 0.995363128125 0.9696071421875001 0.6159553078125
7 0.5745 0.7782960890624999 0.402522321875 0.7782960890624999 0.402522321875 0.9972234640625001 0.5745 0.9972234640625001 0.5745 0.7782960890624999
3 0.2053392859375 0.3367374296875 0.1601205359375 0.3367374296875 0.1601205359375 0.3961061453125 0.2053392859375 0.3961061453125 0.2053392859375 0.3367374296875
8 0.18532142812500002 0.3617821234375 0.17420089218749998 0.3617821234375 0.17420089218749998 0.3729162015625 0.18532142812500002 0.3729162015625 0.18532142812500002 0.3617821234375
8 0.1697544640625 0.3840446921875 0.16382589218750002 0.3840446921875 0.16382589218750002 0.3923966484375 0.1697544640625 0.3923966484375 0.1697544640625 0.3840446921875
8 0.1964419640625 0.33951955312500004 0.1860625 0.33951955312500004 0.1860625 0.347865921875 0.1964419640625 0.347865921875 0.1964419640625 0.33951955312500004
8 0.19051339218750002 0.499072625 0.17420089218749998 0.499072625 0.17420089218749998 0.5194804468750001 0.19051339218750002 0.5194804468750001 0.19051339218750002 0.499072625
3 0.5492946421875 0.5296871515625 0.466272321875 0.5296871515625 0.466272321875 0.5825642453125 0.5492946421875 0.5825642453125 0.5492946421875 0.5296871515625
3 0.9977767859375 0.2365474859375 0.9688660718750001 0.2365474859375 0.9688660718750001 0.27458100625 0.9977767859375 0.27458100625 0.9977767859375 0.2365474859375