3 0.7558616078125 0.5859375 0.6699241078125 0.5859375 0.6699241078125 0.69921875 0.7558616078125 0.69921875 0.7558616078125 0.5859375
3 0.5058616078125 0.5078125 0.42773660781249995 0.5078125 0.42773660781249995 0.58203125 0.5058616078125 0.58203125 0.5058616078125 0.5078125
3 0.5332053578125 0.7441428578125 0.43554910781249995 0.7441428578125 0.43554910781249995 0.8144553578125 0.5332053578125 0.8144553578125 0.5332053578125 0.7441428578125
3 0.50390625 0.8828125 0.42383035781249995 0.8828125 0.42383035781249995 0.9433616078125 0.50390625 0.9433616078125 0.50390625 0.8828125
3 0.1640625 0.76953125 0.08203125 0.76953125 0.08203125 0.8457053578125 0.1640625 0.8457053578125 0.1640625 0.76953125
3 0.73828125 0.79296875 0.6855491078125 0.79296875 0.6855491078125 0.83984375 0.73828125 0.83984375 0.73828125 0.79296875
3 0.5605491078125 0.1582053578125 0.5019553578125 0.1582053578125 0.5019553578125 0.2265625 0.5605491078125 0.2265625 0.5605491078125 0.1582053578125
3 0.62109375 0.2285178578125 0.578125 0.2285178578125 0.578125 0.27734375 0.62109375 0.27734375 0.62109375 0.2285178578125
3 0.53125 0.3847678578125 0.4765625 0.3847678578125 0.4765625 0.44726785781249995 0.53125 0.44726785781249995 0.53125 0.3847678578125
3 0.40429910781249995 0.7246116078125 0.3183616078125 0.7246116078125 0.3183616078125 0.7714866078125 0.40429910781249995 0.7714866078125 0.40429910781249995 0.7246116078125
3 0.41211160781249995 0.78125 0.3574241078125 0.78125 0.3574241078125 0.828125 0.41211160781249995 0.828125 0.41211160781249995 0.78125
3 0.0800803578125 0.7402366078125 0.015625 0.7402366078125 0.015625 0.8066428578125 0.0800803578125 0.8066428578125 0.0800803578125 0.7402366078125
3 0.27734375 0.9433616078125 0.18359375 0.9433616078125 0.18359375 0.9980491078125 0.27734375 0.9980491078125 0.27734375 0.9433616078125
3 0.4140625 0.53515625 0.3828125 0.53515625 0.3828125 0.5761741078125 0.4140625 0.5761741078125 0.4140625 0.53515625
3 0.2480491078125 0.7441428578125 0.1796875 0.7441428578125 0.1796875 0.7871116078125 0.2480491078125 0.7871116078125 0.2480491078125 0.7441428578125
8 0.43164285781249995 0.5253928578125 0.2167991078125 0.5253928578125 0.2167991078125 0.7363303578125 0.43164285781249995 0.7363303578125 0.43164285781249995 0.5253928578125
8 0.171875 0.5644553578125 0.1191428578125 0.5644553578125 0.1191428578125 0.6464866078125 0.171875 0.6464866078125 0.171875 0.5644553578125
8 0.1777366078125 0.6503928578125 0.02734375 0.6503928578125 0.02734375 0.7363303578125 0.1777366078125 0.7363303578125 0.1777366078125 0.6503928578125
8 0.43164285781249995 0.9121116078125 0.30078125 0.9121116078125 0.30078125 0.99609375 0.43164285781249995 0.99609375 0.43164285781249995 0.9121116078125
8 0.1328125 0.1171875 0.03125 0.1171875 0.03125 0.38671875 0.1328125 0.38671875 0.1328125 0.1171875
8 0.20703125 0.1113303578125 0.15625 0.1113303578125 0.15625 0.2519553578125 0.20703125 0.2519553578125 0.20703125 0.1113303578125
8 0.3261741078125 0.140625 0.22265625 0.140625 0.22265625 0.31640625 0.3261741078125 0.31640625 0.3261741078125 0.140625
8 0.25390625 0.2597678578125 0.1386741078125 0.2597678578125 0.1386741078125 0.45508035781249995 0.25390625 0.45508035781249995 0.25390625 0.2597678578125
8 0.2089866078125 0.0019553578125 0.125 0.0019553578125 0.125 0.0703125 0.2089866078125 0.0703125 0.2089866078125 0.0019553578125
8 0.25 0.02734375 0.2128928578125 0.02734375 0.2128928578125 0.0839866078125 0.25 0.0839866078125 0.25 0.02734375
8 0.41015625 0.025392857812500003 0.2558616078125 0.025392857812500003 0.2558616078125 0.2207053578125 0.41015625 0.2207053578125 0.41015625 0.025392857812500003
8 0.40039285781249995 0.3027366078125 0.3535178578125 0.3027366078125 0.3535178578125 0.34765625 0.40039285781249995 0.34765625 0.40039285781249995 0.3027366078125
8 0.5019553578125 0.1328125 0.44140625 0.1328125 0.44140625 0.19921875 0.5019553578125 0.19921875 0.5019553578125 0.1328125
8 0.47461160781249995 0.0957053578125 0.42773660781249995 0.0957053578125 0.42773660781249995 0.1308616078125 0.47461160781249995 0.1308616078125 0.47461160781249995 0.0957053578125
8 0.43164285781249995 0.0449241078125 0.41015625 0.0449241078125 0.41015625 0.0996116078125 0.43164285781249995 0.0996116078125 0.43164285781249995 0.0449241078125
8 0.47070535781249995 0.0410178578125 0.44336160781249995 0.0410178578125 0.44336160781249995 0.09375 0.47070535781249995 0.09375 0.47070535781249995 0.0410178578125
8 0.828125 0.2832053578125 0.7636741078125 0.2832053578125 0.7636741078125 0.38671875 0.828125 0.38671875 0.828125 0.2832053578125
8 0.8144553578125 0.44140625 0.75 0.44140625 0.75 0.5136741078125 0.8144553578125 0.5136741078125 0.8144553578125 0.44140625
8 0.6191428578125 0 0.6191428578125 0.08984375 0.734375 0.08984375 0.734375 0 0.6191428578125 0
8 0.7988303578125 0.0878928578125 0.6855491078125 0.0878928578125 0.6855491078125 0.2519553578125 0.7988303578125 0.2519553578125 0.7988303578125 0.0878928578125
8 0.8886741078125 0.0410178578125 0.76953125 0.0410178578125 0.76953125 0.2285178578125 0.8886741078125 0.2285178578125 0.8886741078125 0.0410178578125
8 0.8730491078125 0.58203125 0.84375 0.58203125 0.84375 0.6972678578125 0.8730491078125 0.6972678578125 0.8730491078125 0.58203125
8 0.8574241078125 0.67578125 0.8125 0.67578125 0.8125 0.7246116078125 0.8574241078125 0.7246116078125 0.8574241078125 0.67578125
8 0.875 0.7265625 0.8417991078125 0.7265625 0.8417991078125 0.7753928578125 0.875 0.7753928578125 0.875 0.7265625
8 0.9921875 0.765625 0.8847678578125 0.765625 0.8847678578125 0.92578125 0.9921875 0.92578125 0.9921875 0.765625
8 0.9160178578125 0.91015625 0.8417991078125 0.91015625 0.8417991078125 0.9863303578125 0.9160178578125 0.9863303578125 0.9160178578125 0.91015625
8 0.96484375 0.41211160781249995 0.9238303578125 0.41211160781249995 0.9238303578125 0.4609375 0.96484375 0.4609375 0.96484375 0.41211160781249995
8 0.98046875 0.484375 0.921875 0.484375 0.921875 0.63671875 0.98046875 0.63671875 0.98046875 0.484375
8 0.95703125 0.3125 0.9082053578125 0.3125 0.9082053578125 0.390625 0.95703125 0.390625 0.95703125 0.3125
8 0.96484375 0.00390625 0.8613303578125 0.00390625 0.8613303578125 0.1347678578125 0.96484375 0.1347678578125 0.96484375 0.00390625
8 0.5332053578125 0.62890625 0.484375 0.62890625 0.484375 0.72265625 0.5332053578125 0.72265625 0.5332053578125 0.62890625
8 0.40625 0.3769553578125 0.3300803578125 0.3769553578125 0.3300803578125 0.41601785781249995 0.40625 0.41601785781249995 0.40625 0.3769553578125
4 0.9980491078125 0.1015625 0.9394553578125 0.1015625 0.9394553578125 0.1972678578125 0.9980491078125 0.1972678578125 0.9980491078125 0.1015625
4 0.88671875 0.0605491078125 0.78515625 0.0605491078125 0.78515625 0.2246116078125 0.88671875 0.2246116078125 0.88671875 0.0605491078125
4 0.9785178578125 0.484375 0.9355491078125 0.484375 0.9355491078125 0.55859375 0.9785178578125 0.55859375 0.9785178578125 0.484375
4 0.8203125 0.44921875 0.7753928578125 0.44921875 0.7753928578125 0.5 0.8203125 0.5 0.8203125 0.44921875
2 0.98828125 0.7675803578125 0.8925803578125 0.7675803578125 0.8925803578125 0.9277366078125 0.98828125 0.9277366078125 0.98828125 0.7675803578125
3 0.7421875 0.93359375 0.6933616078125 0.93359375 0.6933616078125 0.9707053578125 0.7421875 0.9707053578125 0.7421875 0.93359375
3 0.78125 0.88671875 0.7480491078125 0.88671875 0.7480491078125 0.9277366078125 0.78125 0.9277366078125 0.78125 0.88671875
3 0.2871116078125 0.8183616078125 0.2421875 0.8183616078125 0.2421875 0.8574241078125 0.2871116078125 0.8574241078125 0.2871116078125 0.8183616078125
3 0.3027366078125 0.765625 0.2734375 0.765625 0.2734375 0.8066428578125 0.3027366078125 0.8066428578125 0.3027366078125 0.765625
4 0.9980491078125 0.2421875 0.94140625 0.2421875 0.94140625 0.3828125 0.9980491078125 0.3828125 0.9980491078125 0.2421875
5 0.1464866078125 0.0136741078125 0.0019553578125 0.0136741078125 0.0019553578125 0.6328125 0.1464866078125 0.6328125 0.1464866078125 0.0136741078125