8 0.916022321875 0.8216428578125001 0.8046294640625 0.8216428578125001 0.8046294640625 0.9283877546875001 0.916022321875 0.9283877546875001 0.916022321875 0.8216428578125001
8 0.976008928125 0.07932653125 0.742928571875 0.07932653125 0.742928571875 0.44558673437499996 0.976008928125 0.44558673437499996 0.976008928125 0.07932653125
4 0.74121875 0.1527704078125 0.0025714281249999997 0.1527704078125 0.0025714281249999997 0.80107653125 0.74121875 0.80107653125 0.74121875 0.1527704078125
8 0.44729910781250004 0.64732653125 0.37703571406249997 0.64732653125 0.37703571406249997 0.7384030609375001 0.44729910781250004 0.7384030609375001 0.44729910781250004 0.64732653125
4 0.20565625 0.014688775000000001 0.13710267812500002 0.014688775000000001 0.13710267812500002 0.0665918375 0.20565625 0.0665918375 0.20565625 0.014688775000000001
4 0.3778928578125 0.009790815625000001 0.3290491078125 0.009790815625000001 0.3290491078125 0.045045918750000004 0.3778928578125 0.045045918750000004 0.3778928578125 0.009790815625000001
8 0.13710267812500002 0.125352040625 0.0068571421875 0.125352040625 0.0068571421875 0.22426020468750002 0.13710267812500002 0.22426020468750002 0.13710267812500002 0.125352040625
8 0.36246875 0.24776530624999998 0.3453303578125 0.24776530624999998 0.3453303578125 0.264413265625 0.36246875 0.264413265625 0.36246875 0.24776530624999998
8 0.3410446421875 0.25854081562500003 0.2879196421875 0.25854081562500003 0.2879196421875 0.328071428125 0.3410446421875 0.328071428125 0.3410446421875 0.25854081562500003
8 0.510709821875 0.566040815625 0.48843303593750004 0.566040815625 0.48843303593750004 0.5787755109375 0.510709821875 0.5787755109375 0.510709821875 0.566040815625
8 0.564696428125 0.566040815625 0.5235624999999999 0.566040815625 0.5235624999999999 0.772678571875 0.564696428125 0.772678571875 0.564696428125 0.566040815625
8 0.44130357187499997 0.6796428578125 0.40702678593749997 0.6796428578125 0.40702678593749997 0.723709184375 0.44130357187499997 0.723709184375 0.44130357187499997 0.6796428578125
8 0.307625 0.1606071421875 0.2990580359375 0.1606071421875 0.2990580359375 0.168443878125 0.307625 0.168443878125 0.307625 0.1606071421875
8 0.44815625 0.36919897968750004 0.42759375000000005 0.36919897968750004 0.42759375000000005 0.39270408125 0.44815625 0.39270408125 0.44815625 0.36919897968750004
8 0.435303571875 0.35940816249999996 0.0068571421875 0.35940816249999996 0.0068571421875 0.5376428578125 0.435303571875 0.5376428578125 0.435303571875 0.35940816249999996
8 0.19965625 0.5356836734375 0.121678571875 0.5356836734375 0.121678571875 0.6150102046875 0.19965625 0.6150102046875 0.19965625 0.5356836734375
8 0.2810625 0.5797551015625 0.22450892812499998 0.5797551015625 0.22450892812499998 0.64732653125 0.2810625 0.64732653125 0.2810625 0.5797551015625
8 0.353040178125 0.6267602046875 0.2904866078125 0.6267602046875 0.2904866078125 0.6698469390625 0.353040178125 0.6698469390625 0.353040178125 0.6267602046875
8 0.3667544640625 0.5875867343750001 0.3513303578125 0.5875867343750001 0.3513303578125 0.609132653125 0.3667544640625 0.609132653125 0.3667544640625 0.5875867343750001
4 0.2262232140625 0.67082653125 0.20051339218750003 0.67082653125 0.20051339218750003 0.7060816328125 0.2262232140625 0.7060816328125 0.2262232140625 0.67082653125
4 0.2956294640625 0.045045918750000004 0.251071428125 0.045045918750000004 0.251071428125 0.11849489843750001 0.2956294640625 0.11849489843750001 0.2956294640625 0.045045918750000004
4 0.37875000000000003 0.044071428125 0.313625 0.044071428125 0.313625 0.206632653125 0.37875000000000003 0.206632653125 0.37875000000000003 0.044071428125
4 0.5467008921875001 0.0127295921875 0.48671875 0.0127295921875 0.48671875 0.0665918375 0.5467008921875001 0.0665918375 0.5467008921875001 0.0127295921875
4 0.7275044640624999 0.036234693750000005 0.6683794640625 0.036234693750000005 0.6683794640625 0.0930357140625 0.7275044640624999 0.0930357140625 0.7275044640624999 0.036234693750000005
4 0.5998303578125 0.197821428125 0.38560267812500004 0.197821428125 0.38560267812500004 0.279102040625 0.5998303578125 0.279102040625 0.5998303578125 0.197821428125
4 0.41045535781250003 0.1850918375 0.38303125 0.1850918375 0.38303125 0.209571428125 0.41045535781250003 0.209571428125 0.41045535781250003 0.1850918375
8 0.1842321421875 0.1968418375 0.1610982140625 0.1968418375 0.1610982140625 0.23699489843750002 0.1842321421875 0.23699489843750002 0.1842321421875 0.1968418375
8 0.065125 0.551352040625 0.040272321875 0.551352040625 0.040272321875 0.568 0.065125 0.568 0.065125 0.551352040625