3 0.41796875 0.55078125 0.2246116078125 0.55078125 0.2246116078125 0.7734375 0.41796875 0.7734375 0.41796875 0.55078125
3 0.90625 0.5625 0.80078125 0.5625 0.80078125 0.8066428578125 0.90625 0.8066428578125 0.90625 0.5625
3 0.609375 0.8730491078125 0.47461160781249995 0.8730491078125 0.47461160781249995 0.95703125 0.609375 0.95703125 0.609375 0.8730491078125
8 0.2578125 0.265625 0.0957053578125 0.265625 0.0957053578125 0.3574241078125 0.2578125 0.3574241078125 0.2578125 0.265625
8 0.99609375 0.1953125 0.984375 0.1953125 0.984375 0.22265625 0.99609375 0.22265625 0.99609375 0.1953125
8 0.8613303578125 0.6308616078125 0.8183616078125 0.6308616078125 0.8183616078125 0.77734375 0.8613303578125 0.77734375 0.8613303578125 0.6308616078125
8 0 0.83203125 0.0800803578125 0.83203125 0.0800803578125 0.7578125 0 0.7578125 0 0.83203125
8 0.1425803578125 0.9003928578125 0.078125 0.9003928578125 0.078125 0.9863303578125 0.1425803578125 0.9863303578125 0.1425803578125 0.9003928578125
8 0.40625 0.1308616078125 0.35546875 0.1308616078125 0.35546875 0.1875 0.40625 0.1875 0.40625 0.1308616078125
8 0.0878928578125 0 0.0878928578125 0.0644553578125 0.1542991078125 0.0644553578125 0.1542991078125 0 0.0878928578125 0
8 0 0.1738303578125 0.0136741078125 0.1738303578125 0.0136741078125 0.12890625 0 0.12890625 0 0.1738303578125
8 0.5371116078125 0.33984375 0.5058616078125 0.33984375 0.5058616078125 0.3691428578125 0.5371116078125 0.3691428578125 0.5371116078125 0.33984375
8 0.7578125 0.3144553578125 0.73828125 0.3144553578125 0.73828125 0.37109375 0.7578125 0.37109375 0.7578125 0.3144553578125
8 0.40039285781249995 0.57421875 0.2363303578125 0.57421875 0.2363303578125 0.7246116078125 0.40039285781249995 0.7246116078125 0.40039285781249995 0.57421875