8 0.2660758921875 0.3573453609375 0.22427678593749997 0.3573453609375 0.22427678593749997 0.45294329843750003 0.2660758921875 0.45294329843750003 0.2660758921875 0.3573453609375
4 0.19614285781250002 0.037128865625 0.144696428125 0.037128865625 0.144696428125 0.14386597968749998 0.19614285781250002 0.14386597968749998 0.19614285781250002 0.037128865625
4 0.279741071875 0.23946907187500002 0.2459821421875 0.23946907187500002 0.2459821421875 0.2719536078125 0.279741071875 0.2719536078125 0.279741071875 0.23946907187500002
4 0.961415178125 0.04084020625 0.71221875 0.04084020625 0.71221875 0.27288144375 0.961415178125 0.27288144375 0.961415178125 0.04084020625
4 0.5225089281249999 0.003711340625 0.416397321875 0.003711340625 0.416397321875 0.2209020625 0.5225089281249999 0.2209020625 0.5225089281249999 0.003711340625
8 0.14550000000000002 0.7629536078125 0.1197767859375 0.7629536078125 0.1197767859375 0.7972938140625 0.14550000000000002 0.7972938140625 0.14550000000000002 0.7629536078125
8 0.1567544640625 0.8010051546874999 0.13022321406249998 0.8010051546874999 0.13022321406249998 0.8344226796875001 0.1567544640625 0.8344226796875001 0.1567544640625 0.8010051546874999
8 0.0168794640625 0.7787319593750001 0.0032142859375 0.7787319593750001 0.0032142859375 0.824211340625 0.0168794640625 0.824211340625 0.0168794640625 0.7787319593750001
8 0.046625 0.8446340203125 0.014468749999999999 0.8446340203125 0.014468749999999999 0.8789742265625 0.046625 0.8789742265625 0.046625 0.8446340203125
8 0.1045 0.8037938140625001 0.0578794640625 0.8037938140625001 0.0578794640625 0.84556185625 0.1045 0.84556185625 0.1045 0.8037938140625001
8 0.089227678125 0.7666649484375 0.0683258921875 0.7666649484375 0.0683258921875 0.7917268046875 0.089227678125 0.7917268046875 0.089227678125 0.7666649484375
4 0.98553125 0.9578659796875 0.9654330359375001 0.9578659796875 0.9654330359375001 0.982 0.98553125 0.982 0.98553125 0.9578659796875
2 0.9059464281249999 0.0436237109375 0.008843750000000001 0.0436237109375 0.008843750000000001 0.6200154640625 0.9059464281249999 0.6200154640625 0.9059464281249999 0.0436237109375