4 0.46289285781249995 0.515625 0.42578125 0.515625 0.42578125 0.5605491078125 0.46289285781249995 0.5605491078125 0.46289285781249995 0.515625
8 0.40234375 0.87109375 0.328125 0.87109375 0.328125 0.9277366078125 0.40234375 0.9277366078125 0.40234375 0.87109375
5 0.5214866078125 0.3515625 0.13671875 0.3515625 0.13671875 0.76171875 0.5214866078125 0.76171875 0.5214866078125 0.3515625
5 0.20703125 0.0078125 0.01171875 0.0078125 0.01171875 0.18359375 0.20703125 0.18359375 0.20703125 0.0078125
1 0.9160178578125 0.86328125 0.76953125 0.86328125 0.76953125 0.96484375 0.9160178578125 0.96484375 0.9160178578125 0.86328125
1 0.2734375 0.49023660781249995 0.01171875 0.49023660781249995 0.01171875 0.9785178578125 0.2734375 0.9785178578125 0.2734375 0.49023660781249995
1 0.7558616078125 0.3125 0.578125 0.3125 0.578125 0.8535178578125 0.7558616078125 0.8535178578125 0.7558616078125 0.3125
8 0.43359375 0.9511741078125 0.3886741078125 0.9511741078125 0.3886741078125 0.984375 0.43359375 0.984375 0.43359375 0.9511741078125
8 0.51171875 0.9316428578125 0.45117410781249995 0.9316428578125 0.45117410781249995 0.99609375 0.51171875 0.99609375 0.51171875 0.9316428578125
2 0.98828125 0.00390625 0.0058616078125 0.00390625 0.0058616078125 0.9941428578125 0.98828125 0.9941428578125 0.98828125 0.00390625
4 0.046875 0.30859375 0.0058616078125 0.30859375 0.0058616078125 0.3574241078125 0.046875 0.3574241078125 0.046875 0.30859375
4 0.3691428578125 0.875 0.3378928578125 0.875 0.3378928578125 0.921875 0.3691428578125 0.921875 0.3691428578125 0.875
4 0.4296875 0.95703125 0.40234375 0.95703125 0.40234375 0.98046875 0.4296875 0.98046875 0.4296875 0.95703125
4 0.5058616078125 0.9296875 0.46484375 0.9296875 0.46484375 0.984375 0.5058616078125 0.984375 0.5058616078125 0.9296875