1 0.5599999999999999 0.42083798906250003 0.2962946421875 0.42083798906250003 0.2962946421875 0.5895474859375 0.5599999999999999 0.5895474859375 0.5599999999999999 0.42083798906250003
1 0.48 0.65072625625 0.293334821875 0.65072625625 0.293334821875 0.930670390625 0.48 0.930670390625 0.48 0.65072625625
8 0.3911116078125 0.2669664796875 0.331852678125 0.2669664796875 0.331852678125 0.32072625625 0.3911116078125 0.32072625625 0.3911116078125 0.2669664796875
8 0.35259375 0.4023016765625 0.331852678125 0.4023016765625 0.331852678125 0.42269273749999997 0.35259375 0.42269273749999997 0.35259375 0.4023016765625
8 0.4251830359375 0.409715084375 0.411852678125 0.409715084375 0.411852678125 0.42269273749999997 0.4251830359375 0.42269273749999997 0.4251830359375 0.409715084375
8 0.4340758921875 0.435670390625 0.419258928125 0.435670390625 0.419258928125 0.45050279375 0.4340758921875 0.45050279375 0.4340758921875 0.435670390625
8 0.46074107187499996 0.3003351953125 0.43259375 0.3003351953125 0.43259375 0.31331284843749996 0.46074107187499996 0.31331284843749996 0.46074107187499996 0.3003351953125
8 0.500741071875 0.0055642453125 0.4814821421875 0.0055642453125 0.4814821421875 0.022245809375 0.500741071875 0.022245809375 0.500741071875 0.0055642453125
8 0.5496294640625 0.022245809375 0.540741071875 0.022245809375 0.540741071875 0.031513967187500005 0.5496294640625 0.031513967187500005 0.5496294640625 0.022245809375
8 0.5570357140625 0.0370782125 0.5481473218749999 0.0370782125 0.5481473218749999 0.04634636875 0.5570357140625 0.04634636875 0.5570357140625 0.0370782125
8 0.67259375 0.3040446921875 0.6592589281250001 0.3040446921875 0.6592589281250001 0.32258100624999997 0.67259375 0.32258100624999997 0.67259375 0.3040446921875
8 0.6829642859375 0.3503910609375 0.6696294640625 0.3503910609375 0.6696294640625 0.3744916203125 0.6829642859375 0.3744916203125 0.6829642859375 0.3503910609375
8 0.7629642859375 0.21691061406249998 0.7140758921875 0.21691061406249998 0.7140758921875 0.279944134375 0.7629642859375 0.279944134375 0.7629642859375 0.21691061406249998
8 0.731852678125 0.3466815640625 0.7111116078124999 0.3466815640625 0.7111116078124999 0.381905028125 0.731852678125 0.381905028125 0.731852678125 0.3466815640625
8 0.491852678125 0.31145809999999996 0.4770357140625 0.31145809999999996 0.4770357140625 0.32814525156249996 0.491852678125 0.32814525156249996 0.491852678125 0.31145809999999996
8 0.5111116078125 0.352245809375 0.49777678593749997 0.352245809375 0.49777678593749997 0.3670782125 0.5111116078125 0.3670782125 0.5111116078125 0.352245809375
8 0.5585178578125001 0.5506145250000001 0.5481473218749999 0.5506145250000001 0.5481473218749999 0.57842458125 0.5585178578125001 0.57842458125 0.5585178578125001 0.5506145250000001
8 0.6622232140625 0.5153910609375 0.6177767859375 0.5153910609375 0.6177767859375 0.532072625 0.6622232140625 0.532072625 0.6622232140625 0.5153910609375
8 0.6340758921874999 0.6080837984375 0.6177767859375 0.6080837984375 0.6177767859375 0.6303351953125 0.6340758921874999 0.6303351953125 0.6340758921874999 0.6080837984375
8 0.67259375 0.5988156421874999 0.6429642859375 0.5988156421874999 0.6429642859375 0.6155027937499999 0.67259375 0.6155027937499999 0.67259375 0.5988156421874999
8 0.5688883921875 0.628480446875 0.5481473218749999 0.628480446875 0.5481473218749999 0.647016759375 0.5688883921875 0.647016759375 0.5688883921875 0.628480446875
8 0.5140758921875 0.730446928125 0.48740625 0.730446928125 0.48740625 0.748983240625 0.5140758921875 0.748983240625 0.5140758921875 0.730446928125
8 0.306665178125 0.715614525 0.2962946421875 0.715614525 0.2962946421875 0.7415698328125 0.306665178125 0.7415698328125 0.306665178125 0.715614525
8 0.3896294640625 0.70819553125 0.380741071875 0.70819553125 0.380741071875 0.715614525 0.3896294640625 0.715614525 0.3896294640625 0.70819553125
8 0.40888839218750006 0.728592178125 0.3940758921875 0.728592178125 0.3940758921875 0.7378603359375 0.40888839218750006 0.7378603359375 0.40888839218750006 0.728592178125
8 0.3303705359375 0.7842067046875 0.32 0.7842067046875 0.32 0.7934804468750001 0.3303705359375 0.7934804468750001 0.3303705359375 0.7842067046875
8 0.3748169640625 0.8898826812499999 0.340741071875 0.8898826812499999 0.340741071875 0.9028603359374999 0.3748169640625 0.9028603359374999 0.3748169640625 0.8898826812499999
8 0.3377767859375 0.9176927375 0.3214821421875 0.9176927375 0.3214821421875 0.9288156421875 0.3377767859375 0.9288156421875 0.3377767859375 0.9176927375
8 0.3540758921875 0.923251396875 0.3437053578125 0.923251396875 0.3437053578125 0.9325195531249999 0.3540758921875 0.9325195531249999 0.3540758921875 0.923251396875
8 0.3896294640625 0.9380837984375001 0.37777678593749997 0.9380837984375001 0.37777678593749997 0.9436480453125 0.3896294640625 0.9436480453125 0.3896294640625 0.9380837984375001
8 0.41333482187500004 0.9417932953125 0.4059241078125 0.9417932953125 0.4059241078125 0.9492067046875 0.41333482187500004 0.9492067046875 0.41333482187500004 0.9417932953125
8 0.44000000000000006 0.8231396640625 0.42222321406249996 0.8231396640625 0.42222321406249996 0.8435363125 0.44000000000000006 0.8435363125 0.44000000000000006 0.8231396640625
8 0.4414821421875 0.886173184375 0.4059241078125 0.886173184375 0.4059241078125 0.90841899375 0.4414821421875 0.90841899375 0.4414821421875 0.886173184375
8 0.45777678593750004 0.832407821875 0.444446428125 0.832407821875 0.444446428125 0.8453854749999999 0.45777678593750004 0.8453854749999999 0.45777678593750004 0.832407821875
8 0.33925892812499997 0.24656983281249997 0.32740625 0.24656983281249997 0.32740625 0.255843575 0.33925892812499997 0.255843575 0.33925892812499997 0.24656983281249997
8 0.066665178125 0.647016759375 0.05333482187500001 0.647016759375 0.05333482187500001 0.6581396640625 0.066665178125 0.6581396640625 0.066665178125 0.647016759375
4 0.9970357140624999 0.9584748609375 0.9777767859375001 0.9584748609375 0.9777767859375001 0.98072625625 0.9970357140624999 0.98072625625 0.9970357140624999 0.9584748609375
4 0.0429642859375 0.8972960890625 0.0044464281250000005 0.8972960890625 0.0044464281250000005 0.9881396640625001 0.0429642859375 0.9881396640625001 0.0429642859375 0.8972960890625