1 0.505790178125 0.313 0.200772321875 0.313 0.200772321875 0.7166 0.505790178125 0.7166 0.505790178125 0.313
4 1 0.0247095234375 0.092665178125 0.0247095234375 0.092665178125 0.20591904687499998 1 0.20591904687499998 1 0.0247095234375
4 0.760616071875 0.2718142859375 0.06949999999999999 0.2718142859375 0.06949999999999999 0.6012857140625 0.760616071875 0.6012857140625 0.760616071875 0.2718142859375
4 0.3976830359375 0.8278000000000001 0.3204642859375 0.8278000000000001 0.3204642859375 0.9184047625 0.3976830359375 0.9184047625 0.3976830359375 0.8278000000000001
4 0.8571428578125 0.1359095234375 0.6640937499999999 0.1359095234375 0.6640937499999999 0.5353904765624999 0.8571428578125 0.5353904765624999 0.8571428578125 0.1359095234375
4 0.5637053578125 0.7619047625 0.5212366078125 0.7619047625 0.5212366078125 0.79485238125 0.5637053578125 0.79485238125 0.5637053578125 0.7619047625
7 0.1776071421875 0.1647380953125 0.0424732140625 0.1647380953125 0.0424732140625 0.2718142859375 0.1776071421875 0.2718142859375 0.1776071421875 0.1647380953125
4 0.277991071875 0.8978142859375 0.0386116078125 0.8978142859375 0.0386116078125 0.9307571421875 0.277991071875 0.9307571421875 0.277991071875 0.8978142859375
4 0.9652499999999999 0.831919046875 0.864866071875 0.831919046875 0.864866071875 0.8978142859375 0.9652499999999999 0.8978142859375 0.9652499999999999 0.831919046875
6 0.7258705359375 0.7083666671875 0.552125 0.7083666671875 0.552125 0.99665238125 0.7258705359375 0.99665238125 0.7258705359375 0.7083666671875
8 0.722008928125 0.35418095312500003 0.7065625 0.35418095312500003 0.7065625 0.3788952375 0.722008928125 0.3788952375 0.722008928125 0.35418095312500003
8 0.7374508921875 0.39124761874999997 0.6949821421875 0.39124761874999997 0.6949821421875 0.48185238124999996 0.7374508921875 0.48185238124999996 0.7374508921875 0.39124761874999997
8 0.7374508921875 0.43655238125 0.7258705359375 0.43655238125 0.7258705359375 0.46538095312500005 0.7374508921875 0.46538095312500005 0.7374508921875 0.43655238125
8 0.5482633921875 0.5353904765624999 0.5135133921875 0.5353904765624999 0.5135133921875 0.576576190625 0.5482633921875 0.576576190625 0.5482633921875 0.5353904765624999
8 0.5096517859375 0.564219046875 0.4710446421875 0.564219046875 0.4710446421875 0.5848142859375 0.5096517859375 0.5848142859375 0.5096517859375 0.564219046875
8 0.1891875 0.46950000000000003 0.18146875 0.46950000000000003 0.18146875 0.47773333281249997 0.1891875 0.47773333281249997 0.1891875 0.46950000000000003
8 0.389959821875 0.3788952375 0.32432589218749996 0.3788952375 0.32432589218749996 0.44067142812500004 0.389959821875 0.44067142812500004 0.389959821875 0.3788952375
8 0.3667946421875 0.48597142812499994 0.3552142859375 0.48597142812499994 0.3552142859375 0.4942095234375 0.3667946421875 0.4942095234375 0.3667946421875 0.48597142812499994
8 0.382241071875 0.50244761875 0.33204464218749996 0.50244761875 0.33204464218749996 0.5353904765624999 0.382241071875 0.5353904765624999 0.382241071875 0.50244761875
5 0.22393749999999998 0.3335904765625 0.054053571875 0.3335904765625 0.054053571875 0.8854571421875 0.22393749999999998 0.8854571421875 0.22393749999999998 0.3335904765625