3 0.9941428578125 0.01953125 0.7832053578125 0.01953125 0.7832053578125 0.30078125 0.9941428578125 0.30078125 0.9941428578125 0.01953125
3 0.87109375 0.21875 0.6464866078125 0.21875 0.6464866078125 0.42773660781249995 0.87109375 0.42773660781249995 0.87109375 0.21875
3 0.99609375 0.3847678578125 0.8886741078125 0.3847678578125 0.8886741078125 0.484375 0.99609375 0.484375 0.99609375 0.3847678578125
3 0.84765625 0.80078125 0.7988303578125 0.80078125 0.7988303578125 0.859375 0.84765625 0.859375 0.84765625 0.80078125
3 0.41796875 0.8925803578125 0.3691428578125 0.8925803578125 0.3691428578125 0.9394553578125 0.41796875 0.9394553578125 0.41796875 0.8925803578125
3 0.34765625 0.9453125 0.30078125 0.9453125 0.30078125 0.9863303578125 0.34765625 0.9863303578125 0.34765625 0.9453125
3 0.66796875 0.8652366078125 0.6171875 0.8652366078125 0.6171875 0.8984375 0.66796875 0.8984375 0.66796875 0.8652366078125
3 0.60546875 0.6933616078125 0.5625 0.6933616078125 0.5625 0.7324241078125 0.60546875 0.7324241078125 0.60546875 0.6933616078125
3 0.7050803578125 0.5917991078125 0.6660178578125 0.5917991078125 0.6660178578125 0.6386741078125 0.7050803578125 0.6386741078125 0.7050803578125 0.5917991078125
3 0.9355491078125 0.6113303578125 0.8984375 0.6113303578125 0.8984375 0.65625 0.9355491078125 0.65625 0.9355491078125 0.6113303578125
3 0.9765625 0.70703125 0.9296875 0.70703125 0.9296875 0.76171875 0.9765625 0.76171875 0.9765625 0.70703125
3 0.8027366078125 0.6796875 0.7519553578125 0.6796875 0.7519553578125 0.71875 0.8027366078125 0.71875 0.8027366078125 0.6796875
3 0.71875 0.6972678578125 0.6816428578125 0.6972678578125 0.6816428578125 0.73828125 0.71875 0.73828125 0.71875 0.6972678578125
3 0.7285178578125 0.6113303578125 0.6894553578125 0.6113303578125 0.6894553578125 0.6582053578125 0.7285178578125 0.6582053578125 0.7285178578125 0.6113303578125
3 0.8359375 0.734375 0.78515625 0.734375 0.78515625 0.7871116078125 0.8359375 0.7871116078125 0.8359375 0.734375
3 0.859375 0.87109375 0.8105491078125 0.87109375 0.8105491078125 0.921875 0.859375 0.921875 0.859375 0.87109375
3 0.3300803578125 0.75390625 0.296875 0.75390625 0.296875 0.8066428578125 0.3300803578125 0.8066428578125 0.3300803578125 0.75390625
3 0.1152366078125 0.5605491078125 0.0214866078125 0.5605491078125 0.0214866078125 0.6113303578125 0.1152366078125 0.6113303578125 0.1152366078125 0.5605491078125
5 0.5761741078125 0.29296875 0.35546875 0.29296875 0.35546875 0.4375 0.5761741078125 0.4375 0.5761741078125 0.29296875
3 0.59765625 0.7890625 0.5488303578125 0.7890625 0.5488303578125 0.8300803578125 0.59765625 0.8300803578125 0.59765625 0.7890625
3 0.5546875 0.7421875 0.5292991078125 0.7421875 0.5292991078125 0.76953125 0.5546875 0.76953125 0.5546875 0.7421875
3 0.67578125 0.9140625 0.6464866078125 0.9140625 0.6464866078125 0.94140625 0.67578125 0.94140625 0.67578125 0.9140625
3 0.9140625 0.8828125 0.88671875 0.8828125 0.88671875 0.90234375 0.9140625 0.90234375 0.9140625 0.8828125
4 0.9375 0.1308616078125 0.84765625 0.1308616078125 0.84765625 0.2558616078125 0.9375 0.2558616078125 0.9375 0.1308616078125
4 0.96875 0.1191428578125 0.94921875 0.1191428578125 0.94921875 0.1484375 0.96875 0.1484375 0.96875 0.1191428578125
4 0.9921875 0.14453125 0.9746116078125 0.14453125 0.9746116078125 0.17578125 0.9921875 0.17578125 0.9921875 0.14453125
3 0.62890625 0.12109375 0.59375 0.12109375 0.59375 0.1542991078125 0.62890625 0.1542991078125 0.62890625 0.12109375