3 0.9199241078125 0.7734375 0.765625 0.7734375 0.765625 0.9589866078125 0.9199241078125 0.9589866078125 0.9199241078125 0.7734375
3 0.73046875 0.5722678578125 0.6894553578125 0.5722678578125 0.6894553578125 0.6113303578125 0.73046875 0.6113303578125 0.73046875 0.5722678578125
3 0.7734375 0.6386741078125 0.7089866078125 0.6386741078125 0.7089866078125 0.7363303578125 0.7734375 0.7363303578125 0.7734375 0.6386741078125
3 0.9824241078125 0.34765625 0.8671875 0.34765625 0.8671875 0.46289285781249995 0.9824241078125 0.46289285781249995 0.9824241078125 0.34765625
3 0.8613303578125 0.3300803578125 0.8125 0.3300803578125 0.8125 0.40234375 0.8613303578125 0.40234375 0.8613303578125 0.3300803578125
3 0.80859375 0.22265625 0.7324241078125 0.22265625 0.7324241078125 0.41015625 0.80859375 0.41015625 0.80859375 0.22265625
3 0.70703125 0.2578125 0.62109375 0.2578125 0.62109375 0.36328125 0.70703125 0.36328125 0.70703125 0.2578125
3 0.65625 0.5058616078125 0.59765625 0.5058616078125 0.59765625 0.5800803578125 0.65625 0.5800803578125 0.65625 0.5058616078125
5 0.7402366078125 0.1347678578125 0.12890625 0.1347678578125 0.12890625 0.6640625 0.7402366078125 0.6640625 0.7402366078125 0.1347678578125
4 0.47070535781249995 0.8203125 0.43554910781249995 0.8203125 0.43554910781249995 0.8613303578125 0.47070535781249995 0.8613303578125 0.47070535781249995 0.8203125
4 0.8828125 0.7832053578125 0.76953125 0.7832053578125 0.76953125 0.9003928578125 0.8828125 0.9003928578125 0.8828125 0.7832053578125
7 0.9921875 0.7480491078125 0.76953125 0.7480491078125 0.76953125 0.99609375 0.9921875 0.99609375 0.9921875 0.7480491078125