3 0.194959821875 0.6410055859375 0.14677678593750002 0.6410055859375 0.14677678593750002 0.6938826812500001 0.194959821875 0.6938826812500001 0.194959821875 0.6410055859375
3 0.1704955359375 0.7050111734375 0.11638392812500001 0.7050111734375 0.11638392812500001 0.7755139671875 0.1704955359375 0.7755139671875 0.1704955359375 0.7050111734375
3 0.108227678125 0.7699497203125001 0.0696830359375 0.7699497203125001 0.0696830359375 0.8237486031250001 0.108227678125 0.8237486031250001 0.108227678125 0.7699497203125001
3 0.1067455359375 0.8562178765624999 0.064491071875 0.8562178765624999 0.064491071875 0.918368715625 0.1067455359375 0.918368715625 0.1067455359375 0.8562178765624999
3 0.14158482187500002 0.83581005625 0.11119196406250001 0.83581005625 0.11119196406250001 0.870134078125 0.14158482187500002 0.870134078125 0.14158482187500002 0.83581005625
3 0.46997767812499996 0.6873854749999999 0.4054866078125 0.6873854749999999 0.4054866078125 0.7820055859374999 0.46997767812499996 0.7820055859374999 0.46997767812499996 0.6873854749999999
3 0.48554464218750004 0.6270893859375 0.46182142812500004 0.6270893859375 0.46182142812500004 0.66326815625 0.48554464218750004 0.66326815625 0.48554464218750004 0.6270893859375
3 0.547071428125 0.5120614531250001 0.5181607140625 0.5120614531250001 0.5181607140625 0.542675978125 0.547071428125 0.542675978125 0.547071428125 0.5120614531250001
3 0.5937723218750001 0.5064972062499999 0.5707946421875 0.5064972062499999 0.5707946421875 0.5408212296875 0.5937723218750001 0.5408212296875 0.5937723218750001 0.5064972062499999
3 0.618977678125 0.542675978125 0.59821875 0.542675978125 0.59821875 0.5686480453125 0.618977678125 0.5686480453125 0.618977678125 0.542675978125
3 0.6278705359375001 0.5769944140625001 0.5967366078125 0.5769944140625001 0.5967366078125 0.6187430171875 0.6278705359375001 0.6187430171875 0.6278705359375001 0.5769944140625001
3 0.578946428125 0.8664245812500001 0.5455892859375 0.8664245812500001 0.5455892859375 0.900748603125 0.578946428125 0.900748603125 0.578946428125 0.8664245812500001
3 0.315790178125 0.9146592171875 0.2913258921875 0.9146592171875 0.2913258921875 0.9508379890624999 0.315790178125 0.9508379890624999 0.315790178125 0.9146592171875
3 0.38620982187499997 0.9146592171875 0.357303571875 0.9146592171875 0.357303571875 0.9526927374999999 0.38620982187499997 0.9526927374999999 0.38620982187499997 0.9146592171875
3 0.4425491078125 0.9508379890624999 0.4106741078125 0.9508379890624999 0.4106741078125 0.9972234640625001 0.4425491078125 0.9972234640625001 0.4425491078125 0.9508379890624999
3 0.117866071875 0.9146592171875 0.0919196421875 0.9146592171875 0.0919196421875 0.9434189937499999 0.117866071875 0.9434189937499999 0.117866071875 0.9146592171875
8 0.8480357140624999 0.2486089390625 0.793178571875 0.2486089390625 0.793178571875 0.2949944140625 0.8480357140624999 0.2949944140625 0.8480357140624999 0.2486089390625
8 0.7820625 0.30426815625 0.7435133921875 0.30426815625 0.7435133921875 0.34693854687500003 0.7820625 0.34693854687500003 0.7820625 0.30426815625
8 0.6856919640625 0.3061229046875 0.656040178125 0.3061229046875 0.656040178125 0.34137430156250004 0.6856919640625 0.34137430156250004 0.6856919640625 0.3061229046875
8 0.7272053578125 0.20964804531249998 0.6931071421875 0.20964804531249998 0.6931071421875 0.27272625625 0.7272053578125 0.27272625625 0.7272053578125 0.20964804531249998
8 0.6982946421875 0.21985474843750002 0.6723482140625 0.21985474843750002 0.6723482140625 0.28293296093750003 0.6982946421875 0.28293296093750003 0.6982946421875 0.21985474843750002
8 0.761303571875 0.14749720625 0.7398080359375 0.14749720625 0.7398080359375 0.1781061453125 0.761303571875 0.1781061453125 0.761303571875 0.14749720625
8 0.8109732140625001 0.16975977656250002 0.77390625 0.16975977656250002 0.77390625 0.2346927375 0.8109732140625001 0.2346927375 0.8109732140625001 0.16975977656250002
8 0.779834821875 0.192022346875 0.7435133921875 0.192022346875 0.7435133921875 0.2365474859375 0.779834821875 0.2365474859375 0.779834821875 0.192022346875
8 0.779834821875 0.23191061406250002 0.7286875 0.23191061406250002 0.7286875 0.28849720625 0.779834821875 0.28849720625 0.779834821875 0.23191061406250002
8 0.8925133921875 0.0630782125 0.8169017859375 0.0630782125 0.8169017859375 0.153061453125 0.8925133921875 0.153061453125 0.8925133921875 0.0630782125
8 0.7383258921875 0.153061453125 0.709415178125 0.153061453125 0.709415178125 0.19758659218750002 0.7383258921875 0.19758659218750002 0.7383258921875 0.153061453125
8 0.6916249999999999 0.0936927375 0.65678125 0.0936927375 0.65678125 0.13358100625 0.6916249999999999 0.13358100625 0.6916249999999999 0.0936927375
8 0.669383928125 0.034324021875 0.6226830359375 0.034324021875 0.6226830359375 0.073284915625 0.669383928125 0.073284915625 0.669383928125 0.034324021875
8 0.47442410781250005 0.10760893906249999 0.44699999999999995 0.10760893906249999 0.44699999999999995 0.1391452515625 0.47442410781250005 0.1391452515625 0.47442410781250005 0.10760893906249999
8 0.5596741078125 0.073284915625 0.5329866078125 0.073284915625 0.5329866078125 0.0992569828125 0.5596741078125 0.0992569828125 0.5596741078125 0.073284915625
8 0.9614508921875 0.628944134375 0.9214241078125 0.628944134375 0.9214241078125 0.6873854749999999 0.9614508921875 0.6873854749999999 0.9614508921875 0.628944134375
8 0.95996875 0.691094971875 0.9073392859375 0.691094971875 0.9073392859375 0.7597430171874999 0.95996875 0.7597430171874999 0.95996875 0.691094971875
8 0.8962187500000001 0.737480446875 0.8576741078125 0.737480446875 0.8576741078125 0.799631284375 0.8962187500000001 0.799631284375 0.8962187500000001 0.737480446875
8 0.8317276781249999 0.8237486031250001 0.8094866078124999 0.8237486031250001 0.8094866078124999 0.8487988828124999 0.8317276781249999 0.8487988828124999 0.8317276781249999 0.8237486031250001
8 0.8539642859375001 0.4192960890625 0.838397321875 0.4192960890625 0.838397321875 0.43784916249999994 0.8539642859375001 0.43784916249999994 0.8539642859375001 0.4192960890625
8 0.6034107140625 0.23005586562499997 0.5826517859375 0.23005586562499997 0.5826517859375 0.254173184375 0.6034107140625 0.254173184375 0.6034107140625 0.23005586562499997
8 0.7724241078125 0.11502793281249998 0.754633928125 0.11502793281249998 0.754633928125 0.141 0.7724241078125 0.141 0.7724241078125 0.11502793281249998
8 0.1690133921875 0.7319162015625 0.0474419640625 0.7319162015625 0.0474419640625 0.9554748609375 0.1690133921875 0.9554748609375 0.1690133921875 0.7319162015625
8 0.19940625 0.6410055859375 0.0889553578125 0.6410055859375 0.0889553578125 0.730061453125 0.19940625 0.730061453125 0.19940625 0.6410055859375
3 0.7449955359375 0.964754190625 0.714602678125 0.964754190625 0.714602678125 0.9972234640625001 0.7449955359375 0.9972234640625001 0.7449955359375 0.964754190625
3 0.9503348218750001 0.7838603359375 0.9325446421875 0.7838603359375 0.9325446421875 0.8116927374999999 0.9503348218750001 0.8116927374999999 0.9503348218750001 0.7838603359375
3 0.980727678125 0.7560335203124999 0.95996875 0.7560335203124999 0.95996875 0.785715084375 0.980727678125 0.785715084375 0.980727678125 0.7560335203124999
3 0.34766517812500003 0.9554748609375 0.2965178578125 0.9554748609375 0.2965178578125 0.99165363125 0.34766517812500003 0.99165363125 0.34766517812500003 0.9554748609375
7 0.25129910781250003 0.7560335203124999 0.161602678125 0.7560335203124999 0.161602678125 0.9192960890625 0.25129910781250003 0.9192960890625 0.25129910781250003 0.7560335203124999
2 0.37138839218749997 0.0129888265625 0.0022232140625000002 0.0129888265625 0.0022232140625000002 0.604826815625 0.37138839218749997 0.604826815625 0.37138839218749997 0.0129888265625
8 0.8524821421875 0.871061453125 0.8317276781249999 0.871061453125 0.8317276781249999 0.9128044687499999 0.8524821421875 0.9128044687499999 0.8524821421875 0.871061453125
8 0.779834821875 0.7782960890624999 0.761303571875 0.7782960890624999 0.761303571875 0.80426815625 0.779834821875 0.80426815625 0.779834821875 0.7782960890624999
8 0.8747232140625 0.6567765359375 0.8472946421875 0.6567765359375 0.8472946421875 0.6975921781250001 0.8747232140625 0.6975921781250001 0.8747232140625 0.6567765359375
8 0.8443303578125001 0.658631284375 0.8235714281250001 0.658631284375 0.8235714281250001 0.6808938546875 0.8443303578125001 0.6808938546875 0.8443303578125001 0.658631284375
3 0.9214241078125 0.8005586593749999 0.8991830359374999 0.8005586593749999 0.8991830359374999 0.8339553078125 0.9214241078125 0.8339553078125 0.9214241078125 0.8005586593749999
1 0.746477678125 0.6428603359375 0.638991071875 0.6428603359375 0.638991071875 0.9888715078124999 0.746477678125 0.9888715078124999 0.746477678125 0.6428603359375
1 0.8398794640625 0.5408212296875 0.7753883921875 0.5408212296875 0.7753883921875 0.6957374296875 0.8398794640625 0.6957374296875 0.8398794640625 0.5408212296875
8 0.35359375000000004 0.9712458093749999 0.32468303593750003 0.9712458093749999 0.32468303593750003 0.99165363125 0.35359375000000004 0.99165363125 0.35359375000000004 0.9712458093749999
8 0.31653125000000004 0.9220837984375001 0.2965178578125 0.9220837984375001 0.2965178578125 0.94527374375 0.31653125000000004 0.94527374375 0.31653125000000004 0.9220837984375001
8 0.322459821875 0.9554748609375 0.29948214218749997 0.9554748609375 0.29948214218749997 0.9851620109375 0.322459821875 0.9851620109375 0.322459821875 0.9554748609375
8 0.46849553593750004 0.6836759781249999 0.392883928125 0.6836759781249999 0.392883928125 0.7940670390625 0.46849553593750004 0.7940670390625 0.46849553593750004 0.6836759781249999
8 0.4840625 0.6307988828125 0.4603392859375 0.6307988828125 0.4603392859375 0.6604860328125 0.4840625 0.6604860328125 0.4840625 0.6307988828125
8 0.5463303578125001 0.5129888265625 0.5189017859375 0.5129888265625 0.5189017859375 0.5417486031250001 0.5463303578125001 0.5417486031250001 0.5463303578125001 0.5129888265625
8 0.59303125 0.5083519546875 0.5722767859375 0.5083519546875 0.5722767859375 0.53896089375 0.59303125 0.53896089375 0.59303125 0.5083519546875
8 0.6212008921875001 0.5408212296875 0.5997053578125 0.5408212296875 0.5997053578125 0.5686480453125 0.6212008921875001 0.5686480453125 0.6212008921875001 0.5408212296875
8 0.6286116078124999 0.5872011171875 0.59821875 0.5872011171875 0.59821875 0.6178156421875001 0.6286116078124999 0.6178156421875001 0.6286116078124999 0.5872011171875
8 0.5745 0.8738435750000001 0.5500357140625 0.8738435750000001 0.5500357140625 0.8998156421875001 0.5745 0.8998156421875001 0.5745 0.8738435750000001
1 0.9985178578125 0.338592178125 0.756116071875 0.338592178125 0.756116071875 0.7402625703125 0.9985178578125 0.7402625703125 0.9985178578125 0.338592178125
1 0.7627857140625001 0.43228491562500004 0.6552991078125 0.43228491562500004 0.6552991078125 0.6428603359375 0.7627857140625001 0.6428603359375 0.7627857140625001 0.43228491562500004
1 0.52409375 0.2662346375 0.43513839218749994 0.2662346375 0.43513839218749994 0.40630726250000004 0.52409375 0.40630726250000004 0.52409375 0.2662346375
1 0.34914732187499997 0.28293296093750003 0.1927366078125 0.28293296093750003 0.1927366078125 0.4656815640625 0.34914732187499997 0.4656815640625 0.34914732187499997 0.28293296093750003
8 0.44032589218749996 0.956402234375 0.4217946421875 0.956402234375 0.4217946421875 0.9758826812500001 0.44032589218749996 0.9758826812500001 0.44032589218749996 0.956402234375
8 0.432915178125 0.9833072625 0.4151205359375 0.9833072625 0.4151205359375 0.9962960890625 0.432915178125 0.9962960890625 0.432915178125 0.9833072625
8 0.736102678125 0.9777430171875 0.7235 0.9777430171875 0.7235 0.99165363125 0.736102678125 0.99165363125 0.736102678125 0.9777430171875