2 0.9746116078125 0.1425803578125 0.1113303578125 0.1425803578125 0.1113303578125 0.88671875 0.9746116078125 0.88671875 0.9746116078125 0.1425803578125
3 0.9921875 0.2519553578125 0.7207053578125 0.2519553578125 0.7207053578125 0.453125 0.9921875 0.453125 0.9921875 0.2519553578125
3 0.375 0.6640625 0.2128928578125 0.6640625 0.2128928578125 0.9355491078125 0.375 0.9355491078125 0.375 0.6640625
3 0.8359375 0.6699241078125 0.6640625 0.6699241078125 0.6640625 0.8691428578125 0.8359375 0.8691428578125 0.8359375 0.6699241078125
5 0.8125 0.265625 0.26953125 0.265625 0.26953125 0.578125 0.8125 0.578125 0.8125 0.265625
3 0.203125 0.1777366078125 0.171875 0.1777366078125 0.171875 0.2109375 0.203125 0.2109375 0.203125 0.1777366078125
3 0.15234375 0.1425803578125 0.10546875 0.1425803578125 0.10546875 0.1855491078125 0.15234375 0.1855491078125 0.15234375 0.1425803578125
3 0.08984375 0.25 0.0097678578125 0.25 0.0097678578125 0.2988303578125 0.08984375 0.2988303578125 0.08984375 0.25
3 0.984375 0.44726785781249995 0.8730491078125 0.44726785781249995 0.8730491078125 0.609375 0.984375 0.609375 0.984375 0.44726785781249995
3 0.8222678578125 0.3359375 0.7246116078125 0.3359375 0.7246116078125 0.40820535781249995 0.8222678578125 0.40820535781249995 0.8222678578125 0.3359375
3 0.5917991078125 0.0957053578125 0.546875 0.0957053578125 0.546875 0.18359375 0.5917991078125 0.18359375 0.5917991078125 0.0957053578125
3 0.80078125 0.0917991078125 0.7480491078125 0.0917991078125 0.7480491078125 0.16796875 0.80078125 0.16796875 0.80078125 0.0917991078125
4 0.47851785781249995 0.6269553578125 0.4453125 0.6269553578125 0.4453125 0.6816428578125 0.47851785781249995 0.6816428578125 0.47851785781249995 0.6269553578125
4 0.359375 0.6894553578125 0.29296875 0.6894553578125 0.29296875 0.84765625 0.359375 0.84765625 0.359375 0.6894553578125