5 0.2698303578125 0.2875698328125 0.0163080359375 0.2875698328125 0.0163080359375 0.9230111734375 0.2698303578125 0.9230111734375 0.2698303578125 0.2875698328125
8 0.0340982140625 0.49350837968750005 0.0103794640625 0.49350837968750005 0.0103794640625 0.5324692734375 0.0340982140625 0.5324692734375 0.0340982140625 0.49350837968750005
8 0.061526785937499995 0.5241229046875 0.037803571875000004 0.5241229046875 0.037803571875000004 0.564938546875 0.061526785937499995 0.564938546875 0.061526785937499995 0.5241229046875
8 0.0682008921875 0.6660502796875 0.0103794640625 0.6660502796875 0.0103794640625 0.8116927374999999 0.0682008921875 0.8116927374999999 0.0682008921875 0.6660502796875
8 0.158633928125 0.0797765359375 0.0696830359375 0.0797765359375 0.0696830359375 0.19665921718749999 0.158633928125 0.19665921718749999 0.158633928125 0.0797765359375
3 0.8146785718749999 0.1725419 0.5707946421875 0.1725419 0.5707946421875 0.4155865921875 0.8146785718749999 0.4155865921875 0.8146785718749999 0.1725419
3 0.7657544640625 0.525977653125 0.59821875 0.525977653125 0.59821875 0.995363128125 0.7657544640625 0.995363128125 0.7657544640625 0.525977653125
3 0.8939955359375 0.604826815625 0.754633928125 0.604826815625 0.754633928125 0.744899440625 0.8939955359375 0.744899440625 0.8939955359375 0.604826815625
8 0.8925133921875 0.7643798875 0.8665669640625 0.7643798875 0.8665669640625 0.8237486031250001 0.8925133921875 0.8237486031250001 0.8925133921875 0.7643798875
8 0.9147500000000001 0.8098379890625 0.8925133921875 0.8098379890625 0.8925133921875 0.8877597765624999 0.9147500000000001 0.8877597765624999 0.9147500000000001 0.8098379890625
8 0.8888080359374999 0.8859050281249999 0.8650848218749999 0.8859050281249999 0.8650848218749999 0.9666089390625 0.8888080359374999 0.9666089390625 0.8888080359374999 0.8859050281249999
8 0.8406205359375001 0.9471284921875001 0.8228303578125 0.9471284921875001 0.8228303578125 0.9897988828125 0.8406205359375001 0.9897988828125 0.8406205359375001 0.9471284921875001
8 0.733875 0.8562178765624999 0.701258928125 0.8562178765624999 0.701258928125 0.9851620109375 0.733875 0.9851620109375 0.733875 0.8562178765624999
8 0.5774642859375 0.9322849156249999 0.5500357140625 0.9322849156249999 0.5500357140625 0.9693910609374999 0.5774642859375 0.9693910609374999 0.5774642859375 0.9322849156249999
2 0.9955535718749999 0.00834636875 0.005928571875 0.00834636875 0.005928571875 0.9962960890625 0.9955535718749999 0.9962960890625 0.9955535718749999 0.00834636875