5 0.9863303578125 0.03515625 0.0097678578125 0.03515625 0.0097678578125 0.7167991078125 0.9863303578125 0.7167991078125 0.9863303578125 0.03515625
3 0.8496116078125 0.5683616078125 0.5722678578125 0.5683616078125 0.5722678578125 0.7324241078125 0.8496116078125 0.7324241078125 0.8496116078125 0.5683616078125
3 0.7265625 0.7109375 0.5058616078125 0.7109375 0.5058616078125 0.8847678578125 0.7265625 0.8847678578125 0.7265625 0.7109375
3 0.9863303578125 0.3046875 0.7636741078125 0.3046875 0.7636741078125 0.6484375 0.9863303578125 0.6484375 0.9863303578125 0.3046875
3 0.75390625 0.34375 0.53515625 0.34375 0.53515625 0.47265625 0.75390625 0.47265625 0.75390625 0.34375
3 0.7441428578125 0.1191428578125 0.60546875 0.1191428578125 0.60546875 0.2753928578125 0.7441428578125 0.2753928578125 0.7441428578125 0.1191428578125
3 0.3183616078125 0.5917991078125 0.1894553578125 0.5917991078125 0.1894553578125 0.7402366078125 0.3183616078125 0.7402366078125 0.3183616078125 0.5917991078125
8 0.2675803578125 0.06640625 0.2265625 0.06640625 0.2265625 0.1230491078125 0.2675803578125 0.1230491078125 0.2675803578125 0.06640625
8 0.3769553578125 0.11328125 0.3339866078125 0.11328125 0.3339866078125 0.16015625 0.3769553578125 0.16015625 0.3769553578125 0.11328125
8 0.45508035781249995 0.3359375 0.3828125 0.3359375 0.3828125 0.41211160781249995 0.45508035781249995 0.41211160781249995 0.45508035781249995 0.3359375
8 0.6425803578125 0.47070535781249995 0.58984375 0.47070535781249995 0.58984375 0.51171875 0.6425803578125 0.51171875 0.6425803578125 0.47070535781249995
8 0.9199241078125 0.3339866078125 0.88671875 0.3339866078125 0.88671875 0.41211160781249995 0.9199241078125 0.41211160781249995 0.9199241078125 0.3339866078125
8 0.9667991078125 0.4765625 0.9238303578125 0.4765625 0.9238303578125 0.5253928578125 0.9667991078125 0.5253928578125 0.9667991078125 0.4765625
8 0.3457053578125 0.3984375 0.296875 0.3984375 0.296875 0.45117410781249995 0.3457053578125 0.45117410781249995 0.3457053578125 0.3984375
8 0.328125 0.2480491078125 0.2753928578125 0.2480491078125 0.2753928578125 0.3046875 0.328125 0.3046875 0.328125 0.2480491078125
8 0.5253928578125 0.1113303578125 0.49023660781249995 0.1113303578125 0.49023660781249995 0.15625 0.5253928578125 0.15625 0.5253928578125 0.1113303578125
8 0.5839866078125 0.1171875 0.5449241078125 0.1171875 0.5449241078125 0.1660178578125 0.5839866078125 0.1660178578125 0.5839866078125 0.1171875
8 0.54296875 0.37890625 0.5078125 0.37890625 0.5078125 0.41992410781249995 0.54296875 0.41992410781249995 0.54296875 0.37890625
7 0.9140625 0.73046875 0.7871116078125 0.73046875 0.7871116078125 0.88671875 0.9140625 0.88671875 0.9140625 0.73046875
3 0.6621116078125 0.2558616078125 0.43945535781249995 0.2558616078125 0.43945535781249995 0.3847678578125 0.6621116078125 0.3847678578125 0.6621116078125 0.2558616078125
6 0.5390625 0.41796875 0.1328125 0.41796875 0.1328125 0.99609375 0.5390625 0.99609375 0.5390625 0.41796875
3 0.7753928578125 0.3046875 0.72265625 0.3046875 0.72265625 0.3496116078125 0.7753928578125 0.3496116078125 0.7753928578125 0.3046875
8 0.3652366078125 0.03515625 0.33984375 0.03515625 0.33984375 0.0957053578125 0.3652366078125 0.0957053578125 0.3652366078125 0.03515625
8 0.6269553578125 0.8574241078125 0.5957053578125 0.8574241078125 0.5957053578125 0.875 0.6269553578125 0.875 0.6269553578125 0.8574241078125
8 0.7421875 0.7441428578125 0.7089866078125 0.7441428578125 0.7089866078125 0.765625 0.7421875 0.765625 0.7421875 0.7441428578125
8 0.7089866078125 0.7734375 0.68359375 0.7734375 0.68359375 0.7949241078125 0.7089866078125 0.7949241078125 0.7089866078125 0.7734375
8 0.62890625 0.5566428578125 0.61328125 0.5566428578125 0.61328125 0.5800803578125 0.62890625 0.5800803578125 0.62890625 0.5566428578125
8 0.9140625 0.07421875 0.8828125 0.07421875 0.8828125 0.0957053578125 0.9140625 0.0957053578125 0.9140625 0.07421875
4 0.2675803578125 0.68359375 0.2050803578125 0.68359375 0.2050803578125 0.7285178578125 0.2675803578125 0.7285178578125 0.2675803578125 0.68359375
4 0.6230491078125 0.86328125 0.5957053578125 0.86328125 0.5957053578125 0.875 0.6230491078125 0.875 0.6230491078125 0.86328125
4 0.73828125 0.7480491078125 0.71484375 0.7480491078125 0.71484375 0.76171875 0.73828125 0.76171875 0.73828125 0.7480491078125
4 0.546875 0.7714866078125 0.5292991078125 0.7714866078125 0.5292991078125 0.78515625 0.546875 0.78515625 0.546875 0.7714866078125
4 0.6699241078125 0.6308616078125 0.6484375 0.6308616078125 0.6484375 0.65234375 0.6699241078125 0.65234375 0.6699241078125 0.6308616078125