3 0.5478125 0.25696089375 0.203852678125 0.25696089375 0.203852678125 0.5083519546875 0.5478125 0.5083519546875 0.5478125 0.25696089375
3 0.6048928578125 0.49165363125 0.5374330359374999 0.49165363125 0.5374330359374999 0.604826815625 0.6048928578125 0.604826815625 0.6048928578125 0.49165363125
3 0.7538928578124999 0.6827486031250001 0.7086741078125 0.6827486031250001 0.7086741078125 0.7495419 0.7538928578124999 0.7495419 0.7538928578124999 0.6827486031250001
8 0.8176428578125 0.7866424578125 0.7813214281249999 0.7866424578125 0.7813214281249999 0.8274636875000001 0.8176428578125 0.8274636875000001 0.8176428578125 0.7866424578125
8 0.8169017859375 0.8534357546875 0.7724241078125 0.8534357546875 0.7724241078125 0.9471284921875001 0.8169017859375 0.9471284921875001 0.8169017859375 0.8534357546875
8 0.733875 0.8413743015625 0.6834687500000001 0.8413743015625 0.6834687500000001 0.9304301671875 0.733875 0.9304301671875 0.733875 0.8413743015625
8 0.6538169640625 0.8859050281249999 0.6219419640625 0.8859050281249999 0.6219419640625 0.9211564250000001 0.6538169640625 0.9211564250000001 0.6538169640625 0.8859050281249999
3 0.3595267859375 0.628016759375 0.275758928125 0.628016759375 0.275758928125 0.8348826812500001 0.3595267859375 0.8348826812500001 0.3595267859375 0.628016759375
3 0.0689419640625 0.6864581000000001 0.0014821421875 0.6864581000000001 0.0014821421875 0.8107653625 0.0689419640625 0.8107653625 0.0689419640625 0.6864581000000001
8 0.1252767859375 0.347865921875 0.058562499999999997 0.347865921875 0.058562499999999997 0.4397039109375 0.1252767859375 0.4397039109375 0.1252767859375 0.347865921875
8 0.194959821875 0.29777653593750003 0.14974107187500002 0.29777653593750003 0.14974107187500002 0.33024022343750004 0.194959821875 0.33024022343750004 0.194959821875 0.29777653593750003
8 0.2735357140625 0.1938770953125 0.20682142812499998 0.1938770953125 0.20682142812499998 0.323748603125 0.2735357140625 0.323748603125 0.2735357140625 0.1938770953125
8 0.37954017812499996 0.11131843593749999 0.302446428125 0.11131843593749999 0.302446428125 0.1790335203125 0.37954017812499996 0.1790335203125 0.37954017812499996 0.11131843593749999
8 0.46849553593750004 0.0463798875 0.4306875 0.0463798875 0.4306875 0.0788491625 0.46849553593750004 0.0788491625 0.46849553593750004 0.0463798875
3 0.42327678593750007 0.18460335156250002 0.39955357187499996 0.18460335156250002 0.39955357187499996 0.22170949687500002 0.42327678593750007 0.22170949687500002 0.42327678593750007 0.18460335156250002
8 0.7605625 0.051022346875 0.7405491078125 0.051022346875 0.7405491078125 0.0788491625 0.7605625 0.0788491625 0.7605625 0.051022346875
8 0.7968883921875001 0.089055865625 0.7516696421875 0.089055865625 0.7516696421875 0.1354357546875 0.7968883921875001 0.1354357546875 0.7968883921875001 0.089055865625
5 0.7168258921875 0.6892402234375 0.6115625 0.6892402234375 0.6115625 0.8302458093749999 0.7168258921875 0.8302458093749999 0.7168258921875 0.6892402234375
5 0.317272321875 0.00741899375 0.032616071875 0.00741899375 0.032616071875 0.26530726250000003 0.317272321875 0.26530726250000003 0.317272321875 0.00741899375
3 0.466272321875 0.6085363125 0.40029464218750005 0.6085363125 0.40029464218750005 0.67811173125 0.466272321875 0.67811173125 0.466272321875 0.6085363125
3 0.5426249999999999 0.7782960890624999 0.4536696421875 0.7782960890624999 0.4536696421875 0.8923966484375001 0.5426249999999999 0.8923966484375001 0.5426249999999999 0.7782960890624999
3 0.109709821875 0.2476815640625 0.014084821875 0.2476815640625 0.014084821875 0.32467597812500004 0.109709821875 0.32467597812500004 0.109709821875 0.2476815640625
3 0.4040044640625 0.000927375 0.2564866078125 0.000927375 0.2564866078125 0.07792178749999999 0.4040044640625 0.07792178749999999 0.4040044640625 0.000927375
3 0.6404732140625 0.9582625703125001 0.6071160718749999 0.9582625703125001 0.6071160718749999 0.9944357546875 0.6404732140625 0.9944357546875 0.6404732140625 0.9582625703125001
3 0.6871741078125 0.9823798874999999 0.6664196421875 0.9823798874999999 0.6664196421875 0.9972234640625001 0.6871741078125 0.9972234640625001 0.6871741078125 0.9823798874999999
3 0.6226830359375 0.9211564250000001 0.6041517859375001 0.9211564250000001 0.6041517859375001 0.9359944140625001 0.6226830359375 0.9359944140625001 0.6226830359375 0.9211564250000001
3 0.615272321875 0.9359944140625001 0.5967366078125 0.9359944140625001 0.5967366078125 0.9545474859375 0.615272321875 0.9545474859375 0.615272321875 0.9359944140625001
3 0.161602678125 0.635441340625 0.049665178125 0.635441340625 0.049665178125 0.736553071875 0.161602678125 0.736553071875 0.161602678125 0.635441340625
3 0.208303571875 0.4591843578125 0.180133928125 0.4591843578125 0.180133928125 0.5018547484375 0.208303571875 0.5018547484375 0.208303571875 0.4591843578125
3 0.09266071406250001 0.5176256984375 0.051147321875 0.5176256984375 0.051147321875 0.5556592171875 0.09266071406250001 0.5556592171875 0.09266071406250001 0.5176256984375
3 0.0333571421875 0.16790502812500002 0.000741071875 0.16790502812500002 0.000741071875 0.246754190625 0.0333571421875 0.246754190625 0.0333571421875 0.16790502812500002
8 0.072647321875 0.525977653125 0.0548571421875 0.525977653125 0.0548571421875 0.5454581000000001 0.072647321875 0.5454581000000001 0.072647321875 0.525977653125
8 0.0785758921875 0.5936927375 0.07116517812499999 0.5936927375 0.07116517812499999 0.603899440625 0.0785758921875 0.603899440625 0.0785758921875 0.5936927375
8 0.09266071406250001 0.60018994375 0.083022321875 0.60018994375 0.083022321875 0.6103910609375001 0.09266071406250001 0.6103910609375001 0.09266071406250001 0.60018994375
8 0.1067455359375 0.6957374296875 0.09414285781250001 0.6957374296875 0.09414285781250001 0.705938546875 0.1067455359375 0.705938546875 0.1067455359375 0.6957374296875
8 0.109709821875 0.6706871515625 0.09266071406250001 0.6706871515625 0.09266071406250001 0.6883128484375 0.109709821875 0.6883128484375 0.109709821875 0.6706871515625
8 0.339508928125 0.703156425 0.317272321875 0.703156425 0.317272321875 0.72634636875 0.339508928125 0.72634636875 0.339508928125 0.703156425
8 0.339508928125 0.8191117312499999 0.32468303593750003 0.8191117312499999 0.32468303593750003 0.8330279328125 0.339508928125 0.8330279328125 0.339508928125 0.8191117312499999
8 0.33061607187500003 0.8265363125 0.3194955359375 0.8265363125 0.3194955359375 0.8423016765625 0.33061607187500003 0.8423016765625 0.33061607187500003 0.8265363125
8 0.30466964218750003 0.7671620109374999 0.2957767859375 0.7671620109374999 0.2957767859375 0.777368715625 0.30466964218750003 0.777368715625 0.30466964218750003 0.7671620109374999
8 0.32468303593750003 0.7653072625 0.3128258921875 0.7653072625 0.3128258921875 0.777368715625 0.32468303593750003 0.777368715625 0.32468303593750003 0.7653072625
8 0.375834821875 0.70222905 0.36175 0.70222905 0.36175 0.7244916203125 0.375834821875 0.7244916203125 0.375834821875 0.70222905
8 0.431428571875 0.6243072625 0.4203125 0.6243072625 0.4203125 0.6372960890625 0.431428571875 0.6372960890625 0.431428571875 0.6243072625
8 0.032616071875 0.74118994375 0.019272321875 0.74118994375 0.019272321875 0.7597430171874999 0.032616071875 0.7597430171874999 0.032616071875 0.74118994375
8 0.031133928124999998 0.7115083796875 0.0148258921875 0.7115083796875 0.0148258921875 0.72727374375 0.031133928124999998 0.72727374375 0.031133928124999998 0.7115083796875
8 0.00815625 0.7792234640625 0.0014821421875 0.7792234640625 0.0014821421875 0.7949944140625 0.00815625 0.7949944140625 0.00815625 0.7792234640625
8 0.4551517859375 0.3961061453125 0.4284642859375 0.3961061453125 0.4284642859375 0.42578770937500005 0.4551517859375 0.42578770937500005 0.4551517859375 0.3961061453125
8 0.5277991078125 0.4109497203125 0.510008928125 0.4109497203125 0.510008928125 0.4359944140625 0.5277991078125 0.4359944140625 0.5277991078125 0.4109497203125
8 0.5411428578125 0.48237430156250005 0.523352678125 0.48237430156250005 0.523352678125 0.5046424578125001 0.5411428578125 0.5046424578125001 0.5411428578125 0.48237430156250005
8 0.249071428125 0.4703184359375 0.2097857140625 0.4703184359375 0.2097857140625 0.5009273750000001 0.249071428125 0.5009273750000001 0.249071428125 0.4703184359375
8 0.244625 0.45269273749999994 0.2290580359375 0.45269273749999994 0.2290580359375 0.4703184359375 0.244625 0.4703184359375 0.244625 0.45269273749999994
8 0.2735357140625 0.4109497203125 0.25278125 0.4109497203125 0.25278125 0.4313575421875 0.2735357140625 0.4313575421875 0.2735357140625 0.4109497203125
8 0.2809508921875 0.363636871875 0.26241517812500004 0.363636871875 0.26241517812500004 0.385899440625 0.2809508921875 0.385899440625 0.2809508921875 0.363636871875
8 0.3276517859375 0.359 0.312084821875 0.359 0.312084821875 0.378480446875 0.3276517859375 0.378480446875 0.3276517859375 0.359
8 0.37138839218749997 0.3766256984375 0.3513705359375 0.3766256984375 0.3513705359375 0.3998156421875 0.37138839218749997 0.3998156421875 0.37138839218749997 0.3766256984375
8 0.31134375 0.3756983234375 0.29503124999999997 0.3756983234375 0.29503124999999997 0.389614525 0.31134375 0.389614525 0.31134375 0.3756983234375
8 0.23647321406250002 0.4109497203125 0.2238705359375 0.4109497203125 0.2238705359375 0.4276480453125 0.23647321406250002 0.4276480453125 0.23647321406250002 0.4109497203125
8 0.2557455359375 0.39796089375 0.24017857187499997 0.39796089375 0.24017857187499997 0.41373184375000005 0.2557455359375 0.41373184375000005 0.2557455359375 0.39796089375
8 0.218678571875 0.44063128437500004 0.2053392859375 0.44063128437500004 0.2053392859375 0.4591843578125 0.218678571875 0.4591843578125 0.218678571875 0.44063128437500004
8 0.41734821406249994 0.26437988749999997 0.4047455359375 0.26437988749999997 0.4047455359375 0.2820055859375 0.41734821406249994 0.2820055859375 0.41734821406249994 0.26437988749999997
8 0.44699999999999995 0.2588156421875 0.432915178125 0.2588156421875 0.432915178125 0.27272625625 0.44699999999999995 0.27272625625 0.44699999999999995 0.2588156421875
8 0.5144553578125 0.26345251406250003 0.4988883921875 0.26345251406250003 0.4988883921875 0.2801508375 0.5144553578125 0.2801508375 0.5144553578125 0.26345251406250003
8 0.52928125 0.3144748609375 0.5092678578125 0.3144748609375 0.5092678578125 0.3339553078125 0.52928125 0.3339553078125 0.52928125 0.3144748609375
8 0.46775446406250004 0.3135474859375 0.4544107140625 0.3135474859375 0.4544107140625 0.32467597812500004 0.46775446406250004 0.32467597812500004 0.46775446406250004 0.3135474859375
8 0.471459821875 0.344156425 0.4603392859375 0.344156425 0.4603392859375 0.36827374375 0.471459821875 0.36827374375 0.471459821875 0.344156425
8 0.41586160781250003 0.347865921875 0.39955357187499996 0.347865921875 0.39955357187499996 0.36641899375000003 0.41586160781250003 0.36641899375000003 0.41586160781250003 0.347865921875
8 0.402522321875 0.3998156421875 0.3899196421875 0.3998156421875 0.3899196421875 0.4165139671875 0.402522321875 0.4165139671875 0.402522321875 0.3998156421875
8 0.4959241078125 0.26159776562500003 0.3513705359375 0.26159776562500003 0.3513705359375 0.4267206703125 0.4959241078125 0.4267206703125 0.4959241078125 0.26159776562500003
8 0.873241071875 0.000927375 0.838397321875 0.000927375 0.838397321875 0.0213351953125 0.873241071875 0.0213351953125 0.873241071875 0.000927375
8 0.606375 0.603899440625 0.5893258921875 0.603899440625 0.5893258921875 0.6150279328125 0.606375 0.6150279328125 0.606375 0.603899440625
8 0.6011875 0.542675978125 0.5774642859375 0.542675978125 0.5774642859375 0.5797821234375 0.6011875 0.5797821234375 0.6011875 0.542675978125
8 0.56115625 0.535251396875 0.5411428578125 0.535251396875 0.5411428578125 0.55380446875 0.56115625 0.55380446875 0.56115625 0.535251396875
8 0.7398080359375 0.6985195531249999 0.7257232140625 0.6985195531249999 0.7257232140625 0.7235642453125 0.7398080359375 0.7235642453125 0.7398080359375 0.6985195531249999
8 0.70496875 0.644715084375 0.690883928125 0.644715084375 0.690883928125 0.6614134078125 0.70496875 0.6614134078125 0.70496875 0.644715084375
8 0.7664955359375 0.6493519546875001 0.716084821875 0.6493519546875001 0.716084821875 0.72541899375 0.7664955359375 0.72541899375 0.7664955359375 0.6493519546875001
8 0.48258035781249997 0.815402234375 0.471459821875 0.815402234375 0.471459821875 0.8283910609375 0.48258035781249997 0.8283910609375 0.48258035781249997 0.815402234375
8 0.47961607187500005 0.82003910625 0.46553125 0.82003910625 0.46553125 0.831173184375 0.47961607187500005 0.831173184375 0.47961607187500005 0.82003910625
8 0.2727946421875 0.6345083796875 0.26315625 0.6345083796875 0.26315625 0.64842458125 0.2727946421875 0.64842458125 0.2727946421875 0.6345083796875
8 0.2727946421875 0.9424916203124999 0.2594508921875 0.9424916203124999 0.2594508921875 0.9638268156249999 0.2727946421875 0.9638268156249999 0.2727946421875 0.9424916203124999
8 0.28465625 0.8376648046874999 0.2727946421875 0.8376648046874999 0.2727946421875 0.859927375 0.28465625 0.859927375 0.28465625 0.8376648046874999
8 0.7672366078125 0.784787709375 0.7398080359375 0.784787709375 0.7398080359375 0.8228212296875 0.7672366078125 0.8228212296875 0.7672366078125 0.784787709375
8 0.7776116078124999 0.9304301671875 0.765008928125 0.9304301671875 0.765008928125 0.9471284921875001 0.7776116078124999 0.9471284921875001 0.7776116078124999 0.9304301671875
8 0.14974107187500002 0.5398882687500001 0.134915178125 0.5398882687500001 0.134915178125 0.5547318437500001 0.14974107187500002 0.5547318437500001 0.14974107187500002 0.5398882687500001