4 0.171875 0.69140625 0.0019553578125 0.69140625 0.0019553578125 0.98828125 0.171875 0.98828125 0.171875 0.69140625
3 0.9765625 0.1933616078125 0.8222678578125 0.1933616078125 0.8222678578125 0.3105491078125 0.9765625 0.3105491078125 0.9765625 0.1933616078125
3 0.6269553578125 0.58203125 0.58203125 0.58203125 0.58203125 0.71875 0.6269553578125 0.71875 0.6269553578125 0.58203125
5 0.8691428578125 0.0644553578125 0.2578125 0.0644553578125 0.2578125 0.5703125 0.8691428578125 0.5703125 0.8691428578125 0.0644553578125
4 0.87890625 0.2246116078125 0.8515625 0.2246116078125 0.8515625 0.26953125 0.87890625 0.26953125 0.87890625 0.2246116078125
4 0.9941428578125 0.23046875 0.9355491078125 0.23046875 0.9355491078125 0.3046875 0.9941428578125 0.3046875 0.9941428578125 0.23046875
4 0.5703125 0.8847678578125 0.5253928578125 0.8847678578125 0.5253928578125 0.93359375 0.5703125 0.93359375 0.5703125 0.8847678578125
3 0.56640625 0.8886741078125 0.5253928578125 0.8886741078125 0.5253928578125 0.9199241078125 0.56640625 0.9199241078125 0.56640625 0.8886741078125
3 0.40039285781249995 0.5253928578125 0.3808616078125 0.5253928578125 0.3808616078125 0.546875 0.40039285781249995 0.546875 0.40039285781249995 0.5253928578125
3 0.3925803578125 0.5566428578125 0.3652366078125 0.5566428578125 0.3652366078125 0.5878928578125 0.3925803578125 0.5878928578125 0.3925803578125 0.5566428578125
3 0.3457053578125 0.5878928578125 0.32421875 0.5878928578125 0.32421875 0.6113303578125 0.3457053578125 0.6113303578125 0.3457053578125 0.5878928578125
3 0.30078125 0.58984375 0.26953125 0.58984375 0.26953125 0.62109375 0.30078125 0.62109375 0.30078125 0.58984375
3 0.42383035781249995 0.6894553578125 0.390625 0.6894553578125 0.390625 0.7128928578125 0.42383035781249995 0.7128928578125 0.42383035781249995 0.6894553578125
4 0.9082053578125 0.5527366078125 0.890625 0.5527366078125 0.890625 0.58984375 0.9082053578125 0.58984375 0.9082053578125 0.5527366078125
4 0.96484375 0.5488303578125 0.94140625 0.5488303578125 0.94140625 0.6113303578125 0.96484375 0.6113303578125 0.96484375 0.5488303578125
4 0.8203125 0.49023660781249995 0.7871116078125 0.49023660781249995 0.7871116078125 0.5253928578125 0.8203125 0.5253928578125 0.8203125 0.49023660781249995