4 0.070821428125 0.18791071406249998 0.001415178125 0.18791071406249998 0.001415178125 0.20774404687499998 0.070821428125 0.20774404687499998 0.070821428125 0.18791071406249998
4 0.0453258921875 0.2171845234375 0.002125 0.2171845234375 0.002125 0.2370178578125 0.0453258921875 0.2370178578125 0.0453258921875 0.2171845234375
4 0.1303125 0.329553571875 0.001415178125 0.329553571875 0.001415178125 0.3503333328125 0.1303125 0.3503333328125 0.1303125 0.329553571875
4 0.019830357812499998 0.35882738125 0.001415178125 0.35882738125 0.001415178125 0.3777142859375 0.019830357812499998 0.3777142859375 0.019830357812499998 0.35882738125
4 0.063741071875 0.3578869046875 0.0304553578125 0.3578869046875 0.0304553578125 0.3767678578125 0.063741071875 0.3767678578125 0.063741071875 0.3578869046875
4 0.9759196421875 0.0472142859375 0.93271875 0.0472142859375 0.93271875 0.1010416671875 0.9759196421875 0.1010416671875 0.9759196421875 0.0472142859375
7 0.6005669640625 0.0217202375 0.2825758921875 0.0217202375 0.2825758921875 0.18602380937500002 0.6005669640625 0.18602380937500002 0.6005669640625 0.0217202375
8 0.6621830359375 1 0.6621830359375 0.9263452375 0.5354107140625 0.9263452375 0.5354107140625 1 0.6621830359375 1
8 0.6954687500000001 0.4494821421875 0.67634375 0.4494821421875 0.67634375 0.491976190625 0.6954687500000001 0.491976190625 0.6954687500000001 0.4494821421875
8 0.6536830359375 0.417375 0.6310178578125 0.417375 0.6310178578125 0.44853571406250003 0.6536830359375 0.44853571406250003 0.6536830359375 0.417375
8 0.7167142859375 0.374880953125 0.7067991078125 0.374880953125 0.7067991078125 0.3937678578125 0.7167142859375 0.3937678578125 0.7167142859375 0.374880953125
8 0.7230892859375 0.3503333328125 0.7167142859375 0.3503333328125 0.7167142859375 0.3626071421875 0.7230892859375 0.3626071421875 0.7230892859375 0.3503333328125
8 0.707508928125 0.3361666671875 0.68696875 0.3361666671875 0.68696875 0.3578869046875 0.707508928125 0.3578869046875 0.707508928125 0.3361666671875
8 0.670678571875 0.3569404765625 0.6579330359375 0.3569404765625 0.6579330359375 0.37299404687500004 0.670678571875 0.37299404687500004 0.670678571875 0.3569404765625
8 0.6310178578125 0.355053571875 0.614022321875 0.355053571875 0.614022321875 0.3701607140625 0.6310178578125 0.3701607140625 0.6310178578125 0.355053571875
8 0.607647321875 0.3692142859375 0.5927767859374999 0.3692142859375 0.5927767859374999 0.38054761875 0.607647321875 0.38054761875 0.607647321875 0.3692142859375
8 0.626772321875 0.28895238125 0.603397321875 0.28895238125 0.603397321875 0.303119046875 0.626772321875 0.303119046875 0.626772321875 0.28895238125
8 0.6331428578125 0.253071428125 0.6189821421875 0.253071428125 0.6189821421875 0.2710119046875 0.6331428578125 0.2710119046875 0.6331428578125 0.253071428125
8 0.581446428125 0.269119046875 0.56090625 0.269119046875 0.56090625 0.2823392859375 0.581446428125 0.2823392859375 0.581446428125 0.269119046875
8 0.34773214218750004 0.18980357187500002 0.3279017859375 0.18980357187500002 0.3279017859375 0.2426845234375 0.34773214218750004 0.2426845234375 0.34773214218750004 0.18980357187500002
8 0.5679866078125 0.11614880937500001 0.5375357140625 0.11614880937500001 0.5375357140625 0.18791071406249998 0.5679866078125 0.18791071406249998 0.5679866078125 0.11614880937500001
8 0.5432008921875 0.1869702375 0.5318705359375 0.1869702375 0.5318705359375 0.199244046875 0.5432008921875 0.199244046875 0.5432008921875 0.1869702375
8 0.6529732140625 0.3087797625 0.644477678125 0.3087797625 0.644477678125 0.3153928578125 0.6529732140625 0.3153928578125 0.6529732140625 0.3087797625
8 0.640227678125 0.41548809531249997 0.6260625 0.41548809531249997 0.6260625 0.429648809375 0.640227678125 0.429648809375 0.640227678125 0.41548809531249997
8 0.3420669640625 0.2464583328125 0.3264866078125 0.2464583328125 0.3264866078125 0.2615654765625 0.3420669640625 0.2615654765625 0.3420669640625 0.2464583328125
8 0.146602678125 0.1954702375 0.0764866078125 0.1954702375 0.0764866078125 0.39943452343749997 0.146602678125 0.39943452343749997 0.146602678125 0.1954702375
8 0.120397321875 0.18980357187500002 0.0821517859375 0.18980357187500002 0.0821517859375 0.289898809375 0.120397321875 0.289898809375 0.120397321875 0.18980357187500002
8 0.0984419640625 0.43531547656249997 0.0871116078125 0.43531547656249997 0.0871116078125 0.46270238125 0.0984419640625 0.46270238125 0.0984419640625 0.43531547656249997
5 0.6182723218749999 0.525023809375 0.11473214218750001 0.525023809375 0.11473214218750001 0.9933928578125 0.6182723218749999 0.9933928578125 0.6182723218749999 0.525023809375