7 0.5762946421875 1 0.5762946421875 0.9399385468749999 0.308147321875 0.9399385468749999 0.308147321875 1 0.5762946421875 1
1 0.3748169640625 0.1835363125 0.0296294640625 0.1835363125 0.0296294640625 0.5469050281250001 0.3748169640625 0.5469050281250001 0.3748169640625 0.1835363125
1 0.45777678593750004 0.0055642453125 0.33333482187499996 0.0055642453125 0.33333482187499996 0.220614525 0.45777678593750004 0.220614525 0.45777678593750004 0.0055642453125
1 0.691852678125 0.074156425 0.42814732187500004 0.074156425 0.42814732187500004 0.3040446921875 0.691852678125 0.3040446921875 0.691852678125 0.074156425
8 0.4 0.10011173124999999 0.38222321406250004 0.10011173124999999 0.38222321406250004 0.1112346375 0.4 0.1112346375 0.4 0.10011173124999999
8 0.31111160781249997 0.2261787703125 0.300741071875 0.2261787703125 0.300741071875 0.242865921875 0.31111160781249997 0.242865921875 0.31111160781249997 0.2261787703125
8 0.22666517812500003 0.33926815625 0.1703705359375 0.33926815625 0.1703705359375 0.35780446875 0.22666517812500003 0.35780446875 0.22666517812500003 0.33926815625
8 0.268147321875 0.32629050312499996 0.244446428125 0.32629050312499996 0.244446428125 0.33926815625 0.268147321875 0.33926815625 0.268147321875 0.32629050312499996
8 0.27259375 0.15758100625 0.260741071875 0.15758100625 0.260741071875 0.1798324015625 0.27259375 0.1798324015625 0.27259375 0.15758100625
8 0.2977767859375 0.20022346406249997 0.2859241078125 0.20022346406249997 0.2859241078125 0.21320111718749998 0.2977767859375 0.21320111718749998 0.2977767859375 0.20022346406249997
4 0.9985178578125 0.95477095 0.9762946421875001 0.95477095 0.9762946421875001 0.98257541875 0.9985178578125 0.98257541875 0.9985178578125 0.95477095
4 0.044446428125 0.8972960890625 0.0059241078125 0.8972960890625 0.0059241078125 0.9881396640625001 0.044446428125 0.9881396640625001 0.044446428125 0.8972960890625
2 0.9733348218750001 0.491290503125 0.6 0.491290503125 0.6 0.9269608937499999 0.9733348218750001 0.9269608937499999 0.9733348218750001 0.491290503125