4 0.45898660781249995 0.2949241078125 0.2402366078125 0.2949241078125 0.2402366078125 0.45703125 0.45898660781249995 0.45703125 0.45898660781249995 0.2949241078125
4 0.07421875 0.44140625 0.00390625 0.44140625 0.00390625 0.640625 0.07421875 0.640625 0.07421875 0.44140625
4 0.46875 0.5410178578125 0.2910178578125 0.5410178578125 0.2910178578125 0.71484375 0.46875 0.71484375 0.46875 0.5410178578125
4 0.68359375 0.1875 0.6015625 0.1875 0.6015625 0.26953125 0.68359375 0.26953125 0.68359375 0.1875
4 0.25 0.3339866078125 0.1425803578125 0.3339866078125 0.1425803578125 0.49414285781249995 0.25 0.49414285781249995 0.25 0.3339866078125
4 0.2050803578125 0.42383035781249995 0.0839866078125 0.42383035781249995 0.0839866078125 0.5878928578125 0.2050803578125 0.5878928578125 0.2050803578125 0.42383035781249995
4 0.9824241078125 0.546875 0.92578125 0.546875 0.92578125 0.6269553578125 0.9824241078125 0.6269553578125 0.9824241078125 0.546875
4 0.28125 0.7636741078125 0.16796875 0.7636741078125 0.16796875 0.8378928578125 0.28125 0.8378928578125 0.28125 0.7636741078125
5 0.9824241078125 0.7363303578125 0.07421875 0.7363303578125 0.07421875 0.9941428578125 0.9824241078125 0.9941428578125 0.9824241078125 0.7363303578125
6 0.69921875 0.7890625 0.1171875 0.7890625 0.1171875 0.9902366078125 0.69921875 0.9902366078125 0.69921875 0.7890625
8 0.2832053578125 0.8417991078125 0.20703125 0.8417991078125 0.20703125 0.88671875 0.2832053578125 0.88671875 0.2832053578125 0.8417991078125
8 0.578125 0.96484375 0.5175803578125 0.96484375 0.5175803578125 0.9941428578125 0.578125 0.9941428578125 0.578125 0.96484375
8 0.24609375 0.7753928578125 0.2011741078125 0.7753928578125 0.2011741078125 0.80859375 0.24609375 0.80859375 0.24609375 0.7753928578125
8 0.0527366078125 0.48046875 0.0019553578125 0.48046875 0.0019553578125 0.5605491078125 0.0527366078125 0.5605491078125 0.0527366078125 0.48046875
8 0.3964866078125 0.375 0.3574241078125 0.375 0.3574241078125 0.421875 0.3964866078125 0.421875 0.3964866078125 0.375