4 0.5467008921875001 0.01175 0.0068571421875 0.01175 0.0068571421875 0.994 0.5467008921875001 0.994 0.5467008921875001 0.01175
3 0.1448169640625 0.3261122453125 0.0017142859375 0.3261122453125 0.0017142859375 0.6326377546875 0.1448169640625 0.6326377546875 0.1448169640625 0.3261122453125
7 0.1259642859375 0.01175 0.0077142859375 0.01175 0.0077142859375 0.279102040625 0.1259642859375 0.279102040625 0.1259642859375 0.01175
8 0.401883928125 0.0176275515625 0.294772321875 0.0176275515625 0.294772321875 0.2781224484375 0.401883928125 0.2781224484375 0.401883928125 0.0176275515625
8 0.17309375 0.6923724484375 0.1225357140625 0.6923724484375 0.1225357140625 0.7384030609375001 0.17309375 0.7384030609375001 0.17309375 0.6923724484375
8 0.1876607140625 0.325132653125 0.1353883921875 0.325132653125 0.1353883921875 0.60129591875 0.1876607140625 0.60129591875 0.1876607140625 0.325132653125
8 0.071977678125 0.31240306093750003 0.0068571421875 0.31240306093750003 0.0068571421875 0.37801530625 0.071977678125 0.37801530625 0.071977678125 0.31240306093750003
8 0.3993125 0.45342346874999995 0.32733482187499996 0.45342346874999995 0.32733482187499996 0.46223469375 0.3993125 0.46223469375 0.3993125 0.45342346874999995
8 0.08654464218749999 0.4925918375 0.0471294640625 0.4925918375 0.0471294640625 0.5043469390624999 0.08654464218749999 0.5043469390624999 0.08654464218749999 0.4925918375
8 0.023991071875 0.394663265625 0.0077142859375 0.394663265625 0.0077142859375 0.44852551093750004 0.023991071875 0.44852551093750004 0.023991071875 0.394663265625
5 0.8449017859374999 0.257561225 0.5115669640625 0.257561225 0.5115669640625 0.47692346875 0.8449017859374999 0.47692346875 0.8449017859374999 0.257561225