5 0.8680491078125 0.0287597765625 0.3513705359375 0.0287597765625 0.3513705359375 0.4740279328125 0.8680491078125 0.4740279328125 0.8680491078125 0.0287597765625
8 0.63825 0.011134078125 0.5707946421875 0.011134078125 0.5707946421875 0.06493296093749999 0.63825 0.06493296093749999 0.63825 0.011134078125
8 0.8487767859375 0.4007430171875 0.754633928125 0.4007430171875 0.754633928125 0.481446928125 0.8487767859375 0.481446928125 0.8487767859375 0.4007430171875
8 0.759821428125 0.551022346875 0.7079330359375 0.551022346875 0.7079330359375 0.6029720671875001 0.759821428125 0.6029720671875001 0.759821428125 0.551022346875
8 0.7939196421875 0.63358100625 0.733875 0.63358100625 0.733875 0.7625251390625001 0.7939196421875 0.7625251390625001 0.7939196421875 0.63358100625
8 0.677540178125 0.5630837984375 0.6338035718749999 0.5630837984375 0.6338035718749999 0.5992625703125001 0.677540178125 0.5992625703125001 0.677540178125 0.5630837984375
7 0.2816919640625 0.86549720625 0.07116517812499999 0.86549720625 0.07116517812499999 0.9888715078124999 0.2816919640625 0.9888715078124999 0.2816919640625 0.86549720625
2 0.9310580359375 0.35436312812500004 0.16382589218750002 0.35436312812500004 0.16382589218750002 0.9610446921875001 0.9310580359375 0.9610446921875001 0.9310580359375 0.35436312812500004
1 0.426241071875 0.051022346875 0.3669375 0.051022346875 0.3669375 0.1855307265625 0.426241071875 0.1855307265625 0.426241071875 0.051022346875
1 0.3602678578125 0.0064916203125 0.1979241078125 0.0064916203125 0.1979241078125 0.30426815625 0.3602678578125 0.30426815625 0.3602678578125 0.0064916203125
8 0.645665178125 0.0927653625 0.6293571421874999 0.0927653625 0.6293571421874999 0.11410055937500001 0.645665178125 0.11410055937500001 0.645665178125 0.0927653625
8 0.8435892859375 0.8738435750000001 0.7998526781249999 0.8738435750000001 0.7998526781249999 0.910022346875 0.8435892859375 0.910022346875 0.8435892859375 0.8738435750000001
2 0.9962946421875 0.0102067046875 0.0022232140625000002 0.0102067046875 0.0022232140625000002 0.99258100625 0.9962946421875 0.99258100625 0.9962946421875 0.0102067046875
3 0.6864330359374999 0.0640055859375 0.638991071875 0.0640055859375 0.638991071875 0.141 0.6864330359374999 0.141 0.6864330359374999 0.0640055859375
3 0.528540178125 0.20964804531249998 0.484803571875 0.20964804531249998 0.484803571875 0.25696089375 0.528540178125 0.25696089375 0.528540178125 0.20964804531249998
3 0.5663437499999999 0.245826815625 0.5463303578125001 0.245826815625 0.5463303578125001 0.27365363125000003 0.5663437499999999 0.27365363125000003 0.5663437499999999 0.245826815625
3 0.43513839218749994 0.2588156421875 0.3632321421875 0.2588156421875 0.3632321421875 0.379407821875 0.43513839218749994 0.379407821875 0.43513839218749994 0.2588156421875
3 0.48925 0.43692178750000005 0.4358794640625 0.43692178750000005 0.4358794640625 0.48608938593750006 0.48925 0.48608938593750006 0.48925 0.43692178750000005
3 0.7976294640625 0.000927375 0.677540178125 0.000927375 0.677540178125 0.06957541874999999 0.7976294640625 0.06957541874999999 0.7976294640625 0.000927375
3 0.870272321875 0.042670390625 0.8354330359375 0.042670390625 0.8354330359375 0.10018435781249999 0.870272321875 0.10018435781249999 0.870272321875 0.042670390625
3 0.538178571875 0.0018547484375 0.5085267859375 0.0018547484375 0.5085267859375 0.014843575000000001 0.538178571875 0.014843575000000001 0.538178571875 0.0018547484375
3 0.2750178578125 0.105754190625 0.225352678125 0.105754190625 0.225352678125 0.1623407828125 0.2750178578125 0.1623407828125 0.2750178578125 0.105754190625
3 0.5722767859375 0.355290503125 0.5463303578125001 0.355290503125 0.5463303578125001 0.38311731875 0.5722767859375 0.38311731875 0.5722767859375 0.355290503125
3 0.6345446421875 0.26252513906249997 0.5952544640624999 0.26252513906249997 0.5952544640624999 0.30519553125 0.6345446421875 0.30519553125 0.6345446421875 0.26252513906249997