5 0.6219419640625 0.159553071875 0.5248348218750001 0.159553071875 0.5248348218750001 0.29592178750000003 0.6219419640625 0.29592178750000003 0.6219419640625 0.159553071875
8 0.5174196421875 0.24211731875 0.4818392859375 0.24211731875 0.4818392859375 0.28664245781250003 0.5174196421875 0.28664245781250003 0.5174196421875 0.24211731875
8 0.5478125 0.2356201125 0.523352678125 0.2356201125 0.523352678125 0.27458100625 0.5478125 0.27458100625 0.5478125 0.2356201125
8 0.5389196421875 0.35621787656250004 0.5085267859375 0.35621787656250004 0.5085267859375 0.4192960890625 0.5389196421875 0.4192960890625 0.5389196421875 0.35621787656250004
3 0.37954017812499996 0.1066815640625 0.3313571421875 0.1066815640625 0.3313571421875 0.15677095000000002 0.37954017812499996 0.15677095000000002 0.37954017812499996 0.1066815640625
3 0.308375 0.02411731875 0.2787232140625 0.02411731875 0.2787232140625 0.082558659375 0.308375 0.082558659375 0.308375 0.02411731875
3 0.2809508921875 0.0807039109375 0.265383928125 0.0807039109375 0.265383928125 0.11317318437499999 0.2809508921875 0.11317318437499999 0.2809508921875 0.0807039109375
3 0.317272321875 0.0918379890625 0.2935491078125 0.0918379890625 0.2935491078125 0.12894413437500002 0.317272321875 0.12894413437500002 0.317272321875 0.0918379890625
3 0.3128258921875 0.15862569843750002 0.2913258921875 0.15862569843750002 0.2913258921875 0.20872067031250002 0.3128258921875 0.20872067031250002 0.3128258921875 0.15862569843750002
3 0.2794642859375 0.1855307265625 0.2483303578125 0.1855307265625 0.2483303578125 0.21985474843750002 0.2794642859375 0.21985474843750002 0.2794642859375 0.1855307265625
3 0.230540178125 0.15491620156250002 0.21497321406249997 0.15491620156250002 0.21497321406249997 0.1892402234375 0.230540178125 0.1892402234375 0.230540178125 0.15491620156250002
3 0.29429017812499997 0.1651229046875 0.10452232187499999 0.1651229046875 0.10452232187499999 0.5371061453125 0.29429017812499997 0.5371061453125 0.29429017812499997 0.1651229046875
3 0.443290178125 0.589055865625 0.307633928125 0.589055865625 0.307633928125 0.721709496875 0.443290178125 0.721709496875 0.443290178125 0.589055865625
3 0.890290178125 0.784787709375 0.7183080359375 0.784787709375 0.7183080359375 0.9972234640625001 0.890290178125 0.9972234640625001 0.890290178125 0.784787709375
8 0.9933303578125001 0.2801508375 0.9614508921875 0.2801508375 0.9614508921875 0.347865921875 0.9933303578125001 0.347865921875 0.9933303578125001 0.2801508375
3 0.927352678125 0.525977653125 0.8836160718749999 0.525977653125 0.8836160718749999 0.5779217875 0.927352678125 0.5779217875 0.927352678125 0.525977653125
3 0.98665625 0.5 0.9629375 0.5 0.9629375 0.535251396875 0.98665625 0.535251396875 0.98665625 0.5
7 0.25278125 0.628016759375 0.012602678124999999 0.628016759375 0.012602678124999999 0.9823798874999999 0.25278125 0.9823798874999999 0.25278125 0.628016759375
3 0.25055803593750003 0.089055865625 0.225352678125 0.089055865625 0.225352678125 0.14378770937500002 0.25055803593750003 0.14378770937500002 0.25055803593750003 0.089055865625
3 0.9799866078124999 0.30519553125 0.9147500000000001 0.30519553125 0.9147500000000001 0.49072625625 0.9799866078124999 0.49072625625 0.9799866078124999 0.30519553125
3 0.98665625 0.1252346375 0.910303571875 0.1252346375 0.910303571875 0.26345251406250003 0.98665625 0.26345251406250003 0.98665625 0.1252346375
3 0.9962946421875 0.60111731875 0.7916964281250001 0.60111731875 0.7916964281250001 0.939709496875 0.9962946421875 0.939709496875 0.9962946421875 0.60111731875
3 0.49666517812500005 0.6966648046875 0.44180803593749995 0.6966648046875 0.44180803593749995 0.7439720671875001 0.49666517812500005 0.7439720671875001 0.49666517812500005 0.6966648046875
8 0.16753125 0.5909106140625 0.1527053578125 0.5909106140625 0.1527053578125 0.6103910609375001 0.16753125 0.6103910609375001 0.16753125 0.5909106140625
8 0.2379553578125 0.4359944140625 0.22831696406250002 0.4359944140625 0.22831696406250002 0.4462011171875 0.2379553578125 0.4462011171875 0.2379553578125 0.4359944140625
8 0.521866071875 0.385899440625 0.515196428125 0.385899440625 0.515196428125 0.3951787703125 0.521866071875 0.3951787703125 0.521866071875 0.385899440625
8 0.701258928125 0.9842346375 0.6945892859375 0.9842346375 0.6945892859375 0.9972234640625001 0.701258928125 0.9972234640625001 0.701258928125 0.9842346375
8 0.7272053578125 0.9619720671875 0.7190491078125001 0.9619720671875 0.7190491078125001 0.9768156421875 0.7272053578125 0.9768156421875 0.7272053578125 0.9619720671875
8 0.7242410718750001 0.9378491625 0.7175669640625 0.9378491625 0.7175669640625 0.9573296093750001 0.7242410718750001 0.9573296093750001 0.7242410718750001 0.9378491625
8 0.7212767859375 0.9814525140624999 0.7138616078125 0.9814525140624999 0.7138616078125 0.9962960890625 0.7212767859375 0.9962960890625 0.7212767859375 0.9814525140624999
8 0.7531517859375 0.8923966484375001 0.7420312499999999 0.8923966484375001 0.7420312499999999 0.9026033515625 0.7531517859375 0.9026033515625 0.7531517859375 0.8923966484375001
8 0.7531517859375 0.9026033515625 0.7457366078125001 0.9026033515625 0.7457366078125001 0.92022905 0.7531517859375 0.92022905 0.7531517859375 0.9026033515625
8 0.8613794640625001 0.92857541875 0.8524821421875 0.92857541875 0.8524821421875 0.9499106140625001 0.8613794640625001 0.9499106140625001 0.8613794640625001 0.92857541875
8 0.7954017859375 0.9777430171875 0.7865089281250001 0.9777430171875 0.7865089281250001 0.99165363125 0.7954017859375 0.99165363125 0.7954017859375 0.9777430171875
8 0.86434375 0.9638268156249999 0.8569330359375 0.9638268156249999 0.8569330359375 0.9740279328125 0.86434375 0.9740279328125 0.86434375 0.9638268156249999
8 0.8339508921875 0.8886871515625 0.826540178125 0.8886871515625 0.826540178125 0.901675978125 0.8339508921875 0.901675978125 0.8339508921875 0.8886871515625
8 0.868790178125 0.8905419 0.8628616078125001 0.8905419 0.8628616078125001 0.9026033515625 0.868790178125 0.9026033515625 0.868790178125 0.8905419
8 0.8443303578125001 0.8274636875000001 0.8361741078125 0.8274636875000001 0.8361741078125 0.838592178125 0.8443303578125001 0.838592178125 0.8443303578125001 0.8274636875000001
8 0.8169017859375 0.94527374375 0.8072633921874999 0.94527374375 0.8072633921874999 0.9610446921875001 0.8169017859375 0.9610446921875001 0.8169017859375 0.94527374375