8 0.22090625 0.01577095 0.161602678125 0.01577095 0.161602678125 0.074212290625 0.22090625 0.074212290625 0.22090625 0.01577095
8 0.3469241078125 0.1502793296875 0.2483303578125 0.1502793296875 0.2483303578125 0.24118994374999997 0.3469241078125 0.24118994374999997 0.3469241078125 0.1502793296875
8 0.21497321406249997 0.29777653593750003 0.19051339218750002 0.29777653593750003 0.19051339218750002 0.32653072656250004 0.21497321406249997 0.32653072656250004 0.21497321406249997 0.29777653593750003
8 0.303928571875 0.7235642453125 0.2335044640625 0.7235642453125 0.2335044640625 0.7653072625 0.303928571875 0.7653072625 0.303928571875 0.7235642453125
8 0.335803571875 0.32003910625 0.29948214218749997 0.32003910625 0.29948214218749997 0.3571452515625 0.335803571875 0.3571452515625 0.335803571875 0.32003910625
8 0.4277232140625 0.40630726250000004 0.3498883921875 0.40630726250000004 0.3498883921875 0.45640223437499994 0.4277232140625 0.45640223437499994 0.4277232140625 0.40630726250000004
8 0.46849553593750004 0.3218938546875 0.4455133921875 0.3218938546875 0.4455133921875 0.35436312812500004 0.46849553593750004 0.35436312812500004 0.46849553593750004 0.3218938546875
8 0.434397321875 0.23748044687499997 0.41586160781250003 0.23748044687499997 0.41586160781250003 0.27179888281250003 0.434397321875 0.27179888281250003 0.434397321875 0.23748044687499997
8 0.548553571875 0.3506480453125 0.4818392859375 0.3506480453125 0.4818392859375 0.4044525140625 0.548553571875 0.4044525140625 0.548553571875 0.3506480453125
5 0.44032589218749996 0.3367374296875 0.35878571406250004 0.3367374296875 0.35878571406250004 0.40723463750000005 0.44032589218749996 0.40723463750000005 0.44032589218749996 0.3367374296875
2 0.58784375 0.24118994374999997 0.17271875 0.24118994374999997 0.17271875 0.8014860328125 0.58784375 0.8014860328125 0.58784375 0.24118994374999997
3 0.07190625 0.60018994375 0.037803571875000004 0.60018994375 0.037803571875000004 0.6892402234375 0.07190625 0.6892402234375 0.07190625 0.60018994375
3 0.6582633921875 0.518553071875 0.6286116078124999 0.518553071875 0.6286116078124999 0.5630837984375 0.6582633921875 0.5630837984375 0.6582633921875 0.518553071875
8 0.06375 0.4118770953125 0.0370625 0.4118770953125 0.0370625 0.4582569828125 0.06375 0.4582569828125 0.06375 0.4118770953125
8 0.1541875 0.3024134078125 0.1223125 0.3024134078125 0.1223125 0.344156425 0.1541875 0.344156425 0.1541875 0.3024134078125
8 0.3180133921875 0.5872011171875 0.289102678125 0.5872011171875 0.289102678125 0.61688826875 0.3180133921875 0.61688826875 0.3180133921875 0.5872011171875
8 0.290584821875 0.55380446875 0.2690892859375 0.55380446875 0.2690892859375 0.589983240625 0.290584821875 0.589983240625 0.290584821875 0.55380446875
8 0.258709821875 0.581636871875 0.24017857187499997 0.581636871875 0.24017857187499997 0.604826815625 0.258709821875 0.604826815625 0.258709821875 0.581636871875
2 0.9977767859375 0.012061453125 0.637508928125 0.012061453125 0.637508928125 0.9981508375000001 0.9977767859375 0.9981508375000001 0.9977767859375 0.012061453125