8 0.838397321875 0.362709496875 0.7835446421875 0.362709496875 0.7835446421875 0.4118770953125 0.838397321875 0.4118770953125 0.838397321875 0.362709496875
8 0.8665669640625 0.3970335203125 0.8398794640625 0.3970335203125 0.8398794640625 0.42578770937500005 0.8665669640625 0.42578770937500005 0.8665669640625 0.3970335203125
8 0.761303571875 0.4035251390625 0.7242410718750001 0.4035251390625 0.7242410718750001 0.42578770937500005 0.761303571875 0.42578770937500005 0.761303571875 0.4035251390625
8 0.709415178125 0.4053798875 0.6901428578125001 0.4053798875 0.6901428578125001 0.4239329609375 0.709415178125 0.4239329609375 0.709415178125 0.4053798875
8 0.677540178125 0.4053798875 0.6501116078125 0.4053798875 0.6501116078125 0.4313575421875 0.677540178125 0.4313575421875 0.677540178125 0.4053798875
8 0.6160133921875001 0.42115083750000004 0.5908080359375 0.42115083750000004 0.5908080359375 0.44526815624999994 0.6160133921875001 0.44526815624999994 0.6160133921875001 0.42115083750000004
8 0.6486294640625 0.4118770953125 0.6174955359375 0.4118770953125 0.6174955359375 0.4434134078125 0.6486294640625 0.4434134078125 0.6486294640625 0.4118770953125
8 0.5040758921874999 0.6790391062500001 0.464790178125 0.6790391062500001 0.464790178125 0.7115083796875 0.5040758921874999 0.7115083796875 0.5040758921874999 0.6790391062500001
8 0.6278705359375001 0.8905419 0.6034107140625 0.8905419 0.6034107140625 0.9230111734375 0.6278705359375001 0.9230111734375 0.6278705359375001 0.8905419
8 0.5952544640624999 0.909094971875 0.5715357140624999 0.909094971875 0.5715357140624999 0.9369217875 0.5952544640624999 0.9369217875 0.5952544640624999 0.909094971875
8 0.555227678125 0.9128044687499999 0.5307633921875 0.9128044687499999 0.5307633921875 0.940636871875 0.555227678125 0.940636871875 0.555227678125 0.9128044687499999
8 0.5248348218750001 0.9434189937499999 0.501852678125 0.9434189937499999 0.501852678125 0.973100559375 0.5248348218750001 0.973100559375 0.5248348218750001 0.9434189937499999
8 0.515196428125 0.918368715625 0.49221428593749994 0.918368715625 0.49221428593749994 0.9415642453125 0.515196428125 0.9415642453125 0.515196428125 0.918368715625
8 0.5322455359375 0.9109497203125001 0.516678571875 0.9109497203125001 0.516678571875 0.933212290625 0.5322455359375 0.933212290625 0.5322455359375 0.9109497203125001
8 0.6679017859374999 0.8608547484375 0.64640625 0.8608547484375 0.64640625 0.8868324015625 0.6679017859374999 0.8868324015625 0.6679017859374999 0.8608547484375
8 0.8109732140625001 0.9693910609374999 0.7902142859375 0.9693910609374999 0.7902142859375 0.9935083796875 0.8109732140625001 0.9935083796875 0.8109732140625001 0.9693910609374999
8 0.5900669640625 0.745826815625 0.5693125 0.745826815625 0.5693125 0.77180446875 0.5900669640625 0.77180446875 0.5900669640625 0.745826815625
8 0.6160133921875001 0.74118994375 0.5952544640624999 0.74118994375 0.5952544640624999 0.7653072625 0.6160133921875001 0.7653072625 0.6160133921875001 0.74118994375
8 0.6582633921875 0.6734748609375 0.637508928125 0.6734748609375 0.637508928125 0.7050111734375 0.6582633921875 0.7050111734375 0.6582633921875 0.6734748609375
8 0.3283928578125 0.666977653125 0.2928080359375 0.666977653125 0.2928080359375 0.7133631281249999 0.3283928578125 0.7133631281249999 0.3283928578125 0.666977653125
8 0.2868794640625 0.705938546875 0.266125 0.705938546875 0.266125 0.72727374375 0.2868794640625 0.72727374375 0.2868794640625 0.705938546875
8 0.392883928125 0.6567765359375 0.37361160781249997 0.6567765359375 0.37361160781249997 0.6855307265625 0.392883928125 0.6855307265625 0.392883928125 0.6567765359375
8 0.466272321875 0.5769944140625001 0.4455133921875 0.5769944140625001 0.4455133921875 0.604826815625 0.466272321875 0.604826815625 0.466272321875 0.5769944140625001
8 0.523352678125 0.487944134375 0.46701339218750004 0.487944134375 0.46701339218750004 0.5380335203125 0.523352678125 0.5380335203125 0.523352678125 0.487944134375
8 0.4633080359375 0.503715084375 0.426241071875 0.503715084375 0.426241071875 0.542675978125 0.4633080359375 0.542675978125 0.4633080359375 0.503715084375
8 0.4203125 0.5380335203125 0.39584821406250004 0.5380335203125 0.39584821406250004 0.5807094968750001 0.4203125 0.5807094968750001 0.4203125 0.5380335203125
8 0.24314285781249997 0.8116927374999999 0.2194196421875 0.8116927374999999 0.2194196421875 0.838592178125 0.24314285781249997 0.838592178125 0.24314285781249997 0.8116927374999999
8 0.2223883921875 0.8627094968750001 0.2090446421875 0.8627094968750001 0.2090446421875 0.8868324015625 0.2223883921875 0.8868324015625 0.2223883921875 0.8627094968750001
8 0.18680357187500002 0.8218938546875 0.14677678593750002 0.8218938546875 0.14677678593750002 0.8766256984374999 0.18680357187500002 0.8766256984374999 0.18680357187500002 0.8218938546875
8 0.19199553593750002 0.7699497203125001 0.1712366078125 0.7699497203125001 0.1712366078125 0.807983240625 0.19199553593750002 0.807983240625 0.19199553593750002 0.7699497203125001
8 0.1712366078125 0.72727374375 0.1519642859375 0.72727374375 0.1519642859375 0.7476815640625001 0.1712366078125 0.7476815640625001 0.1712366078125 0.72727374375
8 0.2965178578125 0.31911173125 0.2594508921875 0.31911173125 0.2594508921875 0.3692011171875 0.2965178578125 0.3692011171875 0.2965178578125 0.31911173125
8 0.3143080359375 0.3107597765625 0.29503124999999997 0.3107597765625 0.29503124999999997 0.34879329531250003 0.3143080359375 0.34879329531250003 0.3143080359375 0.3107597765625
8 0.2461071421875 0.3311675984375 0.2090446421875 0.3311675984375 0.2090446421875 0.3766256984375 0.2461071421875 0.3766256984375 0.2461071421875 0.3311675984375
8 0.2594508921875 0.300558659375 0.22831696406250002 0.300558659375 0.22831696406250002 0.340446928125 0.2594508921875 0.340446928125 0.2594508921875 0.300558659375
8 0.2816919640625 0.26994413437500003 0.244625 0.26994413437500003 0.244625 0.312614525 0.2816919640625 0.312614525 0.2816919640625 0.26994413437500003
8 0.1838392859375 0.25788826875000004 0.095625 0.25788826875000004 0.095625 0.3107597765625 0.1838392859375 0.3107597765625 0.1838392859375 0.25788826875000004
8 0.20162946406249999 0.2346927375 0.1712366078125 0.2346927375 0.1712366078125 0.2708715078125 0.20162946406249999 0.2708715078125 0.20162946406249999 0.2346927375
8 0.48258035781249997 0.17161452500000002 0.45070535781250004 0.17161452500000002 0.45070535781250004 0.21613966406250001 0.48258035781249997 0.21613966406250001 0.48258035781249997 0.17161452500000002
8 0.42327678593750007 0.1298715078125 0.3654553578125 0.1298715078125 0.3654553578125 0.21613966406250001 0.42327678593750007 0.21613966406250001 0.42327678593750007 0.1298715078125
8 0.3669375 0.159553071875 0.34321875 0.159553071875 0.34321875 0.1938770953125 0.3669375 0.1938770953125 0.3669375 0.159553071875
8 0.10304017812499999 0.6734748609375 0.0807991078125 0.6734748609375 0.0807991078125 0.703156425 0.10304017812499999 0.703156425 0.10304017812499999 0.6734748609375
8 0.7205357140624999 0.6734748609375 0.70496875 0.6734748609375 0.70496875 0.6938826812500001 0.7205357140624999 0.6938826812500001 0.7205357140624999 0.6734748609375
8 0.7449955359375 0.6706871515625 0.7242410718750001 0.6706871515625 0.7242410718750001 0.7152178765625 0.7449955359375 0.7152178765625 0.7449955359375 0.6706871515625
8 0.095625 0.6456424578125 0.072647321875 0.6456424578125 0.072647321875 0.6799664796875 0.095625 0.6799664796875 0.095625 0.6456424578125
8 0.117866071875 0.63172625625 0.1022991078125 0.63172625625 0.1022991078125 0.6577039109375 0.117866071875 0.6577039109375 0.117866071875 0.63172625625
8 0.1326919640625 0.628016759375 0.11564285781250001 0.628016759375 0.11564285781250001 0.6549217875 0.1326919640625 0.6549217875 0.1326919640625 0.628016759375
8 0.945883928125 0.6827486031250001 0.922165178125 0.6827486031250001 0.922165178125 0.706865921875 0.945883928125 0.706865921875 0.945883928125 0.6827486031250001
8 0.5796875 0.02411731875 0.5574508921875 0.02411731875 0.5574508921875 0.0556592171875 0.5796875 0.0556592171875 0.5796875 0.02411731875
8 0.56115625 0.0482402234375 0.5418839281250001 0.0482402234375 0.5418839281250001 0.0658603359375 0.56115625 0.0658603359375 0.56115625 0.0482402234375
8 0.208303571875 0.21892737499999998 0.1860625 0.21892737499999998 0.1860625 0.24118994374999997 0.208303571875 0.24118994374999997 0.208303571875 0.21892737499999998
8 0.225352678125 0.23933519531249997 0.2097857140625 0.23933519531249997 0.2097857140625 0.26159776562500003 0.225352678125 0.26159776562500003 0.225352678125 0.23933519531249997
8 0.22831696406250002 0.19480446875 0.2045982140625 0.19480446875 0.2045982140625 0.21985474843750002 0.22831696406250002 0.21985474843750002 0.22831696406250002 0.19480446875
8 0.5025937500000001 0.1391452515625 0.4862857140625 0.1391452515625 0.4862857140625 0.1651229046875 0.5025937500000001 0.1651229046875 0.5025937500000001 0.1391452515625
5 0.6226830359375 0.6753296093750001 0.5492946421875 0.6753296093750001 0.5492946421875 0.72634636875 0.6226830359375 0.72634636875 0.6226830359375 0.6753296093750001