4 0.46484375 0.2363303578125 0.2949241078125 0.2363303578125 0.2949241078125 0.41015625 0.46484375 0.41015625 0.46484375 0.2363303578125
4 0.359375 0.75 0.3105491078125 0.75 0.3105491078125 0.83203125 0.359375 0.83203125 0.359375 0.75
4 0.3847678578125 0.70703125 0.3378928578125 0.70703125 0.3378928578125 0.7714866078125 0.3847678578125 0.7714866078125 0.3847678578125 0.70703125
4 0.2597678578125 0.8613303578125 0.1796875 0.8613303578125 0.1796875 0.9394553578125 0.2597678578125 0.9394553578125 0.2597678578125 0.8613303578125
4 0.5800803578125 0.90625 0.515625 0.90625 0.515625 0.9765625 0.5800803578125 0.9765625 0.5800803578125 0.90625
8 0.9003928578125 0.8417991078125 0.8222678578125 0.8417991078125 0.8222678578125 0.9902366078125 0.9003928578125 0.9902366078125 0.9003928578125 0.8417991078125
5 0.60546875 0.2597678578125 0.078125 0.2597678578125 0.078125 0.8652366078125 0.60546875 0.8652366078125 0.60546875 0.2597678578125
4 0.2128928578125 0.10546875 0.0625 0.10546875 0.0625 0.2167991078125 0.2128928578125 0.2167991078125 0.2128928578125 0.10546875
4 0.1621116078125 0.0234375 0.1015625 0.0234375 0.1015625 0.07421875 0.1621116078125 0.07421875 0.1621116078125 0.0234375
4 0.44726785781249995 0.546875 0.40820535781249995 0.546875 0.40820535781249995 0.5957053578125 0.44726785781249995 0.5957053578125 0.44726785781249995 0.546875
4 0.98828125 0.3183616078125 0.9550803578125 0.3183616078125 0.9550803578125 0.359375 0.98828125 0.359375 0.98828125 0.3183616078125
4 0.5917991078125 0.7832053578125 0.5488303578125 0.7832053578125 0.5488303578125 0.83984375 0.5917991078125 0.83984375 0.5917991078125 0.7832053578125
3 0.55078125 0.60546875 0.5214866078125 0.60546875 0.5214866078125 0.6347678578125 0.55078125 0.6347678578125 0.55078125 0.60546875
3 0.5625 0.63671875 0.5292991078125 0.63671875 0.5292991078125 0.6796875 0.5625 0.6796875 0.5625 0.63671875
3 0.49023660781249995 0.0097678578125 0.4609375 0.0097678578125 0.4609375 0.03515625 0.49023660781249995 0.03515625 0.49023660781249995 0.0097678578125
3 0.3457053578125 0.5410178578125 0.3027366078125 0.5410178578125 0.3027366078125 0.58984375 0.3457053578125 0.58984375 0.3457053578125 0.5410178578125
3 0.41015625 0.6015625 0.3769553578125 0.6015625 0.3769553578125 0.6308616078125 0.41015625 0.6308616078125 0.41015625 0.6015625
4 0.3125 0.4140625 0.27734375 0.4140625 0.27734375 0.44140625 0.3125 0.44140625 0.3125 0.4140625