3 0.2285178578125 0.0644553578125 0.1269553578125 0.0644553578125 0.1269553578125 0.16015625 0.2285178578125 0.16015625 0.2285178578125 0.0644553578125
3 0.86328125 0.5703125 0.79296875 0.5703125 0.79296875 0.6855491078125 0.86328125 0.6855491078125 0.86328125 0.5703125
3 0.7265625 0.5605491078125 0.67578125 0.5605491078125 0.67578125 0.6230491078125 0.7265625 0.6230491078125 0.7265625 0.5605491078125
8 0.1699241078125 0.3730491078125 0.0917991078125 0.3730491078125 0.0917991078125 0.4921875 0.1699241078125 0.4921875 0.1699241078125 0.3730491078125
8 0.33203125 0.546875 0.2578125 0.546875 0.2578125 0.6015625 0.33203125 0.6015625 0.33203125 0.546875
8 0.5410178578125 0.7558616078125 0.47070535781249995 0.7558616078125 0.47070535781249995 0.8730491078125 0.5410178578125 0.8730491078125 0.5410178578125 0.7558616078125
8 0.3066428578125 0.8222678578125 0.26171875 0.8222678578125 0.26171875 0.8925803578125 0.3066428578125 0.8925803578125 0.3066428578125 0.8222678578125
8 0.6582053578125 0.65234375 0.6015625 0.65234375 0.6015625 0.7011741078125 0.6582053578125 0.7011741078125 0.6582053578125 0.65234375
8 0.40820535781249995 0.77734375 0.3671875 0.77734375 0.3671875 0.8496116078125 0.40820535781249995 0.8496116078125 0.40820535781249995 0.77734375
8 0.44336160781249995 0.8417991078125 0.3886741078125 0.8417991078125 0.3886741078125 0.89453125 0.44336160781249995 0.89453125 0.44336160781249995 0.8417991078125
8 0.2832053578125 0.6699241078125 0.2421875 0.6699241078125 0.2421875 0.7246116078125 0.2832053578125 0.7246116078125 0.2832053578125 0.6699241078125
3 0.8847678578125 0.3964866078125 0.7714866078125 0.3964866078125 0.7714866078125 0.5292991078125 0.8847678578125 0.5292991078125 0.8847678578125 0.3964866078125
3 0.6503928578125 0.029299107812500003 0.609375 0.029299107812500003 0.609375 0.0878928578125 0.6503928578125 0.0878928578125 0.6503928578125 0.029299107812500003
3 0.6230491078125 0.0839866078125 0.578125 0.0839866078125 0.578125 0.1308616078125 0.6230491078125 0.1308616078125 0.6230491078125 0.0839866078125
3 0.2246116078125 0.39453125 0.1875 0.39453125 0.1875 0.4375 0.2246116078125 0.4375 0.2246116078125 0.39453125
4 0.8457053578125 0.42578125 0.81640625 0.42578125 0.81640625 0.45898660781249995 0.8457053578125 0.45898660781249995 0.8457053578125 0.42578125
4 0.8339866078125 0.47851785781249995 0.8183616078125 0.47851785781249995 0.8183616078125 0.51171875 0.8339866078125 0.51171875 0.8339866078125 0.47851785781249995
4 0.8515625 0.6425803578125 0.83203125 0.6425803578125 0.83203125 0.66796875 0.8515625 0.66796875 0.8515625 0.6425803578125
4 0.828125 0.6015625 0.8046875 0.6015625 0.8046875 0.6386741078125 0.828125 0.6386741078125 0.828125 0.6015625
8 0.21484375 0.40234375 0.19921875 0.40234375 0.19921875 0.42578125 0.21484375 0.42578125 0.21484375 0.40234375
8 0.19140625 0.08203125 0.17578125 0.08203125 0.17578125 0.1015625 0.19140625 0.1015625 0.19140625 0.08203125
8 0.1855491078125 0.1152366078125 0.1699241078125 0.1152366078125 0.1699241078125 0.13671875 0.1855491078125 0.13671875 0.1855491078125 0.1152366078125
8 0.6953125 0.7441428578125 0.68359375 0.7441428578125 0.68359375 0.7578125 0.6953125 0.7578125 0.6953125 0.7441428578125
8 0.7050803578125 0.5957053578125 0.6894553578125 0.5957053578125 0.6894553578125 0.61328125 0.7050803578125 0.61328125 0.7050803578125 0.5957053578125
8 0.7089866078125 0.5761741078125 0.6953125 0.5761741078125 0.6953125 0.58984375 0.7089866078125 0.58984375 0.7089866078125 0.5761741078125
8 0.77734375 0.6796875 0.7675803578125 0.6796875 0.7675803578125 0.6953125 0.77734375 0.6953125 0.77734375 0.6796875