8 0.6894553578125 0.3300803578125 0.5410178578125 0.3300803578125 0.5410178578125 0.43359375 0.6894553578125 0.43359375 0.6894553578125 0.3300803578125
8 0.5878928578125 0.44336160781249995 0.515625 0.44336160781249995 0.515625 0.5 0.5878928578125 0.5 0.5878928578125 0.44336160781249995
8 0.6640625 0.46875 0.60546875 0.46875 0.60546875 0.5097678578125 0.6640625 0.5097678578125 0.6640625 0.46875
8 0.5625 0.50390625 0.51171875 0.50390625 0.51171875 0.5410178578125 0.5625 0.5410178578125 0.5625 0.50390625
8 0.49023660781249995 0.5136741078125 0.45508035781249995 0.5136741078125 0.45508035781249995 0.5566428578125 0.49023660781249995 0.5566428578125 0.49023660781249995 0.5136741078125
8 0.5996116078125 0.5097678578125 0.56640625 0.5097678578125 0.56640625 0.5566428578125 0.5996116078125 0.5566428578125 0.5996116078125 0.5097678578125
8 0 0.3457053578125 0.09765625 0.3457053578125 0.09765625 0.13671875 0 0.13671875 0 0.3457053578125
8 0.07421875 0.5 0.0136741078125 0.5 0.0136741078125 0.6074241078125 0.07421875 0.6074241078125 0.07421875 0.5
8 0.02734375 0.6113303578125 0.0019553578125 0.6113303578125 0.0019553578125 0.72265625 0.02734375 0.72265625 0.02734375 0.6113303578125
8 0.0722678578125 0.61328125 0.029299107812500003 0.61328125 0.029299107812500003 0.7285178578125 0.0722678578125 0.7285178578125 0.0722678578125 0.61328125
8 0.1015625 0.6015625 0.0625 0.6015625 0.0625 0.6855491078125 0.1015625 0.6855491078125 0.1015625 0.6015625
8 0.8066428578125 0.04296875 0.76171875 0.04296875 0.76171875 0.0839866078125 0.8066428578125 0.0839866078125 0.8066428578125 0.04296875
8 0.0996116078125 0.05859375 0.04296875 0.05859375 0.04296875 0.09375 0.0996116078125 0.09375 0.0996116078125 0.05859375
8 0.1386741078125 0.08203125 0.0703125 0.08203125 0.0703125 0.1171875 0.1386741078125 0.1171875 0.1386741078125 0.08203125
8 0.0625 0.0996116078125 0.01953125 0.0996116078125 0.01953125 0.1308616078125 0.0625 0.1308616078125 0.0625 0.0996116078125
2 0.9980491078125 0.734375 0.3535178578125 0.734375 0.3535178578125 0.99609375 0.9980491078125 0.99609375 0.9980491078125 0.734375
2 0.99609375 0.5683616078125 0.5703125 0.5683616078125 0.5703125 0.7324241078125 0.99609375 0.7324241078125 0.99609375 0.5683616078125
4 0.10546875 0.14453125 0.0449241078125 0.14453125 0.0449241078125 0.21484375 0.10546875 0.21484375 0.10546875 0.14453125
4 0 0.3359375 0.0527366078125 0.3359375 0.0527366078125 0.1328125 0 0.1328125 0 0.3359375
4 0.3027366078125 0.0449241078125 0.2402366078125 0.0449241078125 0.2402366078125 0.1015625 0.3027366078125 0.1015625 0.3027366078125 0.0449241078125
4 0.6933616078125 0.3261741078125 0.5449241078125 0.3261741078125 0.5449241078125 0.43164285781249995 0.6933616078125 0.43164285781249995 0.6933616078125 0.3261741078125
4 0.5605491078125 0.49804910781249995 0.5175803578125 0.49804910781249995 0.5175803578125 0.5253928578125 0.5605491078125 0.5253928578125 0.5605491078125 0.49804910781249995
4 0.48828125 0.51171875 0.45898660781249995 0.51171875 0.45898660781249995 0.5390625 0.48828125 0.5390625 0.48828125 0.51171875
4 0.1015625 0.49804910781249995 0.0019553578125 0.49804910781249995 0.0019553578125 0.73828125 0.1015625 0.73828125 0.1015625 0.49804910781249995
4 0.8125 0.0390625 0.7636741078125 0.0390625 0.7636741078125 0.0859375 0.8125 0.0859375 0.8125 0.0390625