4 0.5180401781249999 0.46778443125 0.4801116078125 0.46778443125 0.4801116078125 0.529826346875 0.5180401781249999 0.529826346875 0.5180401781249999 0.46778443125
6 0.9879732140625 0.0161317359375 0.72803125 0.0161317359375 0.72803125 0.2605688625 0.9879732140625 0.2605688625 0.9879732140625 0.0161317359375
6 0.41535714218750003 0.0111676640625 0.015727678125 0.0111676640625 0.015727678125 0.1625449109375 0.41535714218750003 0.1625449109375 0.41535714218750003 0.0111676640625
5 0.350602678125 0.145173653125 0.0083258921875 0.145173653125 0.0083258921875 0.8921437125 0.350602678125 0.8921437125 0.350602678125 0.145173653125
2 0.8714151781249999 0.4417305390625 0.1489375 0.4417305390625 0.1489375 0.9194431140624999 0.8714151781249999 0.9194431140624999 0.8714151781249999 0.4417305390625
8 0.929696428125 0.06328143750000001 0.865866071875 0.06328143750000001 0.865866071875 0.1935688625 0.929696428125 0.1935688625 0.929696428125 0.06328143750000001
8 0.2516205359375 0.0111676640625 0.15726339218750002 0.0111676640625 0.15726339218750002 0.11663473124999998 0.2516205359375 0.11663473124999998 0.2516205359375 0.0111676640625
6 0.9953749999999999 0.336257484375 0.889915178125 0.336257484375 0.889915178125 0.6836886234375 0.9953749999999999 0.6836886234375 0.9953749999999999 0.336257484375
6 0.1452366078125 0.2109401203125 0.0009241078125 0.2109401203125 0.0009241078125 0.57821556875 0.1452366078125 0.57821556875 0.1452366078125 0.2109401203125
5 0.3089732140625 0 0.3089732140625 0.202251496875 0.784459821875 0.202251496875 0.784459821875 0 0.3089732140625 0
5 0.993522321875 0.1749520953125 0.7289553578125 0.1749520953125 0.7289553578125 0.419395209375 0.993522321875 0.419395209375 0.993522321875 0.1749520953125