3 0.9042991078125 0.15625 0.5800803578125 0.15625 0.5800803578125 0.30078125 0.9042991078125 0.30078125 0.9042991078125 0.15625
3 0.95703125 0.6035178578125 0.8769553578125 0.6035178578125 0.8769553578125 0.67578125 0.95703125 0.67578125 0.95703125 0.6035178578125
3 0.9941428578125 0.7050803578125 0.9238303578125 0.7050803578125 0.9238303578125 0.84375 0.9941428578125 0.84375 0.9941428578125 0.7050803578125
3 0.80859375 0.5136741078125 0.7050803578125 0.5136741078125 0.7050803578125 0.5878928578125 0.80859375 0.5878928578125 0.80859375 0.5136741078125
5 0.76953125 0.1113303578125 0.1875 0.1113303578125 0.1875 0.66015625 0.76953125 0.66015625 0.76953125 0.1113303578125
3 0.50390625 0.63671875 0.45898660781249995 0.63671875 0.45898660781249995 0.734375 0.50390625 0.734375 0.50390625 0.63671875
3 0.45703125 0.7636741078125 0.43554910781249995 0.7636741078125 0.43554910781249995 0.7949241078125 0.45703125 0.7949241078125 0.45703125 0.7636741078125
4 0.6699241078125 0.484375 0.6425803578125 0.484375 0.6425803578125 0.51171875 0.6699241078125 0.51171875 0.6699241078125 0.484375
4 0.7519553578125 0.5214866078125 0.7109375 0.5214866078125 0.7109375 0.5625 0.7519553578125 0.5625 0.7519553578125 0.5214866078125
4 0.81640625 0.21875 0.76953125 0.21875 0.76953125 0.24609375 0.81640625 0.24609375 0.81640625 0.21875
4 0.7089866078125 0.1894553578125 0.6894553578125 0.1894553578125 0.6894553578125 0.2109375 0.7089866078125 0.2109375 0.7089866078125 0.1894553578125
4 0.9941428578125 0.7207053578125 0.9375 0.7207053578125 0.9375 0.8066428578125 0.9941428578125 0.8066428578125 0.9941428578125 0.7207053578125
4 0.9511741078125 0.61328125 0.8808616078125 0.61328125 0.8808616078125 0.66796875 0.9511741078125 0.66796875 0.9511741078125 0.61328125
7 0.9863303578125 0.7597678578125 0.75 0.7597678578125 0.75 0.9980491078125 0.9863303578125 0.9980491078125 0.9863303578125 0.7597678578125