3 0.46484375 0.6269553578125 0.3886741078125 0.6269553578125 0.3886741078125 0.703125 0.46484375 0.703125 0.46484375 0.6269553578125
3 0.9902366078125 0.2363303578125 0.69921875 0.2363303578125 0.69921875 0.43164285781249995 0.9902366078125 0.43164285781249995 0.9902366078125 0.2363303578125
4 0.671875 0.265625 0.60546875 0.265625 0.60546875 0.33203125 0.671875 0.33203125 0.671875 0.265625
5 0.8574241078125 0.1933616078125 0.203125 0.1933616078125 0.203125 0.6484375 0.8574241078125 0.6484375 0.8574241078125 0.1933616078125
3 0.9902366078125 0.5 0.9277366078125 0.5 0.9277366078125 0.59375 0.9902366078125 0.59375 0.9902366078125 0.5
4 0.1113303578125 0.12890625 0.0761741078125 0.12890625 0.0761741078125 0.171875 0.1113303578125 0.171875 0.1113303578125 0.12890625
4 0.35546875 0.73828125 0.2597678578125 0.73828125 0.2597678578125 0.82421875 0.35546875 0.82421875 0.35546875 0.73828125
4 0.46679910781249995 0.6542991078125 0.43945535781249995 0.6542991078125 0.43945535781249995 0.7050803578125 0.46679910781249995 0.7050803578125 0.46679910781249995 0.6542991078125
3 0.8125 0.703125 0.671875 0.703125 0.671875 0.87109375 0.8125 0.87109375 0.8125 0.703125
4 0 0.30078125 0.015625 0.30078125 0.015625 0.2675803578125 0 0.2675803578125 0 0.30078125
4 0.765625 0.3222678578125 0.7421875 0.3222678578125 0.7421875 0.3652366078125 0.765625 0.3652366078125 0.765625 0.3222678578125
4 0.26171875 0.8417991078125 0.15234375 0.8417991078125 0.15234375 0.9863303578125 0.26171875 0.9863303578125 0.26171875 0.8417991078125
8 0.0683616078125 0.76953125 0.05078125 0.76953125 0.05078125 0.7832053578125 0.0683616078125 0.7832053578125 0.0683616078125 0.76953125
4 0.8066428578125 0.78515625 0.7675803578125 0.78515625 0.7675803578125 0.8671875 0.8066428578125 0.8671875 0.8066428578125 0.78515625
4 0.33984375 0.73828125 0.2636741078125 0.73828125 0.2636741078125 0.8613303578125 0.33984375 0.8613303578125 0.33984375 0.73828125
4 0.94140625 0.38671875 0.921875 0.38671875 0.921875 0.42773660781249995 0.94140625 0.42773660781249995 0.94140625 0.38671875