4 0 0.9935083796875 0.0437366078125 0.9935083796875 0.0437366078125 0.9044581 0 0.9044581 0 0.9935083796875
8 0.647147321875 0.44155865937499994 0.6226830359375 0.44155865937499994 0.6226830359375 0.4703184359375 0.647147321875 0.4703184359375 0.647147321875 0.44155865937499994
8 0.669383928125 0.4434134078125 0.6530758921875 0.4434134078125 0.6530758921875 0.4693910609375 0.669383928125 0.4693910609375 0.669383928125 0.4434134078125
8 0.6501116078125 0.5825642453125 0.6160133921875001 0.5825642453125 0.6160133921875001 0.6066815640625001 0.6501116078125 0.6066815640625001 0.6501116078125 0.5825642453125
8 0.5745 0.6150279328125 0.5581919640625 0.6150279328125 0.5581919640625 0.6270893859375 0.5745 0.6270893859375 0.5745 0.6150279328125
8 0.5841383921875 0.628944134375 0.5633794640625001 0.628944134375 0.5633794640625001 0.6493519546875001 0.5841383921875 0.6493519546875001 0.5841383921875 0.628944134375
8 0.5952544640624999 0.64749720625 0.5745 0.64749720625 0.5745 0.6716145250000001 0.5952544640624999 0.6716145250000001 0.5952544640624999 0.64749720625
8 0.606375 0.6771843578125 0.5856205359375 0.6771843578125 0.5856205359375 0.7152178765625 0.606375 0.7152178765625 0.606375 0.6771843578125
8 0.5707946421875 0.6929553078125 0.556709821875 0.6929553078125 0.556709821875 0.721709496875 0.5707946421875 0.721709496875 0.5707946421875 0.6929553078125
8 0.5359508921875 0.878480446875 0.5196428578125001 0.878480446875 0.5196428578125001 0.909094971875 0.5359508921875 0.909094971875 0.5359508921875 0.878480446875
8 0.5826517859375 0.8923966484375001 0.5633794640625001 0.8923966484375001 0.5633794640625001 0.9489832406250001 0.5826517859375 0.9489832406250001 0.5826517859375 0.8923966484375001
8 0.5693125 0.9693910609374999 0.53446875 0.9693910609374999 0.53446875 0.9990782125000001 0.5693125 0.9990782125000001 0.5693125 0.9693910609374999
8 0.46997767812499996 0.8868324015625 0.43958482187500003 0.8868324015625 0.43958482187500003 0.9072402234375 0.46997767812499996 0.9072402234375 0.46997767812499996 0.8868324015625
8 0.578946428125 0.401670390625 0.556709821875 0.401670390625 0.556709821875 0.4276480453125 0.578946428125 0.4276480453125 0.578946428125 0.401670390625
8 0.547071428125 0.41744134062500005 0.5181607140625 0.41744134062500005 0.5181607140625 0.44155865937499994 0.547071428125 0.44155865937499994 0.547071428125 0.41744134062500005
8 0.53446875 0.2179944140625 0.515196428125 0.2179944140625 0.515196428125 0.238407821875 0.53446875 0.238407821875 0.53446875 0.2179944140625
8 0.548553571875 0.2439720671875 0.5129732140625001 0.2439720671875 0.5129732140625001 0.2708715078125 0.548553571875 0.2708715078125 0.548553571875 0.2439720671875
3 0.5277991078125 0.63265363125 0.5040758921874999 0.63265363125 0.5040758921874999 0.6651229046875 0.5277991078125 0.6651229046875 0.5277991078125 0.63265363125
3 0.5389196421875 0.4109497203125 0.516678571875 0.4109497203125 0.516678571875 0.4359944140625 0.5389196421875 0.4359944140625 0.5389196421875 0.4109497203125
7 0.1452946421875 0.1539888265625 0.000741071875 0.1539888265625 0.000741071875 0.666977653125 0.1452946421875 0.666977653125 0.1452946421875 0.1539888265625
1 0.61971875 0.612245809375 0.49073214218750005 0.612245809375 0.49073214218750005 0.8098379890625 0.61971875 0.8098379890625 0.61971875 0.612245809375
1 0.8072633921874999 0.6150279328125 0.6849508921874999 0.6150279328125 0.6849508921874999 0.7291284921875001 0.8072633921874999 0.7291284921875001 0.8072633921874999 0.6150279328125
1 0.6034107140625 0.8116927374999999 0.45885714218749996 0.8116927374999999 0.45885714218749996 0.995363128125 0.6034107140625 0.995363128125 0.6034107140625 0.8116927374999999
8 0.6760580359375 0.4035251390625 0.6530758921875 0.4035251390625 0.6530758921875 0.42950279374999994 0.6760580359375 0.42950279374999994 0.6760580359375 0.4035251390625
8 0.5025937500000001 0.0139162015625 0.4877678578125 0.0139162015625 0.4877678578125 0.0371061453125 0.5025937500000001 0.0371061453125 0.5025937500000001 0.0139162015625
8 0.578946428125 0.0658603359375 0.5678258921875 0.0658603359375 0.5678258921875 0.089055865625 0.578946428125 0.089055865625 0.578946428125 0.0658603359375
8 0.5515178578125 0.11224580937499999 0.535209821875 0.11224580937499999 0.535209821875 0.144715084375 0.5515178578125 0.144715084375 0.5515178578125 0.11224580937499999
8 0.52409375 0.6419329609375 0.516678571875 0.6419329609375 0.516678571875 0.6577039109375 0.52409375 0.6577039109375 0.52409375 0.6419329609375