8 0.501685990625 0.2776294640625 0.44335265625 0.2776294640625 0.44335265625 0.35849107187499996 0.501685990625 0.35849107187499996 0.501685990625 0.2776294640625
8 0.4696038640625 0.347709821875 0.361681159375 0.347709821875 0.361681159375 0.40700892812499995 0.4696038640625 0.40700892812499995 0.4696038640625 0.347709821875
8 0.895449275 0.22371875000000002 0.7816956515625 0.22371875000000002 0.7816956515625 0.3099732140625 0.895449275 0.3099732140625 0.895449275 0.22371875000000002
8 0.9946231890625 0.1509419640625 0.947951690625 0.1509419640625 0.947951690625 0.215633928125 0.9946231890625 0.215633928125 0.9946231890625 0.1509419640625
4 0.9946231890625 0.0808616078125 0.9246183578125 0.0808616078125 0.9246183578125 0.2183303578125 0.9946231890625 0.2183303578125 0.9946231890625 0.0808616078125
8 0.28584541093750004 0.46900446406249996 0.221676328125 0.46900446406249996 0.221676328125 0.517522321875 0.28584541093750004 0.517522321875 0.28584541093750004 0.46900446406249996
8 0.034999999999999996 0.684633928125 0.002917875 0.684633928125 0.002917875 0.8490580359375001 0.034999999999999996 0.8490580359375001 0.034999999999999996 0.684633928125
8 0.7846135265624999 0.5552544640625 0.72336231875 0.5552544640625 0.72336231875 0.6118616078125 0.7846135265624999 0.6118616078125 0.7846135265624999 0.5552544640625
8 0.9217004828125 0.6873303578125001 0.8429516906250001 0.6873303578125001 0.8429516906250001 0.7385446421874999 0.9217004828125 0.7385446421874999 0.9217004828125 0.6873303578125001
8 0.9975410625000001 0.684633928125 0.93045410625 0.684633928125 0.93045410625 0.7439375 0.9975410625000001 0.7439375 0.9975410625000001 0.684633928125
5 0.9858695656249999 0.673852678125 0.4725169078125 0.673852678125 0.4725169078125 0.991915178125 0.9858695656249999 0.991915178125 0.9858695656249999 0.673852678125
8 0.9975410625000001 0.47708928593750005 0.9596231890625001 0.47708928593750005 0.9596231890625001 0.5148258921875 0.9975410625000001 0.5148258921875 0.9975410625000001 0.47708928593750005
8 0.3558454109375 0.981133928125 0.3150144921875 0.981133928125 0.3150144921875 0.9946071421875 0.3558454109375 0.9946071421875 0.3558454109375 0.981133928125