4 0.0756205359375 0.17903571406250002 0.001415178125 0.17903571406250002 0.001415178125 0.20070833281249997 0.0756205359375 0.20070833281249997 0.0756205359375 0.17903571406250002
4 0.0487633921875 0.20730357187499998 0.0028258921875 0.20730357187499998 0.0028258921875 0.2280357140625 0.0487633921875 0.2280357140625 0.0487633921875 0.20730357187499998
4 0.1349821421875 0.3194345234375 0.001415178125 0.3194345234375 0.001415178125 0.3411071421875 0.1349821421875 0.3411071421875 0.1349821421875 0.3194345234375
4 0.026147321875 0.3495892859375 0.001415178125 0.3495892859375 0.001415178125 0.3684345234375 0.026147321875 0.3684345234375 0.026147321875 0.3495892859375
4 0.069258928125 0.3495892859375 0.0339241078125 0.3495892859375 0.0339241078125 0.3684345234375 0.069258928125 0.3684345234375 0.069258928125 0.3495892859375
8 0.15053125 0.0735 0.136397321875 0.0735 0.136397321875 0.0895178578125 0.15053125 0.0895178578125 0.15053125 0.0735
8 0.6275625 0.0028273812499999998 0.4063616078125 0.0028273812499999998 0.4063616078125 0.0932857140625 0.6275625 0.0932857140625 0.6275625 0.0028273812499999998
8 0.512366071875 0.0320357140625 0.42897321406250005 0.0320357140625 0.42897321406250005 0.12909523750000002 0.512366071875 0.12909523750000002 0.512366071875 0.0320357140625
8 0.54134375 0.0895178578125 0.4989419640625 0.0895178578125 0.4989419640625 0.1328630953125 0.54134375 0.1328630953125 0.54134375 0.0895178578125
8 0.527209821875 0.1356904765625 0.5173125 0.1356904765625 0.5173125 0.1479404765625 0.527209821875 0.1479404765625 0.527209821875 0.1356904765625
8 0.509540178125 0.134744046875 0.49823214218749995 0.134744046875 0.49823214218749995 0.14416666718749999 0.509540178125 0.14416666718749999 0.509540178125 0.134744046875
8 0.589397321875 0.0744404765625 0.549116071875 0.0744404765625 0.549116071875 0.1111904765625 0.589397321875 0.1111904765625 0.589397321875 0.0744404765625
8 0.6204955359375 0.10930357187499999 0.58728125 0.10930357187499999 0.58728125 0.1394583328125 0.6204955359375 0.1394583328125 0.6204955359375 0.10930357187499999
8 0.613428571875 0.1545357140625 0.586571428125 0.1545357140625 0.586571428125 0.1724404765625 0.613428571875 0.1724404765625 0.613428571875 0.1545357140625
8 0.5759732140625 0.170553571875 0.5646651781250001 0.170553571875 0.5646651781250001 0.18280357187500001 0.5759732140625 0.18280357187500001 0.5759732140625 0.170553571875
8 0.5625446421875 0.177148809375 0.5201428578125 0.177148809375 0.5201428578125 0.20258928593749997 0.5625446421875 0.20258928593749997 0.5625446421875 0.177148809375
8 0.5088348218750001 0.179976190625 0.4685491078125 0.179976190625 0.4685491078125 0.211071428125 0.5088348218750001 0.211071428125 0.5088348218750001 0.179976190625
8 0.5342767859374999 0.265726190625 0.49470089218749996 0.265726190625 0.49470089218749996 0.3071845234375 0.5342767859374999 0.3071845234375 0.5342767859374999 0.265726190625
8 0.7229687499999999 0.27043452343749996 0.6848035718750001 0.27043452343749996 0.6848035718750001 0.44570238125 0.7229687499999999 0.44570238125 0.7229687499999999 0.27043452343749996
8 0.76325 0.3495892859375 0.7519419640625 0.3495892859375 0.7519419640625 0.3929345234375 0.76325 0.3929345234375 0.76325 0.3495892859375
8 0.6162544640625 0.2949345234375 0.607772321875 0.2949345234375 0.607772321875 0.30529761875 0.6162544640625 0.30529761875 0.6162544640625 0.2949345234375
8 0.6091875 0.3128392859375 0.5978794640625 0.3128392859375 0.5978794640625 0.333571428125 0.6091875 0.333571428125 0.6091875 0.3128392859375
8 0.6212008921875001 0.37031547656249997 0.5653705359375001 0.37031547656249997 0.5653705359375001 0.4146071421875 0.6212008921875001 0.4146071421875 0.6212008921875001 0.37031547656249997
8 0.559008928125 0.4042380953125 0.549116071875 0.4042380953125 0.549116071875 0.41648809531250003 0.559008928125 0.41648809531250003 0.559008928125 0.4042380953125
8 0.5780937500000001 0.4240297625 0.56325 0.4240297625 0.56325 0.4362797625 0.5780937500000001 0.4362797625 0.5780937500000001 0.4240297625
8 0.5575982140625 0.4466428578125 0.5441696421875 0.4466428578125 0.5441696421875 0.45889285781250005 0.5575982140625 0.45889285781250005 0.5575982140625 0.4466428578125
8 0.6798571421874999 0.4146071421875 0.660071428125 0.4146071421875 0.660071428125 0.44852976250000004 0.6798571421874999 0.44852976250000004 0.6798571421874999 0.4146071421875
8 0.7286205359375 0.4080119046875 0.7173125 0.4080119046875 0.7173125 0.4362797625 0.7286205359375 0.4362797625 0.7286205359375 0.4080119046875
8 0.7166071421875 0.44758333281249996 0.7052991078125 0.44758333281249996 0.7052991078125 0.45889285781250005 0.7166071421875 0.45889285781250005 0.7166071421875 0.44758333281249996
8 0.604946428125 0.4259107140625 0.5929330359375 0.4259107140625 0.5929330359375 0.4381607140625 0.604946428125 0.4381607140625 0.604946428125 0.4259107140625
8 0.5971741078125 0.4636071421875 0.5879866078125 0.4636071421875 0.5879866078125 0.475851190625 0.5971741078125 0.475851190625 0.5971741078125 0.4636071421875
8 0.7660758921874999 0.4230833328125 0.75971875 0.4230833328125 0.75971875 0.43533333281250003 0.7660758921874999 0.43533333281250003 0.7660758921874999 0.4230833328125
8 0.7469955359375 0.3778571421875 0.7406339281250001 0.3778571421875 0.7406339281250001 0.3919880953125 0.7469955359375 0.3919880953125 0.7469955359375 0.3778571421875
8 0.7385178578125 0.3891666671875 0.730741071875 0.3891666671875 0.730741071875 0.40518452343750005 0.7385178578125 0.40518452343750005 0.7385178578125 0.3891666671875
8 0.7371026781250001 0.5502916671875 0.7293303578125 0.5502916671875 0.7293303578125 0.571023809375 0.7371026781250001 0.571023809375 0.7371026781250001 0.5502916671875
8 0.7144866078125001 0.568196428125 0.6947008921875 0.568196428125 0.6947008921875 0.588928571875 0.7144866078125001 0.588928571875 0.7144866078125001 0.568196428125
8 0.4989419640625 0.5663154765625 0.47137946406250003 0.5663154765625 0.47137946406250003 0.5945833328125001 0.4989419640625 0.5945833328125001 0.4989419640625 0.5663154765625
8 0.5858660718750001 0.588928571875 0.521553571875 0.588928571875 0.521553571875 0.7199047625 0.5858660718750001 0.7199047625 0.5858660718750001 0.588928571875
8 0.6989419640625 0.5568928578125 0.58728125 0.5568928578125 0.58728125 0.72367261875 0.6989419640625 0.72367261875 0.6989419640625 0.5568928578125
8 0.5611294640625 0.651119046875 0.5024732140625 0.651119046875 0.5024732140625 0.7133095234375 0.5611294640625 0.7133095234375 0.5611294640625 0.651119046875
8 0.4989419640625 0.6040059531249999 0.4643125 0.6040059531249999 0.4643125 0.6464047625 0.4989419640625 0.6464047625 0.4989419640625 0.6040059531249999
8 0.5010580359375 0.656773809375 0.48621875000000003 0.656773809375 0.48621875000000003 0.6775 0.5010580359375 0.6775 0.5010580359375 0.656773809375
8 0.48339285781249997 0.6793869046875 0.47350000000000003 0.6793869046875 0.47350000000000003 0.68975 0.48339285781249997 0.68975 0.48339285781249997 0.6793869046875
8 0.4932857140625 0.686928571875 0.4063616078125 0.686928571875 0.4063616078125 0.7321547625 0.4932857140625 0.7321547625 0.4932857140625 0.686928571875
8 0.36890625 1 0.36890625 0.8904583328125 0.223321428125 0.8904583328125 0.223321428125 1 0.36890625 1
8 0.3540625 0.8358095234375 0.3017678578125 0.8358095234375 0.3017678578125 0.894226190625 0.3540625 0.894226190625 0.3540625 0.8358095234375
8 0.4247366078125 0.9601904765624999 0.4070669640625 0.9601904765624999 0.4070669640625 0.971494046875 0.4247366078125 0.971494046875 0.4247366078125 0.9601904765624999
8 0.47562053593750003 0.80282738125 0.445227678125 0.80282738125 0.445227678125 0.8273273812499999 0.47562053593750003 0.8273273812499999 0.47562053593750003 0.80282738125
8 0.4650178578125 0.8706726187499999 0.4388705359375 0.8706726187499999 0.4388705359375 0.9083630953125 0.4650178578125 0.9083630953125 0.4650178578125 0.8706726187499999
8 0.5427544640625 0.7425178578125 0.527915178125 0.7425178578125 0.527915178125 0.7585416671874999 0.5427544640625 0.7585416671874999 0.5427544640625 0.7425178578125
8 0.5074196421875 0.708601190625 0.49470089218749996 0.708601190625 0.49470089218749996 0.72367261875 0.5074196421875 0.72367261875 0.5074196421875 0.708601190625
8 0.48621875000000003 0.8989404765625 0.47350000000000003 0.8989404765625 0.47350000000000003 0.9168452374999999 0.48621875000000003 0.9168452374999999 0.48621875000000003 0.8989404765625
8 0.49823214218749995 0.912130953125 0.48621875000000003 0.912130953125 0.48621875000000003 0.925321428125 0.49823214218749995 0.925321428125 0.49823214218749995 0.912130953125
8 0.7144866078125001 1 0.7144866078125001 0.7670178578125 0.4925803578125 0.7670178578125 0.4925803578125 1 0.7144866078125001 1
8 0.7074196421875001 0.9234404765625 0.693991071875 0.9234404765625 0.693991071875 0.936630953125 0.7074196421875001 0.936630953125 0.7074196421875001 0.9234404765625
8 0.718022321875 0.5945833328125001 0.7067142859375 0.5945833328125001 0.7067142859375 0.6096607140625 0.718022321875 0.6096607140625 0.718022321875 0.5945833328125001
8 0.51378125 0.7811547625 0.503178571875 0.7811547625 0.503178571875 0.7886904765625 0.51378125 0.7886904765625 0.51378125 0.7811547625
8 0.49470089218749996 0.80942261875 0.48621875000000003 0.80942261875 0.48621875000000003 0.8273273812499999 0.49470089218749996 0.8273273812499999 0.49470089218749996 0.80942261875
8 0.6431116078125 0.7689047625 0.6346294640625 0.7689047625 0.6346294640625 0.7792678578125 0.6431116078125 0.7792678578125 0.6431116078125 0.7689047625
8 0.25441517812500003 0.872553571875 0.2466428578125 0.872553571875 0.2466428578125 0.88292261875 0.25441517812500003 0.88292261875 0.25441517812500003 0.872553571875
8 0.6855133921875 0.8131904765625 0.672790178125 0.8131904765625 0.672790178125 0.8424047625 0.6855133921875 0.8424047625 0.6855133921875 0.8131904765625
8 0.7102455359375 0.80282738125 0.7017678578125001 0.80282738125 0.7017678578125001 0.80942261875 0.7102455359375 0.80942261875 0.7102455359375 0.80282738125
8 0.5689062500000001 0.6275595234375 0.558303571875 0.6275595234375 0.558303571875 0.641696428125 0.5689062500000001 0.641696428125 0.5689062500000001 0.6275595234375
5 0.21060267812500003 0.2732619046875 0.0742053578125 0.2732619046875 0.0742053578125 0.7038869046875 0.21060267812500003 0.7038869046875 0.21060267812500003 0.2732619046875