4 0.9114598218750001 0.0902797625 0.494790178125 0.0902797625 0.494790178125 0.21354166718749998 0.9114598218750001 0.21354166718749998 0.9114598218750001 0.0902797625
4 0.5768214281249999 0.21180357187499999 0.497397321875 0.21180357187499999 0.497397321875 0.3489583328125 0.5768214281249999 0.3489583328125 0.5768214281249999 0.21180357187499999
4 0.6927098218750001 0.21180357187499999 0.578125 0.21180357187499999 0.578125 0.2829880953125 0.6927098218750001 0.2829880953125 0.6927098218750001 0.21180357187499999
8 0.9453125 0.32465476249999997 0.90234375 0.32465476249999997 0.90234375 0.477428571875 0.9453125 0.477428571875 0.9453125 0.32465476249999997
7 0.50390625 0.20659523750000003 0.32552232187499996 0.20659523750000003 0.32552232187499996 0.90625 0.50390625 0.90625 0.50390625 0.20659523750000003
4 0.229165178125 0.1197916671875 0.0546875 0.1197916671875 0.0546875 0.9270833328125001 0.229165178125 0.9270833328125001 0.229165178125 0.1197916671875
8 0.8541651781249999 0.23090476249999997 0.8203125 0.23090476249999997 0.8203125 0.2795119046875 0.8541651781249999 0.2795119046875 0.8541651781249999 0.23090476249999997
8 0.8828125 0.3020833328125 0.8645848218750001 0.3020833328125 0.8645848218750001 0.336803571875 0.8828125 0.336803571875 0.8828125 0.3020833328125
8 0.6171875 0.43402976249999997 0.5768214281249999 0.43402976249999997 0.5768214281249999 0.461803571875 0.6171875 0.461803571875 0.6171875 0.43402976249999997
8 0.6783839281249999 0.5190952375 0.63671875 0.5190952375 0.63671875 0.5642380953125 0.6783839281249999 0.5642380953125 0.6783839281249999 0.5190952375
8 0.6380223218750001 0.460071428125 0.6171875 0.460071428125 0.6171875 0.4826369046875 0.6380223218750001 0.4826369046875 0.6380223218750001 0.460071428125