5 0.51075 0.016698323437500003 0.0037053578125 0.016698323437500003 0.0037053578125 0.736553071875 0.51075 0.736553071875 0.51075 0.016698323437500003
2 0.9733124999999999 0.1743966484375 0.1971830359375 0.1743966484375 0.1971830359375 0.9888715078124999 0.9733124999999999 0.9888715078124999 0.9733124999999999 0.1743966484375
8 0.905116071875 0.9220837984375001 0.8354330359375 0.9220837984375001 0.8354330359375 0.9888715078124999 0.905116071875 0.9888715078124999 0.905116071875 0.9220837984375001
8 0.1326919640625 0.038960893749999996 0.10896874999999999 0.038960893749999996 0.10896874999999999 0.06957541874999999 0.1326919640625 0.06957541874999999 0.1326919640625 0.038960893749999996
8 0.218678571875 0.5547318437500001 0.1912544640625 0.5547318437500001 0.1912544640625 0.6029720671875001 0.218678571875 0.6029720671875001 0.218678571875 0.5547318437500001
8 0.283915178125 0.43321229062500005 0.258709821875 0.43321229062500005 0.258709821875 0.487016759375 0.283915178125 0.487016759375 0.283915178125 0.43321229062500005
8 0.23943750000000003 0.4118770953125 0.22831696406250002 0.4118770953125 0.22831696406250002 0.4230055859375 0.23943750000000003 0.4230055859375 0.23943750000000003 0.4118770953125
8 0.2564866078125 0.41280446875 0.24017857187499997 0.41280446875 0.24017857187499997 0.43692178750000005 0.2564866078125 0.43692178750000005 0.2564866078125 0.41280446875
8 0.22609374999999998 0.38218994375 0.213491071875 0.38218994375 0.213491071875 0.41002234687500005 0.22609374999999998 0.41002234687500005 0.22609374999999998 0.38218994375
8 0.2031116078125 0.43784916249999994 0.1875446421875 0.43784916249999994 0.1875446421875 0.464754190625 0.2031116078125 0.464754190625 0.2031116078125 0.43784916249999994
8 0.297258928125 0.1929497203125 0.266866071875 0.1929497203125 0.266866071875 0.2179944140625 0.297258928125 0.2179944140625 0.297258928125 0.1929497203125
8 0.21052678593750002 0.12708938593750002 0.198665178125 0.12708938593750002 0.198665178125 0.14564245781250001 0.21052678593750002 0.14564245781250001 0.21052678593750002 0.12708938593750002
7 0.8361741078125 0.7597430171874999 0.32171875 0.7597430171874999 0.32171875 0.9962960890625 0.8361741078125 0.9962960890625 0.8361741078125 0.7597430171874999
3 0.3684196421875 0.4313575421875 0.354334821875 0.4313575421875 0.354334821875 0.4508379890625 0.3684196421875 0.4508379890625 0.3684196421875 0.4313575421875
3 0.31653125000000004 0.49443575468749995 0.297258928125 0.49443575468749995 0.297258928125 0.525977653125 0.31653125000000004 0.525977653125 0.31653125000000004 0.49443575468749995
3 0.2727946421875 0.49258100625 0.253522321875 0.49258100625 0.253522321875 0.520407821875 0.2727946421875 0.520407821875 0.2727946421875 0.49258100625
3 0.25796874999999997 0.3719888265625 0.19199553593750002 0.3719888265625 0.19199553593750002 0.5120614531250001 0.25796874999999997 0.5120614531250001 0.25796874999999997 0.3719888265625
3 0.19199553593750002 0.3135474859375 0.17420089218749998 0.3135474859375 0.17420089218749998 0.3367374296875 0.19199553593750002 0.3367374296875 0.19199553593750002 0.3135474859375
3 0.16530803593750001 0.4044525140625 0.14677678593750002 0.4044525140625 0.14677678593750002 0.4304301671875 0.16530803593750001 0.4304301671875 0.16530803593750001 0.4044525140625
3 0.11860714218749999 0.3849720671875 0.10155803593749999 0.3849720671875 0.10155803593749999 0.41280446875 0.11860714218749999 0.41280446875 0.11860714218749999 0.3849720671875
3 0.171977678125 0.5556592171875 0.1512232140625 0.5556592171875 0.1512232140625 0.5844189937500001 0.171977678125 0.5844189937500001 0.171977678125 0.5556592171875
3 0.3721294640625 0.159553071875 0.343959821875 0.159553071875 0.343959821875 0.187385475 0.3721294640625 0.187385475 0.3721294640625 0.159553071875
3 0.3684196421875 0.1929497203125 0.3461830359375 0.1929497203125 0.3461830359375 0.22170949687500002 0.3684196421875 0.22170949687500002 0.3684196421875 0.1929497203125
3 0.0793169640625 0.7792234640625 0.044477678124999996 0.7792234640625 0.044477678124999996 0.8293184359374999 0.0793169640625 0.8293184359374999 0.0793169640625 0.7792234640625