3 0.9863303578125 0.1113303578125 0.6777366078125 0.1113303578125 0.6777366078125 0.3847678578125 0.9863303578125 0.3847678578125 0.9863303578125 0.1113303578125
3 0.9375 0.40820535781249995 0.80078125 0.40820535781249995 0.80078125 0.546875 0.9375 0.546875 0.9375 0.40820535781249995
3 0.6894553578125 0.6347678578125 0.61328125 0.6347678578125 0.61328125 0.6738303578125 0.6894553578125 0.6738303578125 0.6894553578125 0.6347678578125
3 0.6152366078125 0.6855491078125 0.5566428578125 0.6855491078125 0.5566428578125 0.734375 0.6152366078125 0.734375 0.6152366078125 0.6855491078125
3 0.7285178578125 0.7089866078125 0.6269553578125 0.7089866078125 0.6269553578125 0.8125 0.7285178578125 0.8125 0.7285178578125 0.7089866078125
3 0.6699241078125 0.8105491078125 0.5234375 0.8105491078125 0.5234375 0.9824241078125 0.6699241078125 0.9824241078125 0.6699241078125 0.8105491078125
3 0.2871116078125 0.6894553578125 0.1796875 0.6894553578125 0.1796875 0.8066428578125 0.2871116078125 0.8066428578125 0.2871116078125 0.6894553578125
5 0.7714866078125 0.2207053578125 0.203125 0.2207053578125 0.203125 0.6269553578125 0.7714866078125 0.6269553578125 0.7714866078125 0.2207053578125
4 0.2753928578125 0.71875 0.203125 0.71875 0.203125 0.7792991078125 0.2753928578125 0.7792991078125 0.2753928578125 0.71875
4 0.83203125 0.3144553578125 0.79296875 0.3144553578125 0.79296875 0.3496116078125 0.83203125 0.3496116078125 0.83203125 0.3144553578125
4 0.6328125 0.83984375 0.5449241078125 0.83984375 0.5449241078125 0.9433616078125 0.6328125 0.9433616078125 0.6328125 0.83984375
4 0.7128928578125 0.71484375 0.6542991078125 0.71484375 0.6542991078125 0.74609375 0.7128928578125 0.74609375 0.7128928578125 0.71484375
4 0.765625 0.2324241078125 0.7402366078125 0.2324241078125 0.7402366078125 0.25390625 0.765625 0.25390625 0.765625 0.2324241078125
4 0.3886741078125 0.63671875 0.3535178578125 0.63671875 0.3535178578125 0.66796875 0.3886741078125 0.66796875 0.3886741078125 0.63671875
3 0.3183616078125 0.78515625 0.296875 0.78515625 0.296875 0.80859375 0.3183616078125 0.80859375 0.3183616078125 0.78515625
3 0.7246116078125 0.875 0.68359375 0.875 0.68359375 0.9042991078125 0.7246116078125 0.9042991078125 0.7246116078125 0.875
3 0.76171875 0.8515625 0.7265625 0.8515625 0.7265625 0.87890625 0.76171875 0.87890625 0.76171875 0.8515625
4 0.99609375 0.16796875 0.9707053578125 0.16796875 0.9707053578125 0.2089866078125 0.99609375 0.2089866078125 0.99609375 0.16796875