6 0.289241071875 0.41565822812500003 0.013821428124999998 0.41565822812500003 0.013821428124999998 0.8341202531249999 0.289241071875 0.8341202531249999 0.289241071875 0.41565822812500003
8 0.0286294640625 0.22112658281250003 0.013821428124999998 0.22112658281250003 0.013821428124999998 0.25891139218750003 0.0286294640625 0.25891139218750003 0.0286294640625 0.22112658281250003
8 0.2704821421875 0.1497468359375 0.24580357187500002 0.1497468359375 0.24580357187500002 0.17074050624999998 0.2704821421875 0.17074050624999998 0.2704821421875 0.1497468359375
8 0.2744330359375 0.29670253125 0.246790178125 0.29670253125 0.246790178125 0.32748734218750003 0.2744330359375 0.32748734218750003 0.2744330359375 0.29670253125
8 0.3761116078125 0.2645126578125 0.3543928578125 0.2645126578125 0.3543928578125 0.291101265625 0.3761116078125 0.291101265625 0.3761116078125 0.2645126578125
8 0.18657589218749998 0.42825316406249997 0.16584375 0.42825316406249997 0.16584375 0.4548481015625 0.18657589218749998 0.4548481015625 0.18657589218749998 0.42825316406249997
8 0.41855803593749996 0.33588607656249997 0.357352678125 0.33588607656249997 0.357352678125 0.3792721515625 0.41855803593749996 0.3792721515625 0.41855803593749996 0.33588607656249997
8 0.3356383921875 0.3862721515625 0.2912142859375 0.3862721515625 0.2912142859375 0.4338544296875 0.3356383921875 0.4338544296875 0.3356383921875 0.3862721515625
8 0.24975446406250001 0.4492468359375 0.2309955359375 0.4492468359375 0.2309955359375 0.478639240625 0.24975446406250001 0.478639240625 0.24975446406250001 0.4492468359375
8 0.45705803593749994 0.5794050640624999 0.32280357187500003 0.5794050640624999 0.32280357187500003 0.6983670890625 0.45705803593749994 0.6983670890625 0.45705803593749994 0.5794050640624999
8 0.4027633921875 0.646582278125 0.3524196421875 0.646582278125 0.3524196421875 0.7235569625 0.4027633921875 0.7235569625 0.4027633921875 0.646582278125
8 0.327741071875 0.7081582281250001 0.30996875 0.7081582281250001 0.30996875 0.7277531640625 0.327741071875 0.7277531640625 0.327741071875 0.7081582281250001
8 0.3040491078125 0.4912341765625 0.21717857187499998 0.4912341765625 0.21717857187499998 0.6745696203125 0.3040491078125 0.6745696203125 0.3040491078125 0.4912341765625
8 0.3415580359375 0.7417468359375 0.29812500000000003 0.7417468359375 0.29812500000000003 0.82572151875 0.3415580359375 0.82572151875 0.3415580359375 0.7417468359375
8 0.39387946406249996 0.7935316453125 0.367227678125 0.7935316453125 0.367227678125 0.8117278484374999 0.39387946406249996 0.8117278484374999 0.39387946406249996 0.7935316453125
8 0.42448214218749997 0.779537975 0.40770089218749994 0.779537975 0.40770089218749994 0.7977278484375 0.42448214218749997 0.7977278484375 0.42448214218749997 0.779537975
8 0.4659419640625 0.9208860765625 0.43040625 0.9208860765625 0.43040625 0.951677215625 0.4659419640625 0.951677215625 0.4659419640625 0.9208860765625
8 0.36524999999999996 0.8551139234375 0.345508928125 0.8551139234375 0.345508928125 0.873303796875 0.36524999999999996 0.873303796875 0.36524999999999996 0.8551139234375
8 0.6999017859375 0.6997658234374999 0.6910178578124999 0.6997658234374999 0.6910178578124999 0.731955696875 0.6999017859375 0.731955696875 0.6999017859375 0.6997658234374999
8 0.49950446406250004 0.836917721875 0.4827232140625 0.836917721875 0.4827232140625 0.8565126578125 0.49950446406250004 0.8565126578125 0.49950446406250004 0.836917721875
8 0.493584821875 0.8649050640624999 0.48075 0.8649050640624999 0.48075 0.8789050640625 0.493584821875 0.8789050640625 0.493584821875 0.8649050640624999
8 0.2152008921875 0.8984936703124999 0.2063169640625 0.8984936703124999 0.2063169640625 0.9208860765625 0.2152008921875 0.9208860765625 0.2152008921875 0.8984936703124999
8 0.65153125 0.8495126578125 0.6258616078125 0.8495126578125 0.6258616078125 0.8887025312500001 0.65153125 0.8887025312500001 0.65153125 0.8495126578125
7 0.0730491078125 0.46884177187500004 0.0148080359375 0.46884177187500004 0.0148080359375 0.695563290625 0.0730491078125 0.695563290625 0.0730491078125 0.46884177187500004