5 0.6113303578125 0.1582053578125 0.171875 0.1582053578125 0.171875 0.6933616078125 0.6113303578125 0.6933616078125 0.6113303578125 0.1582053578125
3 0.8125 0.1875 0.55078125 0.1875 0.55078125 0.32421875 0.8125 0.32421875 0.8125 0.1875
3 0.91796875 0.1171875 0.8203125 0.1171875 0.8203125 0.1796875 0.91796875 0.1796875 0.91796875 0.1171875
3 0.9902366078125 0.2109375 0.93359375 0.2109375 0.93359375 0.30078125 0.9902366078125 0.30078125 0.9902366078125 0.2109375
3 0.90234375 0.21484375 0.82421875 0.21484375 0.82421875 0.33203125 0.90234375 0.33203125 0.90234375 0.21484375
3 0.8339866078125 0.6152366078125 0.75390625 0.6152366078125 0.75390625 0.6972678578125 0.8339866078125 0.6972678578125 0.8339866078125 0.6152366078125
3 0.9160178578125 0.7207053578125 0.80859375 0.7207053578125 0.80859375 0.8828125 0.9160178578125 0.8828125 0.9160178578125 0.7207053578125
7 0.984375 0.7949241078125 0.77734375 0.7949241078125 0.77734375 0.9863303578125 0.984375 0.9863303578125 0.984375 0.7949241078125
3 0.7109375 0.6484375 0.68359375 0.6484375 0.68359375 0.6796875 0.7109375 0.6796875 0.7109375 0.6484375
3 0.6933616078125 0.5410178578125 0.6621116078125 0.5410178578125 0.6621116078125 0.5996116078125 0.6933616078125 0.5996116078125 0.6933616078125 0.5410178578125
3 0.6503928578125 0.5449241078125 0.6171875 0.5449241078125 0.6171875 0.5859375 0.6503928578125 0.5859375 0.6503928578125 0.5449241078125
8 0.98046875 0.2578125 0.96484375 0.2578125 0.96484375 0.29296875 0.98046875 0.29296875 0.98046875 0.2578125
8 0.8886741078125 0.7792991078125 0.8222678578125 0.7792991078125 0.8222678578125 0.859375 0.8886741078125 0.859375 0.8886741078125 0.7792991078125
8 0.91015625 0.7324241078125 0.86328125 0.7324241078125 0.86328125 0.7792991078125 0.91015625 0.7792991078125 0.91015625 0.7324241078125
8 0.82421875 0.6582053578125 0.7988303578125 0.6582053578125 0.7988303578125 0.67578125 0.82421875 0.67578125 0.82421875 0.6582053578125