8 0.3762657 0.237196428125 0.2654251203125 0.237196428125 0.2654251203125 0.3018883921875 0.3762657 0.3018883921875 0.3762657 0.237196428125
8 0.2683429953125 0.215633928125 0.23626087031249998 0.215633928125 0.23626087031249998 0.24528124999999998 0.2683429953125 0.24528124999999998 0.2683429953125 0.215633928125
8 0.27417874375 0.30458035781250004 0.192507246875 0.30458035781250004 0.192507246875 0.40161607187500004 0.27417874375 0.40161607187500004 0.27417874375 0.30458035781250004
8 0.087502415625 0.0997321421875 0.002917875 0.0997321421875 0.002917875 0.17789732187500001 0.087502415625 0.17789732187500001 0.087502415625 0.0997321421875
8 0.1341739125 0.010781250000000001 0.10208695625 0.010781250000000001 0.10208695625 0.0404330359375 0.1341739125 0.0404330359375 0.1341739125 0.010781250000000001
8 0.8721159421875001 0.237196428125 0.813782609375 0.237196428125 0.813782609375 0.2722366078125 0.8721159421875001 0.2722366078125 0.8721159421875001 0.237196428125
8 0.9975410625000001 0.1536383921875 0.93337198125 0.1536383921875 0.93337198125 0.2129375 0.9975410625000001 0.2129375 0.9975410625000001 0.1536383921875
8 0.5921062796875 0.380053571875 0.5425217390625 0.380053571875 0.5425217390625 0.412397321875 0.5921062796875 0.412397321875 0.5921062796875 0.380053571875
8 0.8692028984375 0.517522321875 0.7875314015625 0.517522321875 0.7875314015625 0.5579508921875 0.8692028984375 0.5579508921875 0.8692028984375 0.517522321875
8 0.982956521875 0.5121294640625 0.945038646875 0.5121294640625 0.945038646875 0.5417767859375 0.982956521875 0.5417767859375 0.982956521875 0.5121294640625
8 0.4900193234375 0.482477678125 0.449183575 0.482477678125 0.449183575 0.5148258921875 0.4900193234375 0.5148258921875 0.4900193234375 0.482477678125
8 0.09333816406249999 0.8382767859375001 0.0058357484375 0.8382767859375001 0.0058357484375 0.9245267859374999 0.09333816406249999 0.9245267859374999 0.09333816406249999 0.8382767859375001
8 0.5512705312499999 0.6981116078125 0.5250193234375 0.6981116078125 0.5250193234375 0.7196785718750001 0.5512705312499999 0.7196785718750001 0.5512705312499999 0.6981116078125
8 0.65044444375 0.8679241078125 0.606690821875 0.8679241078125 0.606690821875 0.9164419640625001 0.65044444375 0.9164419640625001 0.65044444375 0.8679241078125
8 0.72336231875 0.9083571421875 0.6971111109375 0.9083571421875 0.6971111109375 0.9380044640625 0.72336231875 0.9380044640625 0.72336231875 0.9083571421875
5 0.96837198125 0.6684642859375 0.6300241546875001 0.6684642859375 0.6300241546875001 0.9002678578125 0.96837198125 0.9002678578125 0.96837198125 0.6684642859375
1 0.5775217390625 0.013477678125 0.119589371875 0.013477678125 0.119589371875 0.3099732140625 0.5775217390625 0.3099732140625 0.5775217390625 0.013477678125
1 0.3412657 0.5256071421875 0.1604251203125 0.5256071421875 0.1604251203125 0.9946071421875 0.3412657 0.9946071421875 0.3412657 0.5256071421875