8 0.2802053578125 0.059368715625 0.2157142859375 0.059368715625 0.2157142859375 0.1298715078125 0.2802053578125 0.1298715078125 0.2802053578125 0.059368715625
8 0.28984375 0.14564245781250001 0.2601919640625 0.14564245781250001 0.2601919640625 0.1781061453125 0.28984375 0.1781061453125 0.28984375 0.14564245781250001
8 0.11860714218749999 0.141927375 0.08450892812500001 0.141927375 0.08450892812500001 0.18089385468750002 0.11860714218749999 0.18089385468750002 0.11860714218749999 0.141927375
8 0.173459821875 0.21335754218749997 0.134915178125 0.21335754218749997 0.134915178125 0.2792234640625 0.173459821875 0.2792234640625 0.173459821875 0.21335754218749997
8 0.13120982187500002 0.37477095 0.1008169640625 0.37477095 0.1008169640625 0.4146592171875 0.13120982187500002 0.4146592171875 0.13120982187500002 0.37477095
8 0.136397321875 0.33024022343750004 0.1119330359375 0.33024022343750004 0.1119330359375 0.3506480453125 0.136397321875 0.3506480453125 0.136397321875 0.33024022343750004
8 0.2075625 0.332100559375 0.1697544640625 0.332100559375 0.1697544640625 0.36827374375 0.2075625 0.36827374375 0.2075625 0.332100559375
8 0.1571517859375 0.5361787703124999 0.1260178578125 0.5361787703124999 0.1260178578125 0.5723575421875 0.1571517859375 0.5723575421875 0.1571517859375 0.5361787703124999
8 0.1438080359375 0.020407821875000003 0.1052633921875 0.020407821875000003 0.1052633921875 0.0454525140625 0.1438080359375 0.0454525140625 0.1438080359375 0.020407821875000003
8 0.2601919640625 0.004636871875 0.221647321875 0.004636871875 0.221647321875 0.0491675984375 0.2601919640625 0.0491675984375 0.2601919640625 0.004636871875
8 0.339508928125 0.0064916203125 0.32023660781249996 0.0064916203125 0.32023660781249996 0.0287597765625 0.339508928125 0.0287597765625 0.339508928125 0.0064916203125
5 0.2913258921875 0.2792234640625 0.1971830359375 0.2792234640625 0.1971830359375 0.378480446875 0.2913258921875 0.378480446875 0.2913258921875 0.2792234640625
3 0.0518883921875 0.30983240156249997 0.021495535937499997 0.30983240156249997 0.021495535937499997 0.340446928125 0.0518883921875 0.340446928125 0.0518883921875 0.30983240156249997
1 0.503334821875 0.6957374296875 0.3558169640625 0.6957374296875 0.3558169640625 0.8061284921875 0.503334821875 0.8061284921875 0.503334821875 0.6957374296875
1 0.244625 0.30426815625 0.094883928125 0.30426815625 0.094883928125 0.5723575421875 0.244625 0.5723575421875 0.244625 0.30426815625
1 0.354334821875 0.09091061406249999 0.16604910781249999 0.09091061406249999 0.16604910781249999 0.27458100625 0.354334821875 0.27458100625 0.354334821875 0.09091061406249999
1 0.4988883921875 0.1855307265625 0.3817633921875 0.1855307265625 0.3817633921875 0.2987039109375 0.4988883921875 0.2987039109375 0.4988883921875 0.1855307265625
4 0.040031250000000004 0.901675978125 0.000741071875 0.901675978125 0.000741071875 0.9851620109375 0.040031250000000004 0.9851620109375 0.040031250000000004 0.901675978125
7 0.9214241078125 0.5723575421875 0.5329866078125 0.5723575421875 0.5329866078125 0.9962960890625 0.9214241078125 0.9962960890625 0.9214241078125 0.5723575421875
8 0.3521116078125 0.3218938546875 0.32987500000000003 0.3218938546875 0.32987500000000003 0.34879329531250003 0.3521116078125 0.34879329531250003 0.3521116078125 0.3218938546875
8 0.37138839218749997 0.3256033515625 0.3521116078125 0.3256033515625 0.3521116078125 0.3497206703125 0.37138839218749997 0.3497206703125 0.37138839218749997 0.3256033515625
8 0.398071428125 0.2077932953125 0.3699017859375 0.2077932953125 0.3699017859375 0.25231843593750003 0.398071428125 0.25231843593750003 0.398071428125 0.2077932953125
8 0.3647142859375 0.22356424531250002 0.3550758921875 0.22356424531250002 0.3550758921875 0.23933519531249997 0.3647142859375 0.23933519531249997 0.3647142859375 0.22356424531250002
3 0.1704955359375 0.43228491562500004 0.15566964218749998 0.43228491562500004 0.15566964218749998 0.45640223437499994 0.1704955359375 0.45640223437499994 0.1704955359375 0.43228491562500004