8 0.0996116078125 0.33984375 0.0410178578125 0.33984375 0.0410178578125 0.421875 0.0996116078125 0.421875 0.0996116078125 0.33984375
8 0.12890625 0.78515625 0.05859375 0.78515625 0.05859375 0.8730491078125 0.12890625 0.8730491078125 0.12890625 0.78515625
8 0.2988303578125 0.921875 0.21484375 0.921875 0.21484375 0.97265625 0.2988303578125 0.97265625 0.2988303578125 0.921875
8 0.5957053578125 0.18359375 0.5449241078125 0.18359375 0.5449241078125 0.24609375 0.5957053578125 0.24609375 0.5957053578125 0.18359375
8 0.5605491078125 0.2441428578125 0.51171875 0.2441428578125 0.51171875 0.2949241078125 0.5605491078125 0.2949241078125 0.5605491078125 0.2441428578125
8 0.5761741078125 0.3339866078125 0.5136741078125 0.3339866078125 0.5136741078125 0.3886741078125 0.5761741078125 0.3886741078125 0.5761741078125 0.3339866078125
8 0.6269553578125 0.3339866078125 0.5839866078125 0.3339866078125 0.5839866078125 0.3730491078125 0.6269553578125 0.3730491078125 0.6269553578125 0.3339866078125
8 0.66015625 0.41601785781249995 0.61328125 0.41601785781249995 0.61328125 0.47851785781249995 0.66015625 0.47851785781249995 0.66015625 0.41601785781249995
2 0.56640625 0.2363303578125 0.0488303578125 0.2363303578125 0.0488303578125 0.9296875 0.56640625 0.9296875 0.56640625 0.2363303578125
1 0.36328125 0.11328125 0.0136741078125 0.11328125 0.0136741078125 0.8417991078125 0.36328125 0.8417991078125 0.36328125 0.11328125
1 0.87890625 0.5722678578125 0.49414285781249995 0.5722678578125 0.49414285781249995 0.984375 0.87890625 0.984375 0.87890625 0.5722678578125
1 0.4921875 0.703125 0.26171875 0.703125 0.26171875 0.8769553578125 0.4921875 0.8769553578125 0.4921875 0.703125
1 0.8847678578125 0.0449241078125 0.5625 0.0449241078125 0.5625 0.3535178578125 0.8847678578125 0.3535178578125 0.8847678578125 0.0449241078125
4 0.6582053578125 0.41796875 0.61328125 0.41796875 0.61328125 0.47851785781249995 0.6582053578125 0.47851785781249995 0.6582053578125 0.41796875
4 0.5644553578125 0.33984375 0.5214866078125 0.33984375 0.5214866078125 0.3828125 0.5644553578125 0.3828125 0.5644553578125 0.33984375
4 0.625 0.3339866078125 0.5859375 0.3339866078125 0.5859375 0.3691428578125 0.625 0.3691428578125 0.625 0.3339866078125
4 0.7753928578125 0.88671875 0.734375 0.88671875 0.734375 0.921875 0.7753928578125 0.921875 0.7753928578125 0.88671875
4 0.61328125 0.8808616078125 0.5703125 0.8808616078125 0.5703125 0.9296875 0.61328125 0.9296875 0.61328125 0.8808616078125
4 0.71875 0.921875 0.6738303578125 0.921875 0.6738303578125 0.9667991078125 0.71875 0.9667991078125 0.71875 0.921875