3 0.7441428578125 0.7578125 0.6035178578125 0.7578125 0.6035178578125 0.99609375 0.7441428578125 0.99609375 0.7441428578125 0.7578125
3 0.84765625 0.2714866078125 0.65234375 0.2714866078125 0.65234375 0.3828125 0.84765625 0.3828125 0.84765625 0.2714866078125
3 0.9941428578125 0.2109375 0.78125 0.2109375 0.78125 0.41796875 0.9941428578125 0.41796875 0.9941428578125 0.2109375
3 0.3652366078125 0.6582053578125 0.1933616078125 0.6582053578125 0.1933616078125 0.8066428578125 0.3652366078125 0.8066428578125 0.3652366078125 0.6582053578125
3 0.453125 0.5800803578125 0.4140625 0.5800803578125 0.4140625 0.62890625 0.453125 0.62890625 0.453125 0.5800803578125
3 0.7734375 0.62109375 0.6816428578125 0.62109375 0.6816428578125 0.7597678578125 0.7734375 0.7597678578125 0.7734375 0.62109375
7 0.765625 0.9296875 0.6230491078125 0.9296875 0.6230491078125 0.9941428578125 0.765625 0.9941428578125 0.765625 0.9296875
5 0.7597678578125 0.2128928578125 0.29296875 0.2128928578125 0.29296875 0.5449241078125 0.7597678578125 0.5449241078125 0.7597678578125 0.2128928578125
3 0.9375 0.421875 0.8652366078125 0.421875 0.8652366078125 0.55859375 0.9375 0.55859375 0.9375 0.421875
3 0.9863303578125 0.5410178578125 0.93359375 0.5410178578125 0.93359375 0.5878928578125 0.9863303578125 0.5878928578125 0.9863303578125 0.5410178578125
3 0.80078125 0.8183616078125 0.76171875 0.8183616078125 0.76171875 0.83984375 0.80078125 0.83984375 0.80078125 0.8183616078125
3 0.42383035781249995 0.7167991078125 0.39453125 0.7167991078125 0.39453125 0.7441428578125 0.42383035781249995 0.7441428578125 0.42383035781249995 0.7167991078125
3 0.69140625 0.671875 0.6386741078125 0.671875 0.6386741078125 0.703125 0.69140625 0.703125 0.69140625 0.671875
3 0.1171875 0.8671875 0.05859375 0.8671875 0.05859375 0.9238303578125 0.1171875 0.9238303578125 0.1171875 0.8671875
3 0.3769553578125 0.6171875 0.3496116078125 0.6171875 0.3496116078125 0.6503928578125 0.3769553578125 0.6503928578125 0.3769553578125 0.6171875