3 0.1704955359375 0.16883240156249998 0.1149017859375 0.16883240156249998 0.1149017859375 0.3144748609375 0.1704955359375 0.3144748609375 0.1704955359375 0.16883240156249998
3 0.2601919640625 0.3135474859375 0.221647321875 0.3135474859375 0.221647321875 0.359 0.2601919640625 0.359 0.2601919640625 0.3135474859375
8 0.2379553578125 0.000927375 0.1793928578125 0.000927375 0.1793928578125 0.0918379890625 0.2379553578125 0.0918379890625 0.2379553578125 0.000927375
8 0.174946428125 0.000927375 0.144553571875 0.000927375 0.144553571875 0.020407821875000003 0.174946428125 0.020407821875000003 0.174946428125 0.000927375
8 0.32171875 0.004636871875 0.25278125 0.004636871875 0.25278125 0.042670390625 0.32171875 0.042670390625 0.32171875 0.004636871875
8 0.5885848218749999 0.0027821234375 0.492959821875 0.0027821234375 0.492959821875 0.13172625625 0.5885848218749999 0.13172625625 0.5885848218749999 0.0027821234375
3 0.5752410718750001 0.06493296093749999 0.5366919640625001 0.06493296093749999 0.5366919640625001 0.0955474859375 0.5752410718750001 0.0955474859375 0.5752410718750001 0.06493296093749999
3 0.4544107140625 0.21057541875000002 0.4203125 0.21057541875000002 0.4203125 0.25324580937499996 0.4544107140625 0.25324580937499996 0.4544107140625 0.21057541875000002
3 0.5174196421875 0.255100559375 0.4944419640625 0.255100559375 0.4944419640625 0.2912793296875 0.5174196421875 0.2912793296875 0.5174196421875 0.255100559375
3 0.4492232140625 0.5306145250000001 0.41215624999999995 0.5306145250000001 0.41215624999999995 0.57050279375 0.4492232140625 0.57050279375 0.4492232140625 0.5306145250000001
8 0.037803571875000004 0.551022346875 0.005187499999999999 0.551022346875 0.005187499999999999 0.5909106140625 0.037803571875000004 0.5909106140625 0.037803571875000004 0.551022346875
8 0.0600446421875 0.6252346375 0.008897321875 0.6252346375 0.008897321875 0.7346983234375 0.0600446421875 0.7346983234375 0.0600446421875 0.6252346375
8 0.0682008921875 0.8135474859375 0.035580357812500005 0.8135474859375 0.035580357812500005 0.8460167593750001 0.0682008921875 0.8460167593750001 0.0682008921875 0.8135474859375
8 0.0889553578125 0.8256089390625 0.0518883921875 0.8256089390625 0.0518883921875 0.910022346875 0.0889553578125 0.910022346875 0.0889553578125 0.8256089390625
8 0.171977678125 0.964754190625 0.1378794640625 0.964754190625 0.1378794640625 0.9990782125000001 0.171977678125 0.9990782125000001 0.171977678125 0.964754190625
7 0.339508928125 0.8562178765624999 0.16382589218750002 0.8562178765624999 0.16382589218750002 0.9990782125000001 0.339508928125 0.9990782125000001 0.339508928125 0.8562178765624999
7 0.054116071875000005 0.2356201125 0.0022232140625000002 0.2356201125 0.0022232140625000002 0.457329609375 0.054116071875000005 0.457329609375 0.054116071875000005 0.2356201125
7 0.180133928125 0.705938546875 0.0489241078125 0.705938546875 0.0489241078125 0.933212290625 0.180133928125 0.933212290625 0.180133928125 0.705938546875
8 0.528540178125 0.3033407828125 0.5011116078125 0.3033407828125 0.5011116078125 0.35807262500000003 0.528540178125 0.35807262500000003 0.528540178125 0.3033407828125
8 0.5448482140625 0.3729162015625 0.5189017859375 0.3729162015625 0.5189017859375 0.4248603359375 0.5448482140625 0.4248603359375 0.5448482140625 0.3729162015625
8 0.632321428125 0.340446928125 0.6011875 0.340446928125 0.6011875 0.386826815625 0.632321428125 0.386826815625 0.632321428125 0.340446928125
8 0.669383928125 0.5584413406250001 0.6478883921875 0.5584413406250001 0.6478883921875 0.60111731875 0.669383928125 0.60111731875 0.669383928125 0.5584413406250001
8 0.761303571875 0.4146592171875 0.7309107140625 0.4146592171875 0.7309107140625 0.4536201125 0.761303571875 0.4536201125 0.761303571875 0.4146592171875
8 0.7568571421875 0.12430726249999999 0.7257232140625 0.12430726249999999 0.7257232140625 0.16883240156249998 0.7568571421875 0.16883240156249998 0.7568571421875 0.12430726249999999
8 0.756116071875 0.18274860312500002 0.7286875 0.18274860312500002 0.7286875 0.20872067031250002 0.756116071875 0.20872067031250002 0.756116071875 0.18274860312500002
8 0.8858392859374999 0.136363128125 0.8628616078125001 0.136363128125 0.8628616078125001 0.1725419 0.8858392859374999 0.1725419 0.8858392859374999 0.136363128125
8 0.8969598218750001 0.19480446875 0.8747232140625 0.19480446875 0.8747232140625 0.21521229062499997 0.8969598218750001 0.21521229062499997 0.8969598218750001 0.19480446875
8 0.9162321421874999 0.481446928125 0.891772321875 0.481446928125 0.891772321875 0.52226815625 0.9162321421874999 0.52226815625 0.9162321421874999 0.481446928125
8 0.945883928125 0.44526815624999994 0.9229062499999999 0.44526815624999994 0.9229062499999999 0.48979888281250006 0.945883928125 0.48979888281250006 0.945883928125 0.44526815624999994
5 0.98146875 0.66326815625 0.701258928125 0.66326815625 0.701258928125 0.9749553078125001 0.98146875 0.9749553078125001 0.98146875 0.66326815625
3 0.181616071875 0.0473072625 0.11341517812499999 0.0473072625 0.11341517812499999 0.18460335156250002 0.181616071875 0.18460335156250002 0.181616071875 0.0473072625
8 0.18458035781249998 0.22078212343749998 0.1527053578125 0.22078212343749998 0.1527053578125 0.3181843578125 0.18458035781249998 0.3181843578125 0.18458035781249998 0.22078212343749998
8 0.16234375 0.338592178125 0.11638392812500001 0.338592178125 0.11638392812500001 0.386826815625 0.16234375 0.386826815625 0.16234375 0.338592178125
8 0.1460357140625 0.457329609375 0.11712499999999999 0.457329609375 0.11712499999999999 0.487944134375 0.1460357140625 0.487944134375 0.1460357140625 0.457329609375
3 0.30466964218750003 0.3849720671875 0.2735357140625 0.3849720671875 0.2735357140625 0.4350670390625 0.30466964218750003 0.4350670390625 0.30466964218750003 0.3849720671875
3 0.3239419640625 0.4230055859375 0.307633928125 0.4230055859375 0.307633928125 0.4591843578125 0.3239419640625 0.4591843578125 0.3239419640625 0.4230055859375
3 0.31060267812500003 0.42578770937500005 0.29429017812499997 0.42578770937500005 0.29429017812499997 0.4536201125 0.31060267812500003 0.4536201125 0.31060267812500003 0.42578770937500005
3 0.14158482187500002 0.3654916203125 0.1208303578125 0.3654916203125 0.1208303578125 0.3849720671875 0.14158482187500002 0.3849720671875 0.14158482187500002 0.3654916203125
3 0.14158482187500002 0.4536201125 0.1223125 0.4536201125 0.1223125 0.48608938593750006 0.14158482187500002 0.48608938593750006 0.14158482187500002 0.4536201125
3 0.6271294640625 0.34693854687500003 0.601928571875 0.34693854687500003 0.601928571875 0.386826815625 0.6271294640625 0.386826815625 0.6271294640625 0.34693854687500003
3 0.9140089281250001 0.4842346375 0.8939955359375 0.4842346375 0.8939955359375 0.520407821875 0.9140089281250001 0.520407821875 0.9140089281250001 0.4842346375
3 0.5581919640625 0.0102067046875 0.5322455359375 0.0102067046875 0.5322455359375 0.0371061453125 0.5581919640625 0.0371061453125 0.5581919640625 0.0102067046875
3 0.3447008921875 0 0.3447008921875 0.0222625703125 0.3669375 0.0222625703125 0.3669375 0 0.3447008921875 0
3 0.402522321875 0 0.402522321875 0.018553071875 0.42327678593750007 0.018553071875 0.42327678593750007 0 0.402522321875 0
8 0.4151205359375 0.1391452515625 0.402522321875 0.1391452515625 0.402522321875 0.15677095000000002 0.4151205359375 0.15677095000000002 0.4151205359375 0.1391452515625
8 0.2920669640625 0.1576983234375 0.2802053578125 0.1576983234375 0.2802053578125 0.1706871515625 0.2920669640625 0.1706871515625 0.2920669640625 0.1576983234375
8 0.14974107187500002 0.2346927375 0.13713839218749999 0.2346927375 0.13713839218749999 0.254173184375 0.14974107187500002 0.254173184375 0.14974107187500002 0.2346927375
8 0.126758928125 0.27458100625 0.11416071406249999 0.27458100625 0.11416071406249999 0.293134078125 0.126758928125 0.293134078125 0.126758928125 0.27458100625
8 0.1223125 0.187385475 0.1104508921875 0.187385475 0.1104508921875 0.20222905 0.1223125 0.20222905 0.1223125 0.187385475
8 0.091178571875 0.1938770953125 0.08005803593750001 0.1938770953125 0.08005803593750001 0.2077932953125 0.091178571875 0.2077932953125 0.091178571875 0.1938770953125
8 0.0785758921875 0.23005586562499997 0.0659732140625 0.23005586562499997 0.0659732140625 0.2476815640625 0.0785758921875 0.2476815640625 0.0785758921875 0.23005586562499997
8 0.11267410781250001 0.0834860328125 0.099334821875 0.0834860328125 0.099334821875 0.10111173124999999 0.11267410781250001 0.10111173124999999 0.11267410781250001 0.0834860328125
8 0.134915178125 0.0222625703125 0.11119196406250001 0.0222625703125 0.11119196406250001 0.043597765625 0.134915178125 0.043597765625 0.134915178125 0.0222625703125
3 0.3232008921875 0.105754190625 0.30022321406249997 0.105754190625 0.30022321406249997 0.1382178765625 0.3232008921875 0.1382178765625 0.3232008921875 0.105754190625
3 0.2616741078125 0.0556592171875 0.2409196421875 0.0556592171875 0.2409196421875 0.121519553125 0.2616741078125 0.121519553125 0.2616741078125 0.0556592171875
3 0.4151205359375 0.06864804531249999 0.3988125 0.06864804531249999 0.3988125 0.08534636875 0.4151205359375 0.08534636875 0.4151205359375 0.06864804531249999
3 0.47590625 0.1465698328125 0.458116071875 0.1465698328125 0.458116071875 0.166977653125 0.47590625 0.166977653125 0.47590625 0.1465698328125
8 0.21497321406249997 0.3033407828125 0.19199553593750002 0.3033407828125 0.19199553593750002 0.323748603125 0.21497321406249997 0.323748603125 0.21497321406249997 0.3033407828125
8 0.2468482140625 0.378480446875 0.2327633921875 0.378480446875 0.2327633921875 0.4053798875 0.2468482140625 0.4053798875 0.2468482140625 0.378480446875
8 0.2802053578125 0.389614525 0.263897321875 0.389614525 0.263897321875 0.4248603359375 0.2802053578125 0.4248603359375 0.2802053578125 0.389614525
8 0.320977678125 0.393324021875 0.2802053578125 0.393324021875 0.2802053578125 0.45269273749999994 0.320977678125 0.45269273749999994 0.320977678125 0.393324021875
3 0.959227678125 0.26345251406250003 0.93625 0.26345251406250003 0.93625 0.293134078125 0.959227678125 0.293134078125 0.959227678125 0.26345251406250003
3 0.922165178125 0.26159776562500003 0.9065982140625 0.26159776562500003 0.9065982140625 0.2838603359375 0.922165178125 0.2838603359375 0.922165178125 0.26159776562500003