7 0.9637991078124999 0.6790360828125 0.7256651781250001 0.6790360828125 0.7256651781250001 0.974427834375 0.9637991078124999 0.974427834375 0.9637991078124999 0.6790360828125
3 0.819790178125 0.9121907218749999 0.7835892859375 0.9121907218749999 0.7835892859375 0.941917525 0.819790178125 0.941917525 0.819790178125 0.9121907218749999
3 0.7779553578125 0.93820103125 0.753821428125 0.93820103125 0.753821428125 0.967927834375 0.7779553578125 0.967927834375 0.7779553578125 0.93820103125
3 0.7449732140624999 0.9707164953125 0.7063571421875 0.9707164953125 0.7063571421875 0.9985824750000001 0.7449732140624999 0.9985824750000001 0.7449732140624999 0.9707164953125
3 0.979084821875 0.484891753125 0.9308125 0.484891753125 0.9308125 0.5629226796875 0.979084821875 0.5629226796875 0.979084821875 0.484891753125
3 0.5028169640625 0.45609793749999994 0.45615625 0.45609793749999994 0.45615625 0.51275773125 0.5028169640625 0.51275773125 0.5028169640625 0.45609793749999994
3 0.7393392859375 0.588 0.7135982140625 0.588 0.7135982140625 0.6205154640625 0.7393392859375 0.6205154640625 0.7393392859375 0.588
3 0.7135982140625 0.6121546390625 0.7007232140624999 0.6121546390625 0.7007232140624999 0.6381649484375 0.7135982140625 0.6381649484375 0.7135982140625 0.6121546390625
3 0.674977678125 0.64002061875 0.651647321875 0.64002061875 0.651647321875 0.6873969078125 0.674977678125 0.6873969078125 0.674977678125 0.64002061875
3 0.798875 0.52111855625 0.761866071875 0.52111855625 0.761866071875 0.5629226796875 0.798875 0.5629226796875 0.798875 0.52111855625
3 0.816571428125 0.5415567015625 0.785196428125 0.5415567015625 0.785196428125 0.5777835046875001 0.816571428125 0.5777835046875001 0.816571428125 0.5415567015625
3 0.8390982140625001 0.6298041234375 0.816571428125 0.6298041234375 0.816571428125 0.65488144375 0.8390982140625001 0.65488144375 0.8390982140625001 0.6298041234375
3 0.9798883921874999 0.6911134015625 0.9501205359375 0.6911134015625 0.9501205359375 0.7291958765625 0.9798883921874999 0.7291958765625 0.9798883921874999 0.6911134015625
3 0.905875 0.7291958765625 0.8833482140625 0.7291958765625 0.8833482140625 0.75427835 0.905875 0.75427835 0.905875 0.7291958765625
3 0.898633928125 0.753350515625 0.8817366078125 0.753350515625 0.8817366078125 0.788649484375 0.898633928125 0.788649484375 0.898633928125 0.753350515625
3 0.8600178578125 0.7459175250000001 0.8326607140625001 0.7459175250000001 0.8326607140625001 0.7756443296875 0.8600178578125 0.7756443296875 0.8600178578125 0.7459175250000001
3 0.847946428125 0.7189793812499999 0.8222053578124999 0.7189793812499999 0.8222053578124999 0.7459175250000001 0.847946428125 0.7459175250000001 0.847946428125 0.7189793812499999
3 0.8222053578124999 0.7561340203125 0.8045044640624999 0.7561340203125 0.8045044640624999 0.7821443296874999 0.8222053578124999 0.7821443296874999 0.8222053578124999 0.7561340203125
3 0.8181830359375001 0.785860825 0.7835892859375 0.785860825 0.7835892859375 0.818371134375 0.8181830359375001 0.818371134375 0.8181830359375001 0.785860825
3 0.864040178125 0.8100103093750001 0.816571428125 0.8100103093750001 0.816571428125 0.8778247421875 0.864040178125 0.8778247421875 0.864040178125 0.8100103093750001
3 0.791633928125 0.3855 0.7465803578125 0.3855 0.7465803578125 0.4663144328125 0.791633928125 0.4663144328125 0.791633928125 0.3855
5 0.2091696421875 0.2842474234375 0.0008035718750000001 0.2842474234375 0.0008035718750000001 0.7496340203125 0.2091696421875 0.7496340203125 0.2091696421875 0.2842474234375
4 0.0917142859375 0.5164742265625 0.0603392859375 0.5164742265625 0.0603392859375 0.5954329890625 0.0917142859375 0.5954329890625 0.0917142859375 0.5164742265625
4 0.140790178125 0.42544329843749995 0.08849553593750001 0.42544329843749995 0.08849553593750001 0.47653092812500003 0.140790178125 0.47653092812500003 0.140790178125 0.42544329843749995
4 0.030571428125 0.401288659375 0.005629464062500001 0.401288659375 0.005629464062500001 0.438448453125 0.030571428125 0.438448453125 0.030571428125 0.401288659375
8 0.2405491078125 0.52111855625 0.1987142859375 0.52111855625 0.1987142859375 0.614010309375 0.2405491078125 0.614010309375 0.2405491078125 0.52111855625
8 0.2019330359375 0.630731959375 0.16653125 0.630731959375 0.16653125 0.6864690718750001 0.2019330359375 0.6864690718750001 0.2019330359375 0.630731959375
8 0.315366071875 0.5917164953125 0.2614642859375 0.5917164953125 0.2614642859375 0.6651030921875 0.315366071875 0.6651030921875 0.315366071875 0.5917164953125
4 0.1560758921875 0.8833969078124999 0.0788392859375 0.8833969078124999 0.0788392859375 0.93820103125 0.1560758921875 0.93820103125 0.1560758921875 0.8833969078124999
8 0.1512455359375 0.8871134015625 0.082866071875 0.8871134015625 0.082866071875 0.94006185625 0.1512455359375 0.94006185625 0.1512455359375 0.8871134015625
8 0.13515625 0.17835051562499998 0.1126294640625 0.17835051562499998 0.1126294640625 0.21272164999999998 0.13515625 0.21272164999999998 0.13515625 0.17835051562499998
8 0.1528571421875 0.186711340625 0.1335491078125 0.186711340625 0.1335491078125 0.21272164999999998 0.1528571421875 0.21272164999999998 0.1528571421875 0.186711340625
8 0.1440044640625 0.21922165 0.1182633921875 0.21922165 0.1182633921875 0.2582371140625 0.1440044640625 0.2582371140625 0.1440044640625 0.21922165
8 0.1649241078125 0.274030928125 0.13515625 0.274030928125 0.13515625 0.3000412375 0.1649241078125 0.3000412375 0.1649241078125 0.274030928125
8 0.23008928593750003 0.20900515468749997 0.1544642859375 0.20900515468749997 0.1544642859375 0.2554536078125 0.23008928593750003 0.2554536078125 0.23008928593750003 0.20900515468749997
8 0.27353125 0.2173659796875 0.23169642812500002 0.2173659796875 0.23169642812500002 0.274030928125 0.27353125 0.274030928125 0.27353125 0.2173659796875
8 0.24698214218749998 0.2600979375 0.2075625 0.2600979375 0.2075625 0.3037525765625 0.24698214218749998 0.3037525765625 0.24698214218749998 0.2600979375
8 0.277553571875 0.2814587625 0.24537499999999998 0.2814587625 0.24537499999999998 0.3260463921875 0.277553571875 0.3260463921875 0.277553571875 0.2814587625
8 0.3298482140625 0.33069072187500004 0.2864017859375 0.33069072187500004 0.2864017859375 0.3734226796875 0.3298482140625 0.3734226796875 0.3298482140625 0.33069072187500004
8 0.4086875 0.10961340156249999 0.3193883921875 0.10961340156249999 0.3193883921875 0.22293814374999998 0.4086875 0.22293814374999998 0.4086875 0.10961340156249999
8 0.4312142859375 0.198788659375 0.415125 0.198788659375 0.415125 0.24802061874999998 0.4312142859375 0.24802061874999998 0.4312142859375 0.198788659375
8 0.45213392812500003 0.19507216562500002 0.43684821406249996 0.19507216562500002 0.43684821406249996 0.221082475 0.45213392812500003 0.221082475 0.45213392812500003 0.19507216562500002
8 0.49959821406250005 0.227582475 0.453741071875 0.227582475 0.453741071875 0.3018969078125 0.49959821406250005 0.3018969078125 0.49959821406250005 0.227582475
8 0.5639598218749999 0.2554536078125 0.511665178125 0.2554536078125 0.511665178125 0.3260463921875 0.5639598218749999 0.3260463921875 0.5639598218749999 0.2554536078125
8 0.30732142812499996 0.020438143750000002 0.2075625 0.020438143750000002 0.2075625 0.0650257734375 0.30732142812499996 0.0650257734375 0.30732142812499996 0.020438143750000002
8 0.1810133921875 0.11425773125000001 0.1198705359375 0.11425773125000001 0.1198705359375 0.15234020625 0.1810133921875 0.15234020625 0.1810133921875 0.11425773125000001
8 0.23008928593750003 0.0836030921875 0.1898616078125 0.0836030921875 0.1898616078125 0.1123969078125 0.23008928593750003 0.1123969078125 0.23008928593750003 0.0836030921875
8 0.28962053593750003 0.078030928125 0.22284821406250002 0.078030928125 0.22284821406250002 0.10218041250000001 0.28962053593750003 0.10218041250000001 0.28962053593750003 0.078030928125
8 0.34754464218750003 0.0455154640625 0.30008035781250003 0.0455154640625 0.30008035781250003 0.08174226875 0.34754464218750003 0.08174226875 0.34754464218750003 0.0455154640625
8 0.3773125 0.013005154687500001 0.34754464218750003 0.013005154687500001 0.34754464218750003 0.052948453124999996 0.3773125 0.052948453124999996 0.3773125 0.013005154687500001
8 0.4730491078125 0.0510927828125 0.44328124999999996 0.0510927828125 0.44328124999999996 0.07338659843749999 0.4730491078125 0.07338659843749999 0.4730491078125 0.0510927828125
8 0.6130312499999999 0.10589690781250001 0.5832678578125 0.10589690781250001 0.5832678578125 0.1384072171875 0.6130312499999999 0.1384072171875 0.6130312499999999 0.10589690781250001
8 0.590508928125 0.1486237109375 0.560741071875 0.1486237109375 0.560741071875 0.19507216562500002 0.590508928125 0.19507216562500002 0.590508928125 0.1486237109375
8 0.592116071875 0.2006443296875 0.560741071875 0.2006443296875 0.560741071875 0.2257268046875 0.592116071875 0.2257268046875 0.592116071875 0.2006443296875
8 0.5100580359375 0.1384072171875 0.4642008921875 0.1384072171875 0.4642008921875 0.17835051562499998 0.5100580359375 0.17835051562499998 0.5100580359375 0.1384072171875
8 0.6902633921875 0.1885670109375 0.6411919640625 0.1885670109375 0.6411919640625 0.22293814374999998 0.6902633921875 0.22293814374999998 0.6902633921875 0.1885670109375
8 0.7409508921875 0.2415154640625 0.6870491078125001 0.2415154640625 0.6870491078125001 0.3083969078125 0.7409508921875 0.3083969078125 0.7409508921875 0.2415154640625
8 0.7465803578125 0.34834020625 0.72003125 0.34834020625 0.72003125 0.419871134375 0.7465803578125 0.419871134375 0.7465803578125 0.34834020625
8 0.771522321875 0.33069072187500004 0.7361205359375 0.33069072187500004 0.7361205359375 0.3613453609375 0.771522321875 0.3613453609375 0.771522321875 0.33069072187500004
8 0.7707142859375 0.09753608281250001 0.7361205359375 0.09753608281250001 0.7361205359375 0.14584020625 0.7707142859375 0.14584020625 0.7707142859375 0.09753608281250001
8 0.7304910718750001 0.06967010312500001 0.7079642859375 0.06967010312500001 0.7079642859375 0.1012525765625 0.7304910718750001 0.1012525765625 0.7304910718750001 0.06967010312500001
8 0.9412723218749999 0.15884536093749999 0.9090892859374999 0.15884536093749999 0.9090892859374999 0.210860825 0.9412723218749999 0.210860825 0.9412723218749999 0.15884536093749999
8 0.9002410718749999 0.2025051546875 0.8793258921874999 0.2025051546875 0.8793258921874999 0.23965979375000002 0.9002410718749999 0.23965979375000002 0.9002410718749999 0.2025051546875
8 0.9147232140625 0.245231959375 0.8881741078125 0.245231959375 0.8881741078125 0.3000412375 0.9147232140625 0.3000412375 0.9147232140625 0.245231959375
8 0.9967812500000001 0.33069072187500004 0.9702321421875 0.33069072187500004 0.9702321421875 0.3669226796875 0.9967812500000001 0.3669226796875 0.9967812500000001 0.33069072187500004
8 0.954946428125 0.3121134015625 0.9356383921875 0.3121134015625 0.9356383921875 0.340912371875 0.954946428125 0.340912371875 0.954946428125 0.3121134015625
3 0.6307321421875 0.29260824687500003 0.6033794640625 0.29260824687500003 0.6033794640625 0.32697938125000003 0.6307321421875 0.32697938125000003 0.6307321421875 0.29260824687500003
3 0.6588883921875001 0.31861855625 0.6275133921875 0.31861855625 0.6275133921875 0.3613453609375 0.6588883921875001 0.3613453609375 0.6588883921875001 0.31861855625
3 0.511665178125 0.3529845359375 0.480290178125 0.3529845359375 0.480290178125 0.41522165 0.511665178125 0.41522165 0.511665178125 0.3529845359375
8 0.4312142859375 0.3632061859375 0.3998392859375 0.3632061859375 0.3998392859375 0.401288659375 0.4312142859375 0.401288659375 0.4312142859375 0.3632061859375
8 0.36444196406249996 0.401288659375 0.3298482140625 0.401288659375 0.3298482140625 0.4542371140625 0.36444196406249996 0.4542371140625 0.36444196406249996 0.401288659375
8 0.4070803578125 0.44773711406250005 0.37892410781249997 0.44773711406250005 0.37892410781249997 0.48210824687500003 0.4070803578125 0.48210824687500003 0.4070803578125 0.44773711406250005
8 0.5140803578125 0.64002061875 0.49477232187500003 0.64002061875 0.49477232187500003 0.6706752578125 0.5140803578125 0.6706752578125 0.5140803578125 0.64002061875
8 0.485116071875 0.6669587625 0.4625892859375 0.6669587625 0.4625892859375 0.6948247421875 0.485116071875 0.6948247421875 0.485116071875 0.6669587625
8 0.5277544640625 0.65674226875 0.505227678125 0.65674226875 0.505227678125 0.6948247421875 0.5277544640625 0.6948247421875 0.5277544640625 0.65674226875
8 0.5012053578125 0.6790360828125 0.478678571875 0.6790360828125 0.478678571875 0.709690721875 0.5012053578125 0.709690721875 0.5012053578125 0.6790360828125
8 0.4593705359375 0.9094072171875001 0.415125 0.9094072171875001 0.415125 0.974427834375 0.4593705359375 0.974427834375 0.4593705359375 0.9094072171875001
8 0.6629107140625 0.7310567015625 0.6307321421875 0.7310567015625 0.6307321421875 0.785860825 0.6629107140625 0.785860825 0.6629107140625 0.7310567015625
6 0.511665178125 0.4625979375 0.12308928593749999 0.4625979375 0.12308928593749999 0.9911494843750001 0.511665178125 0.9911494843750001 0.511665178125 0.4625979375
8 0.7047455359375 0.9363453609375 0.6798080359374999 0.9363453609375 0.6798080359374999 0.967927834375 0.7047455359375 0.967927834375 0.7047455359375 0.9363453609375
8 0.727272321875 0.9112628859375 0.702334821875 0.9112628859375 0.702334821875 0.9484226796874999 0.727272321875 0.9484226796874999 0.727272321875 0.9112628859375
8 0.681415178125 0.972572165625 0.6427991078125 0.972572165625 0.6427991078125 0.9967216499999999 0.681415178125 0.9967216499999999 0.681415178125 0.972572165625
8 0.7835892859375 0.8202319593749999 0.7433616078124999 0.8202319593749999 0.7433616078124999 0.8555309281250001 0.7835892859375 0.8555309281250001 0.7835892859375 0.8202319593749999
8 0.8109419640625 0.822087628125 0.7626696421875 0.822087628125 0.7626696421875 0.8778247421875 0.8109419640625 0.8778247421875 0.8109419640625 0.822087628125
8 0.7868080359375 0.8713195875 0.7602589281250001 0.8713195875 0.7602589281250001 0.905690721875 0.7868080359375 0.905690721875 0.7868080359375 0.8713195875
8 0.9774732140625 0.548989690625 0.93725 0.548989690625 0.93725 0.6037938140625 0.9774732140625 0.6037938140625 0.9774732140625 0.548989690625
8 0.972647321875 0.52111855625 0.9477053578125 0.52111855625 0.9477053578125 0.555489690625 0.972647321875 0.555489690625 0.972647321875 0.52111855625
8 0.9621875 0.5006855671875 0.9460982140624999 0.5006855671875 0.9460982140624999 0.52111855625 0.9621875 0.52111855625 0.9621875 0.5006855671875
7 0.255834821875 0.7812164953125 0.1295267859375 0.7812164953125 0.1295267859375 0.999510309375 0.255834821875 0.999510309375 0.255834821875 0.7812164953125
4 0.7433616078124999 0.3641340203125 0.7248571421875 0.3641340203125 0.7248571421875 0.41336597968750005 0.7433616078124999 0.41336597968750005 0.7433616078124999 0.3641340203125
4 0.7723258921875 0.401288659375 0.761866071875 0.401288659375 0.761866071875 0.419871134375 0.7723258921875 0.419871134375 0.7723258921875 0.401288659375
4 0.7908303578125 0.41615463906250005 0.7731294640625 0.41615463906250005 0.7731294640625 0.43937628906250004 0.7908303578125 0.43937628906250004 0.7908303578125 0.41615463906250005
4 0.5864821421874999 0.1532731953125 0.5647633921875 0.1532731953125 0.5647633921875 0.2201546390625 0.5864821421874999 0.2201546390625 0.5864821421874999 0.1532731953125
4 0.40627678593749994 0.10961340156249999 0.318584821875 0.10961340156249999 0.318584821875 0.2201546390625 0.40627678593749994 0.2201546390625 0.40627678593749994 0.10961340156249999
4 0.44891517812500004 0.198788659375 0.40627678593749994 0.198788659375 0.40627678593749994 0.2619536078125 0.44891517812500004 0.2619536078125 0.44891517812500004 0.198788659375
4 0.5012053578125 0.228510309375 0.4545446421875 0.228510309375 0.4545446421875 0.300969071875 0.5012053578125 0.300969071875 0.5012053578125 0.228510309375
4 0.2268705359375 0.2006443296875 0.15526785781250002 0.2006443296875 0.15526785781250002 0.2610257734375 0.2268705359375 0.2610257734375 0.2268705359375 0.2006443296875
4 0.2534196421875 0.2610257734375 0.209977678125 0.2610257734375 0.209977678125 0.307469071875 0.2534196421875 0.307469071875 0.2534196421875 0.2610257734375
4 0.27514285781250003 0.280530928125 0.24617857187499997 0.280530928125 0.24617857187499997 0.3260463921875 0.27514285781250003 0.3260463921875 0.27514285781250003 0.280530928125
4 0.1472232140625 0.21179381406250003 0.11906696406249999 0.21179381406250003 0.11906696406249999 0.25638144375 0.1472232140625 0.25638144375 0.1472232140625 0.21179381406250003
4 0.17779464218750002 0.11425773125000001 0.12067410781250001 0.11425773125000001 0.12067410781250001 0.15420103125 0.17779464218750002 0.15420103125 0.17779464218750002 0.11425773125000001
4 0.22365178593750001 0.0770979375 0.1914732140625 0.0770979375 0.1914732140625 0.1077525765625 0.22365178593750001 0.1077525765625 0.22365178593750001 0.0770979375
4 0.279165178125 0.07338659843749999 0.22847767812500003 0.07338659843749999 0.22847767812500003 0.10589690781250001 0.279165178125 0.10589690781250001 0.279165178125 0.07338659843749999
4 0.30651785781249996 0.0195051546875 0.21400000000000002 0.0195051546875 0.21400000000000002 0.0650257734375 0.30651785781249996 0.0650257734375 0.30651785781249996 0.0195051546875
4 0.34754464218750003 0.0455154640625 0.30329910781249997 0.0455154640625 0.30329910781249997 0.0854587625 0.34754464218750003 0.0854587625 0.34754464218750003 0.0455154640625
4 0.38053125 0.011149484375000001 0.34915625 0.011149484375000001 0.34915625 0.0548041234375 0.38053125 0.0548041234375 0.38053125 0.011149484375000001
4 0.46500446406249996 0.0510927828125 0.4384553578125 0.0510927828125 0.4384553578125 0.0715257734375 0.46500446406249996 0.0715257734375 0.46500446406249996 0.0510927828125
4 0.4730491078125 0 0.4730491078125 0.02322165 0.526147321875 0.02322165 0.526147321875 0 0.4730491078125 0
4 0.574415178125 0.0046443296875 0.5422366078125 0.0046443296875 0.5422366078125 0.0362268046875 0.574415178125 0.0362268046875 0.574415178125 0.0046443296875
4 0.765084821875 0.0984639171875 0.7377321421875 0.0984639171875 0.7377321421875 0.13933505156249998 0.765084821875 0.13933505156249998 0.765084821875 0.0984639171875
4 0.73290625 0.06873711406250001 0.7087678578125 0.06873711406250001 0.7087678578125 0.10032474218750001 0.73290625 0.10032474218750001 0.73290625 0.06873711406250001
4 0.757040178125 0 0.757040178125 0.027865979687499997 0.778758928125 0.027865979687499997 0.778758928125 0 0.757040178125 0
4 0.9420758921875001 0.1532731953125 0.9074821421875001 0.1532731953125 0.9074821421875001 0.20900515468749997 0.9420758921875001 0.20900515468749997 0.9420758921875001 0.1532731953125
4 0.9163303578124999 0.196 0.8793258921874999 0.196 0.8793258921874999 0.300969071875 0.9163303578124999 0.300969071875 0.9163303578124999 0.196
4 0.9573616078124999 0.307469071875 0.93403125 0.307469071875 0.93403125 0.3669226796875 0.9573616078124999 0.3669226796875 0.9573616078124999 0.307469071875
4 0.9975848218750001 0.32419072187500003 0.9742544640625 0.32419072187500003 0.9742544640625 0.39757732031250004 0.9975848218750001 0.39757732031250004 0.9975848218750001 0.32419072187500003
4 0.24295982187499998 0.5183350515625 0.20434375 0.5183350515625 0.20434375 0.60193814375 0.24295982187499998 0.60193814375 0.24295982187499998 0.5183350515625
4 0.30651785781249996 0.5898608249999999 0.271116071875 0.5898608249999999 0.271116071875 0.6288762890624999 0.30651785781249996 0.6288762890624999 0.30651785781249996 0.5898608249999999
4 0.20434375 0.6158711343750001 0.1713616078125 0.6158711343750001 0.1713616078125 0.6799639171875 0.20434375 0.6799639171875 0.20434375 0.6158711343750001
4 0.030571428125 0.8295206187499999 0.00965625 0.8295206187499999 0.00965625 0.8601752578124999 0.030571428125 0.8601752578124999 0.030571428125 0.8295206187499999
4 0.44891517812500004 0.92334020625 0.41995089218750004 0.92334020625 0.41995089218750004 0.9586391750000001 0.44891517812500004 0.9586391750000001 0.44891517812500004 0.92334020625
4 0.5012053578125 0.8741082468749999 0.488334821875 0.8741082468749999 0.488334821875 0.8954742265625001 0.5012053578125 0.8954742265625001 0.5012053578125 0.8741082468749999
3 0.5671741078125 0.8573865984375001 0.45695982187500006 0.8573865984375001 0.45695982187500006 0.9549226796875001 0.5671741078125 0.9549226796875001 0.5671741078125 0.8573865984375001
3 0.6765892859375 0.528551546875 0.6130312499999999 0.528551546875 0.6130312499999999 0.6037938140625 0.6765892859375 0.6037938140625 0.6765892859375 0.528551546875
3 0.7361205359375 0.42544329843749995 0.65084375 0.42544329843749995 0.65084375 0.52947938125 0.7361205359375 0.52947938125 0.7361205359375 0.42544329843749995
3 0.7908303578125 0.46445876249999996 0.7658883921874999 0.46445876249999996 0.7658883921874999 0.4941804125 0.7908303578125 0.4941804125 0.7908303578125 0.46445876249999996
3 0.7747366078125 0.61493814375 0.7433616078124999 0.61493814375 0.7433616078124999 0.6502371140625 0.7747366078125 0.6502371140625 0.7747366078125 0.61493814375
3 0.8495580359374999 0.657670103125 0.8318571421875 0.657670103125 0.8318571421875 0.6799639171875 0.8495580359374999 0.6799639171875 0.8495580359374999 0.657670103125
3 0.9155267859375 0.614010309375 0.8753035718750001 0.614010309375 0.8753035718750001 0.6688195875 0.9155267859375 0.6688195875 0.9155267859375 0.614010309375
3 0.968625 0.6613865984375 0.951727678125 0.6613865984375 0.951727678125 0.684608246875 0.968625 0.684608246875 0.968625 0.6613865984375
1 0.560741071875 0.6734639171875 0.44971875 0.6734639171875 0.44971875 0.7988659796875 0.560741071875 0.7988659796875 0.560741071875 0.6734639171875
4 0.577633928125 0.393860825 0.5615446421875 0.393860825 0.5615446421875 0.41708247500000006 0.577633928125 0.41708247500000006 0.577633928125 0.393860825
4 0.6275133921875 0.3706340203125 0.582459821875 0.3706340203125 0.582459821875 0.423582475 0.6275133921875 0.423582475 0.6275133921875 0.3706340203125
4 0.4263883921875 0.4059329890625 0.40466517812499997 0.4059329890625 0.40466517812499997 0.42544329843749995 0.4263883921875 0.42544329843749995 0.4263883921875 0.4059329890625
4 0.3539821421875 0.42637113437499996 0.343522321875 0.42637113437499996 0.343522321875 0.44494845312500003 0.3539821421875 0.44494845312500003 0.3539821421875 0.42637113437499996
4 0.3226071421875 0.3520567015625 0.29766517812500004 0.3520567015625 0.29766517812500004 0.36970618593750004 0.3226071421875 0.36970618593750004 0.3226071421875 0.3520567015625
4 0.7417544640625 0.2443041234375 0.6902633921875 0.2443041234375 0.6902633921875 0.2972525765625 0.7417544640625 0.2972525765625 0.7417544640625 0.2443041234375
4 0.6838303578125 0.1922835046875 0.6492366078125 0.1922835046875 0.6492366078125 0.22293814374999998 0.6838303578125 0.22293814374999998 0.6838303578125 0.1922835046875
4 0.5430401781249999 0.15884536093749999 0.526147321875 0.15884536093749999 0.526147321875 0.180211340625 0.5430401781249999 0.180211340625 0.5430401781249999 0.15884536093749999
4 0.574415178125 0.0724536078125 0.49879464218749997 0.0724536078125 0.49879464218749997 0.11332989687499999 0.574415178125 0.11332989687499999 0.574415178125 0.0724536078125
4 0.287209821875 0.1319072171875 0.2638794640625 0.1319072171875 0.2638794640625 0.1476958765625 0.287209821875 0.1476958765625 0.287209821875 0.1319072171875
4 0.107803571875 0.21551030937500001 0.08849553593750001 0.21551030937500001 0.08849553593750001 0.238731959375 0.107803571875 0.238731959375 0.107803571875 0.21551030937500001
4 0.29123214218750004 0.434731959375 0.2687053578125 0.434731959375 0.2687053578125 0.4542371140625 0.29123214218750004 0.4542371140625 0.29123214218750004 0.434731959375
4 0.9710357140625 0.56477835 0.9428794640625 0.56477835 0.9428794640625 0.597288659375 0.9710357140625 0.597288659375 0.9710357140625 0.56477835
4 0.68865625 0.038087628125 0.6709553578125 0.038087628125 0.6709553578125 0.0622371140625 0.68865625 0.0622371140625 0.68865625 0.038087628125
4 0.7385357140625 0.11982989687500001 0.6902633921875 0.11982989687500001 0.6902633921875 0.196 0.7385357140625 0.196 0.7385357140625 0.11982989687500001
4 0.415125 0.04179896875 0.3990357140625 0.04179896875 0.3990357140625 0.06038144375 0.415125 0.06038144375 0.415125 0.04179896875
4 0.4448928578125 0.10032474218750001 0.40949107187499995 0.10032474218750001 0.40949107187499995 0.1328350515625 0.4448928578125 0.1328350515625 0.4448928578125 0.10032474218750001
8 0.4296071421875 0.16256185625 0.415928571875 0.16256185625 0.415928571875 0.18299484531250002 0.4296071421875 0.18299484531250002 0.4296071421875 0.16256185625
3 0.7320982140625001 0.55270103125 0.7095714281250001 0.55270103125 0.7095714281250001 0.5768556703125001 0.7320982140625001 0.5768556703125001 0.7320982140625001 0.55270103125
3 0.7361205359375 0.630731959375 0.7103794640625 0.630731959375 0.7103794640625 0.6595309281249999 0.7361205359375 0.6595309281249999 0.7361205359375 0.630731959375
3 0.699116071875 0.6502371140625 0.6838303578125 0.6502371140625 0.6838303578125 0.6734639171875 0.699116071875 0.6734639171875 0.699116071875 0.6502371140625
3 0.6862410718749999 0.6938969078125 0.6621071421875 0.6938969078125 0.6621071421875 0.724551546875 0.6862410718749999 0.724551546875 0.6862410718749999 0.6938969078125
3 0.44569642812500004 0.7691391750000001 0.4304107140625 0.7691391750000001 0.4304107140625 0.7914329890625 0.44569642812500004 0.7914329890625 0.44569642812500004 0.7691391750000001
4 0.38053125 0.580572165625 0.34271875 0.580572165625 0.34271875 0.640948453125 0.38053125 0.640948453125 0.38053125 0.580572165625
3 0.34271875 0.60472165 0.3298482140625 0.60472165 0.3298482140625 0.6288762890624999 0.34271875 0.6288762890624999 0.34271875 0.60472165