8 0.9863303578125 0.2421875 0.9511741078125 0.2421875 0.9511741078125 0.3105491078125 0.9863303578125 0.3105491078125 0.9863303578125 0.2421875
8 0.94140625 0.76953125 0.87109375 0.76953125 0.87109375 0.83203125 0.94140625 0.83203125 0.94140625 0.76953125
8 0.8515625 0.7597678578125 0.78125 0.7597678578125 0.78125 0.8417991078125 0.8515625 0.8417991078125 0.8515625 0.7597678578125
7 0.9140625 0.8847678578125 0.73828125 0.8847678578125 0.73828125 0.99609375 0.9140625 0.99609375 0.9140625 0.8847678578125
8 0.2363303578125 0.9316428578125 0.1699241078125 0.9316428578125 0.1699241078125 0.9921875 0.2363303578125 0.9921875 0.2363303578125 0.9316428578125
8 0.45508035781249995 0.1308616078125 0.37890625 0.1308616078125 0.37890625 0.1855491078125 0.45508035781249995 0.1855491078125 0.45508035781249995 0.1308616078125
8 0 0.7753928578125 0.02734375 0.7753928578125 0.02734375 0.71484375 0 0.71484375 0 0.7753928578125
3 0.9746116078125 0.44921875 0.91015625 0.44921875 0.91015625 0.52734375 0.9746116078125 0.52734375 0.9746116078125 0.44921875
1 0.47461160781249995 0.15234375 0.1464866078125 0.15234375 0.1464866078125 0.484375 0.47461160781249995 0.484375 0.47461160781249995 0.15234375
1 0.3457053578125 0.47461160781249995 0.0761741078125 0.47461160781249995 0.0761741078125 0.8027366078125 0.3457053578125 0.8027366078125 0.3457053578125 0.47461160781249995
1 0.7714866078125 0.49023660781249995 0.35546875 0.49023660781249995 0.35546875 0.83203125 0.7714866078125 0.83203125 0.7714866078125 0.49023660781249995
3 0.46484375 0.8300803578125 0.41601785781249995 0.8300803578125 0.41601785781249995 0.87890625 0.46484375 0.87890625 0.46484375 0.8300803578125
5 0.78125 0.05859375 0.00390625 0.05859375 0.00390625 0.8183616078125 0.78125 0.8183616078125 0.78125 0.05859375