5 0.39584821406250004 0.5760670390625 0.275758928125 0.5760670390625 0.275758928125 0.7513966484375 0.39584821406250004 0.7513966484375 0.39584821406250004 0.5760670390625
8 0.68865625 0.20964804531249998 0.6552991078125 0.20964804531249998 0.6552991078125 0.2439720671875 0.68865625 0.2439720671875 0.68865625 0.20964804531249998
8 0.7435133921875 0.21985474843750002 0.7116383921875 0.21985474843750002 0.7116383921875 0.26530726250000003 0.7435133921875 0.26530726250000003 0.7435133921875 0.21985474843750002
8 0.7249821421875 0.35250837968750004 0.6753169640625 0.35250837968750004 0.6753169640625 0.41280446875 0.7249821421875 0.41280446875 0.7249821421875 0.35250837968750004
8 0.8428482140625 0.777368715625 0.8169017859375 0.777368715625 0.8169017859375 0.8107653625 0.8428482140625 0.8107653625 0.8428482140625 0.777368715625
8 0.245366071875 0.0677206703125 0.153446428125 0.0677206703125 0.153446428125 0.140072625 0.245366071875 0.140072625 0.245366071875 0.0677206703125
8 0.3009642859375 0.1391452515625 0.2424017859375 0.1391452515625 0.2424017859375 0.22263687187499998 0.3009642859375 0.22263687187499998 0.3009642859375 0.1391452515625
8 0.21275 0.300558659375 0.18235714218750002 0.300558659375 0.18235714218750002 0.34322905000000004 0.21275 0.34322905000000004 0.21275 0.300558659375
8 0.17271875 0.22634636874999997 0.154928571875 0.22634636874999997 0.154928571875 0.27458100625 0.17271875 0.27458100625 0.17271875 0.22634636874999997
8 0.22757589218750002 0.21985474843750002 0.2053392859375 0.21985474843750002 0.2053392859375 0.25046368750000003 0.22757589218750002 0.25046368750000003 0.22757589218750002 0.21985474843750002
8 0.2765 0.3070502796875 0.1052633921875 0.3070502796875 0.1052633921875 0.44526815624999994 0.2765 0.44526815624999994 0.2765 0.3070502796875
8 0.176428571875 0.49350837968750005 0.1334330359375 0.49350837968750005 0.1334330359375 0.53896089375 0.176428571875 0.53896089375 0.176428571875 0.49350837968750005
8 0.22683482187499998 0.4462011171875 0.1697544640625 0.4462011171875 0.1697544640625 0.4851620109375 0.22683482187499998 0.4851620109375 0.22683482187499998 0.4462011171875
3 0.2557455359375 0.41280446875 0.2194196421875 0.41280446875 0.2194196421875 0.4582569828125 0.2557455359375 0.4582569828125 0.2557455359375 0.41280446875
3 0.38028125 0.3506480453125 0.357303571875 0.3506480453125 0.357303571875 0.3914692734375 0.38028125 0.3914692734375 0.38028125 0.3506480453125
3 0.44032589218749996 0.33766480468750004 0.3765758921875 0.33766480468750004 0.3765758921875 0.38218994375 0.44032589218749996 0.38218994375 0.44032589218749996 0.33766480468750004
3 0.3973303578125 0.4434134078125 0.28762053593750003 0.4434134078125 0.28762053593750003 0.5306145250000001 0.3973303578125 0.5306145250000001 0.3973303578125 0.4434134078125
3 0.4773928578125 0.40630726250000004 0.4143794640625 0.40630726250000004 0.4143794640625 0.4434134078125 0.4773928578125 0.4434134078125 0.4773928578125 0.40630726250000004
8 0.283915178125 0.4545474859375 0.2468482140625 0.4545474859375 0.2468482140625 0.5371061453125 0.283915178125 0.5371061453125 0.283915178125 0.4545474859375
8 0.245366071875 0.5287597765625 0.2075625 0.5287597765625 0.2075625 0.5584413406250001 0.245366071875 0.5584413406250001 0.245366071875 0.5287597765625
8 0.23499107187499998 0.574212290625 0.21052678593750002 0.574212290625 0.21052678593750002 0.60018994375 0.23499107187499998 0.60018994375 0.23499107187499998 0.574212290625
8 0.22683482187499998 0.6345083796875 0.2045982140625 0.6345083796875 0.2045982140625 0.6734748609375 0.22683482187499998 0.6734748609375 0.22683482187499998 0.6345083796875
8 0.275758928125 0.6883128484375 0.2468482140625 0.6883128484375 0.2468482140625 0.77180446875 0.275758928125 0.77180446875 0.275758928125 0.6883128484375
8 0.302446428125 0.7588156421875001 0.275758928125 0.7588156421875001 0.275758928125 0.8534357546875 0.302446428125 0.8534357546875 0.302446428125 0.7588156421875001
8 0.3469241078125 0.7708770953124999 0.31060267812500003 0.7708770953124999 0.31060267812500003 0.791284915625 0.3469241078125 0.791284915625 0.3469241078125 0.7708770953124999
8 0.3454419640625 0.89888826875 0.3135669640625 0.89888826875 0.3135669640625 0.9499106140625001 0.3454419640625 0.9499106140625001 0.3454419640625 0.89888826875
8 0.4455133921875 0.5927653625 0.4217946421875 0.5927653625 0.4217946421875 0.636368715625 0.4455133921875 0.636368715625 0.4455133921875 0.5927653625
8 0.24758928593750001 0.8218938546875 0.2223883921875 0.8218938546875 0.2223883921875 0.8580726249999999 0.24758928593750001 0.8580726249999999 0.24758928593750001 0.8218938546875
8 0.258709821875 0.9109497203125001 0.245366071875 0.9109497203125001 0.245366071875 0.92857541875 0.258709821875 0.92857541875 0.258709821875 0.9109497203125001
8 0.258709821875 0.9619720671875 0.24758928593750001 0.9619720671875 0.24758928593750001 0.9842346375 0.258709821875 0.9842346375 0.258709821875 0.9619720671875
8 0.2157142859375 0.9582625703125001 0.2031116078125 0.9582625703125001 0.2031116078125 0.9712458093749999 0.2157142859375 0.9712458093749999 0.2157142859375 0.9582625703125001
8 0.6767991078125 0.620597765625 0.6634553578125 0.620597765625 0.6634553578125 0.6382234640625 0.6767991078125 0.6382234640625 0.6767991078125 0.620597765625
8 0.682727678125 0.80426815625 0.6649375 0.80426815625 0.6649375 0.8265363125 0.682727678125 0.8265363125 0.682727678125 0.80426815625
8 0.1452946421875 0 0.1452946421875 0.0176256984375 0.163084821875 0.0176256984375 0.163084821875 0 0.1452946421875 0
3 0.249071428125 0.8283910609375 0.22683482187499998 0.8283910609375 0.22683482187499998 0.8580726249999999 0.249071428125 0.8580726249999999 0.249071428125 0.8283910609375
3 0.3454419640625 0.901675978125 0.31060267812500003 0.901675978125 0.31060267812500003 0.9517653625 0.3454419640625 0.9517653625 0.3454419640625 0.901675978125
3 0.22312946406249998 0.22078212343749998 0.2031116078125 0.22078212343749998 0.2031116078125 0.25046368750000003 0.22312946406249998 0.25046368750000003 0.22312946406249998 0.22078212343749998
3 0.690883928125 0.8423016765625 0.6634553578125 0.8423016765625 0.6634553578125 0.8664245812500001 0.690883928125 0.8664245812500001 0.690883928125 0.8423016765625
8 0.393625 0.5064972062499999 0.3773169640625 0.5064972062499999 0.3773169640625 0.5231955312500001 0.393625 0.5231955312500001 0.393625 0.5064972062499999
8 0.3194955359375 0.46103910625 0.3068928578125 0.46103910625 0.3068928578125 0.479592178125 0.3194955359375 0.479592178125 0.3194955359375 0.46103910625
8 0.0518883921875 0.4684636875 0.040772321875 0.4684636875 0.040772321875 0.481446928125 0.0518883921875 0.481446928125 0.0518883921875 0.4684636875
3 0.0882142859375 0.44805586562500005 0.0281696421875 0.44805586562500005 0.0281696421875 0.5018547484375 0.0882142859375 0.5018547484375 0.0882142859375 0.44805586562500005
3 0.40103571406249994 0.6975921781250001 0.3654553578125 0.6975921781250001 0.3654553578125 0.738407821875 0.40103571406249994 0.738407821875 0.40103571406249994 0.6975921781250001