3 0.38028125 0.2328379890625 0.1438080359375 0.2328379890625 0.1438080359375 0.4267206703125 0.38028125 0.4267206703125 0.38028125 0.2328379890625
8 0.5144553578125 0.6094636875 0.492959821875 0.6094636875 0.492959821875 0.6558491625 0.5144553578125 0.6558491625 0.5144553578125 0.6094636875
3 0.3706428578125 0.43784916249999994 0.31060267812500003 0.43784916249999994 0.31060267812500003 0.518553071875 0.3706428578125 0.518553071875 0.3706428578125 0.43784916249999994
3 0.1119330359375 0.5287597765625 0.085991071875 0.5287597765625 0.085991071875 0.5630837984375 0.1119330359375 0.5630837984375 0.1119330359375 0.5287597765625
3 0.134915178125 0.5361787703124999 0.1149017859375 0.5361787703124999 0.1149017859375 0.5667932953125 0.134915178125 0.5667932953125 0.134915178125 0.5361787703124999
8 0.077834821875 0.36641899375000003 0.0296517859375 0.36641899375000003 0.0296517859375 0.4350670390625 0.077834821875 0.4350670390625 0.077834821875 0.36641899375000003
3 0.14084375 0.32838547500000004 0.099334821875 0.32838547500000004 0.099334821875 0.3729162015625 0.14084375 0.3729162015625 0.14084375 0.32838547500000004
8 0.578946428125 0.10203910624999998 0.55596875 0.10203910624999998 0.55596875 0.141927375 0.578946428125 0.141927375 0.578946428125 0.10203910624999998
8 0.4870267859375 0.176251396875 0.443290178125 0.176251396875 0.443290178125 0.2291284921875 0.4870267859375 0.2291284921875 0.4870267859375 0.176251396875
8 0.5463303578125001 0.27365363125000003 0.5189017859375 0.27365363125000003 0.5189017859375 0.30983240156249997 0.5463303578125001 0.30983240156249997 0.5463303578125001 0.27365363125000003
8 0.6982946421875 0.32653072656250004 0.5945133921875 0.32653072656250004 0.5945133921875 0.44526815624999994 0.6982946421875 0.44526815624999994 0.6982946421875 0.32653072656250004
8 0.43958482187500003 0.5445307265625 0.4143794640625 0.5445307265625 0.4143794640625 0.5751396640625 0.43958482187500003 0.5751396640625 0.43958482187500003 0.5445307265625
8 0.3513705359375 0.722636871875 0.32171875 0.722636871875 0.32171875 0.75696089375 0.3513705359375 0.75696089375 0.3513705359375 0.722636871875
8 0.021495535937499997 0.7671620109374999 0.0037053578125 0.7671620109374999 0.0037053578125 0.8339553078125 0.021495535937499997 0.8339553078125 0.021495535937499997 0.7671620109374999
5 0.4640491078125 0.619670390625 0.36249107187499996 0.619670390625 0.36249107187499996 0.74211731875 0.4640491078125 0.74211731875 0.4640491078125 0.619670390625
8 0.33728571406249996 0.44805586562500005 0.3194955359375 0.44805586562500005 0.3194955359375 0.4684636875 0.33728571406249996 0.4684636875 0.33728571406249996 0.44805586562500005
8 0.35359375000000004 0.47495530781250006 0.343959821875 0.47495530781250006 0.343959821875 0.49350837968750005 0.35359375000000004 0.49350837968750005 0.35359375000000004 0.47495530781250006
8 0.283915178125 0.3107597765625 0.2564866078125 0.3107597765625 0.2564866078125 0.3497206703125 0.283915178125 0.3497206703125 0.283915178125 0.3107597765625
8 0.33061607187500003 0.33024022343750004 0.3180133921875 0.33024022343750004 0.3180133921875 0.35621787656250004 0.33061607187500003 0.35621787656250004 0.33061607187500003 0.33024022343750004
8 0.28984375 0.25696089375 0.270571428125 0.25696089375 0.270571428125 0.277368715625 0.28984375 0.277368715625 0.28984375 0.25696089375
8 0.1875446421875 0.2940670390625 0.16679017812500002 0.2940670390625 0.16679017812500002 0.3172569828125 0.1875446421875 0.3172569828125 0.1875446421875 0.2940670390625
8 0.20162946406249999 0.3172569828125 0.1875446421875 0.3172569828125 0.1875446421875 0.3367374296875 0.20162946406249999 0.3367374296875 0.20162946406249999 0.3172569828125
8 0.2327633921875 0.393324021875 0.212008928125 0.393324021875 0.212008928125 0.42950279374999994 0.2327633921875 0.42950279374999994 0.2327633921875 0.393324021875
8 0.2557455359375 0.4118770953125 0.23943750000000003 0.4118770953125 0.23943750000000003 0.43692178750000005 0.2557455359375 0.43692178750000005 0.2557455359375 0.4118770953125
8 0.0793169640625 0.3719888265625 0.0555982140625 0.3719888265625 0.0555982140625 0.3961061453125 0.0793169640625 0.3961061453125 0.0793169640625 0.3719888265625
8 0.0548571421875 0.3654916203125 0.0370625 0.3654916203125 0.0370625 0.3849720671875 0.0548571421875 0.3849720671875 0.0548571421875 0.3654916203125
8 0.05040625 0.4118770953125 0.0340982140625 0.4118770953125 0.0340982140625 0.4341396640625 0.05040625 0.4341396640625 0.05040625 0.4118770953125
8 0.08525 0.4666089390625 0.0689419640625 0.4666089390625 0.0689419640625 0.4842346375 0.08525 0.4842346375 0.08525 0.4666089390625
8 0.1067455359375 0.534324021875 0.089696428125 0.534324021875 0.089696428125 0.5603016765625 0.1067455359375 0.5603016765625 0.1067455359375 0.534324021875
8 0.1319508921875 0.542675978125 0.11638392812500001 0.542675978125 0.11638392812500001 0.5640111734375 0.1319508921875 0.5640111734375 0.1319508921875 0.542675978125
8 0.3328392859375 0.2495363125 0.3194955359375 0.2495363125 0.3194955359375 0.2680893859375 0.3328392859375 0.2680893859375 0.3328392859375 0.2495363125
8 0.361008928125 0.277368715625 0.3454419640625 0.277368715625 0.3454419640625 0.3014860328125 0.361008928125 0.3014860328125 0.361008928125 0.277368715625
8 0.40103571406249994 0.33766480468750004 0.3884375 0.33766480468750004 0.3884375 0.359927375 0.40103571406249994 0.359927375 0.40103571406249994 0.33766480468750004
8 0.402522321875 0.3692011171875 0.384727678125 0.3692011171875 0.384727678125 0.3961061453125 0.402522321875 0.3961061453125 0.402522321875 0.3692011171875
8 0.16679017812500002 0.192022346875 0.1438080359375 0.192022346875 0.1438080359375 0.21335754218749997 0.16679017812500002 0.21335754218749997 0.16679017812500002 0.192022346875
8 0.13713839218749999 0.21892737499999998 0.077834821875 0.21892737499999998 0.077834821875 0.2792234640625 0.13713839218749999 0.2792234640625 0.13713839218749999 0.21892737499999998
8 0.2194196421875 0.121519553125 0.19421875 0.121519553125 0.19421875 0.153061453125 0.2194196421875 0.153061453125 0.2194196421875 0.121519553125
8 0.2357321421875 0.25603352031250004 0.2246116078125 0.25603352031250004 0.2246116078125 0.27458100625 0.2357321421875 0.27458100625 0.2357321421875 0.25603352031250004
8 0.2409196421875 0.2949944140625 0.225352678125 0.2949944140625 0.225352678125 0.308905028125 0.2409196421875 0.308905028125 0.2409196421875 0.2949944140625
8 0.5085267859375 0.77180446875 0.4217946421875 0.77180446875 0.4217946421875 0.8803351953125 0.5085267859375 0.8803351953125 0.5085267859375 0.77180446875
8 0.4136383921875 0.7671620109374999 0.3521116078125 0.7671620109374999 0.3521116078125 0.8450893859375 0.4136383921875 0.8450893859375 0.4136383921875 0.7671620109374999
3 0.2023705359375 0.6252346375 0.16753125 0.6252346375 0.16753125 0.6948100562499999 0.2023705359375 0.6948100562499999 0.2023705359375 0.6252346375
3 0.2327633921875 0.6753296093750001 0.2023705359375 0.6753296093750001 0.2023705359375 0.73377095 0.2327633921875 0.73377095 0.2327633921875 0.6753296093750001
3 0.3832455359375 0.910022346875 0.3558169640625 0.910022346875 0.3558169640625 0.948055865625 0.3832455359375 0.948055865625 0.3832455359375 0.910022346875
3 0.5448482140625 0.277368715625 0.523352678125 0.277368715625 0.523352678125 0.30519553125 0.5448482140625 0.30519553125 0.5448482140625 0.277368715625
3 0.560415178125 0.0556592171875 0.5389196421875 0.0556592171875 0.5389196421875 0.082558659375 0.560415178125 0.082558659375 0.560415178125 0.0556592171875
3 0.5767232140624999 0.10760893906249999 0.5544866078124999 0.10760893906249999 0.5544866078124999 0.14749720625 0.5767232140624999 0.14749720625 0.5767232140624999 0.10760893906249999