5 0.6699241078125 0.1894553578125 0.1738303578125 0.1894553578125 0.1738303578125 0.6386741078125 0.6699241078125 0.6386741078125 0.6699241078125 0.1894553578125
7 0.98828125 0.7890625 0.78125 0.7890625 0.78125 0.9902366078125 0.98828125 0.9902366078125 0.98828125 0.7890625
3 0.7363303578125 0.5859375 0.6875 0.5859375 0.6875 0.65625 0.7363303578125 0.65625 0.7363303578125 0.5859375
3 0.7988303578125 0.6484375 0.7089866078125 0.6484375 0.7089866078125 0.8203125 0.7988303578125 0.8203125 0.7988303578125 0.6484375
3 0.8964866078125 0.7949241078125 0.75 0.7949241078125 0.75 0.9199241078125 0.8964866078125 0.9199241078125 0.8964866078125 0.7949241078125
3 0.98828125 0.32421875 0.8769553578125 0.32421875 0.8769553578125 0.4453125 0.98828125 0.4453125 0.98828125 0.32421875
3 0.8652366078125 0.3046875 0.81640625 0.3046875 0.81640625 0.3828125 0.8652366078125 0.3828125 0.8652366078125 0.3046875
3 0.80078125 0.2011741078125 0.7421875 0.2011741078125 0.7421875 0.2832053578125 0.80078125 0.2832053578125 0.80078125 0.2011741078125
3 0.7949241078125 0.3125 0.69921875 0.3125 0.69921875 0.38671875 0.7949241078125 0.38671875 0.7949241078125 0.3125
3 0.6582053578125 0.5214866078125 0.5917991078125 0.5214866078125 0.5917991078125 0.5957053578125 0.6582053578125 0.5957053578125 0.6582053578125 0.5214866078125
3 0.6875 0.2441428578125 0.55078125 0.2441428578125 0.55078125 0.3457053578125 0.6875 0.3457053578125 0.6875 0.2441428578125