5 0.5683616078125 0.1796875 0.09765625 0.1796875 0.09765625 0.8671875 0.5683616078125 0.8671875 0.5683616078125 0.1796875
1 0.2128928578125 0.8105491078125 0.1621116078125 0.8105491078125 0.1621116078125 0.85546875 0.2128928578125 0.85546875 0.2128928578125 0.8105491078125
8 0.1230491078125 0.29296875 0.07421875 0.29296875 0.07421875 0.359375 0.1230491078125 0.359375 0.1230491078125 0.29296875
8 0.0859375 0.3339866078125 0.0527366078125 0.3339866078125 0.0527366078125 0.42773660781249995 0.0859375 0.42773660781249995 0.0859375 0.3339866078125
8 0.0761741078125 0.43945535781249995 0.0371116078125 0.43945535781249995 0.0371116078125 0.47851785781249995 0.0761741078125 0.47851785781249995 0.0761741078125 0.43945535781249995
8 0.05078125 0.3964866078125 0.029299107812500003 0.3964866078125 0.029299107812500003 0.41211160781249995 0.05078125 0.41211160781249995 0.05078125 0.3964866078125
8 0.1152366078125 0.7675803578125 0.0878928578125 0.7675803578125 0.0878928578125 0.7988303578125 0.1152366078125 0.7988303578125 0.1152366078125 0.7675803578125
8 0.1542991078125 0.7988303578125 0.1328125 0.7988303578125 0.1328125 0.828125 0.1542991078125 0.828125 0.1542991078125 0.7988303578125
8 0.0546875 0.8652366078125 0.04296875 0.8652366078125 0.04296875 0.88671875 0.0546875 0.88671875 0.0546875 0.8652366078125
8 0.0234375 0.45703125 0.0078125 0.45703125 0.0078125 0.48828125 0.0234375 0.48828125 0.0234375 0.45703125
8 0 0.83203125 0.03515625 0.83203125 0.03515625 0.7753928578125 0 0.7753928578125 0 0.83203125
8 0.0390625 0.49414285781249995 0.0097678578125 0.49414285781249995 0.0097678578125 0.515625 0.0390625 0.515625 0.0390625 0.49414285781249995
8 0.0722678578125 0.10546875 0.05859375 0.10546875 0.05859375 0.125 0.0722678578125 0.125 0.0722678578125 0.10546875
4 0.0703125 0.10546875 0.0605491078125 0.10546875 0.0605491078125 0.1230491078125 0.0703125 0.1230491078125 0.0703125 0.10546875
4 0.1503928578125 0.2441428578125 0.1386741078125 0.2441428578125 0.1386741078125 0.2578125 0.1503928578125 0.2578125 0.1503928578125 0.2441428578125