8 0.709415178125 0.503715084375 0.6760580359375 0.503715084375 0.6760580359375 0.5760670390625 0.709415178125 0.5760670390625 0.709415178125 0.503715084375
8 0.6982946421875 0.5807094968750001 0.6664196421875 0.5807094968750001 0.6664196421875 0.6345083796875 0.6982946421875 0.6345083796875 0.6982946421875 0.5807094968750001
8 0.669383928125 0.48237430156250005 0.6352857140625 0.48237430156250005 0.6352857140625 0.5528770953125 0.669383928125 0.5528770953125 0.669383928125 0.48237430156250005
8 0.65678125 0.5296871515625 0.6100803578125 0.5296871515625 0.6100803578125 0.6716145250000001 0.65678125 0.6716145250000001 0.65678125 0.5296871515625
8 0.5856205359375 0.45176536250000005 0.5648616078125 0.45176536250000005 0.5648616078125 0.48979888281250006 0.5856205359375 0.48979888281250006 0.5856205359375 0.45176536250000005
8 0.561897321875 0.3951787703125 0.53446875 0.3951787703125 0.53446875 0.43321229062500005 0.561897321875 0.43321229062500005 0.561897321875 0.3951787703125
8 0.5537455359375001 0.457329609375 0.5322455359375 0.457329609375 0.5322455359375 0.49165363125 0.5537455359375001 0.49165363125 0.5537455359375001 0.457329609375
8 0.5596741078125 0.49165363125 0.5307633921875 0.49165363125 0.5307633921875 0.5398882687500001 0.5596741078125 0.5398882687500001 0.5596741078125 0.49165363125
8 0.52928125 0.4591843578125 0.5055580359375 0.4591843578125 0.5055580359375 0.4842346375 0.52928125 0.4842346375 0.52928125 0.4591843578125
8 0.516678571875 0.49814525156249995 0.4951830359375 0.49814525156249995 0.4951830359375 0.5306145250000001 0.516678571875 0.5306145250000001 0.516678571875 0.49814525156249995
8 0.4603392859375 0.6688324015625 0.4284642859375 0.6688324015625 0.4284642859375 0.7115083796875 0.4603392859375 0.7115083796875 0.4603392859375 0.6688324015625
8 0.5707946421875 0.6103910609375001 0.548553571875 0.6103910609375001 0.548553571875 0.6372960890625 0.5707946421875 0.6372960890625 0.5707946421875 0.6103910609375001
8 0.5678258921875 0.6465698328125 0.5441071421875 0.6465698328125 0.5441071421875 0.6808938546875 0.5678258921875 0.6808938546875 0.5678258921875 0.6465698328125
8 0.46701339218750004 0.45176536250000005 0.40845089218749997 0.45176536250000005 0.40845089218749997 0.613173184375 0.46701339218750004 0.613173184375 0.46701339218750004 0.45176536250000005
8 0.4151205359375 0.4118770953125 0.39584821406250004 0.4118770953125 0.39584821406250004 0.4619664796875 0.4151205359375 0.4619664796875 0.4151205359375 0.4118770953125
8 0.4373616078125 0.63265363125 0.4136383921875 0.63265363125 0.4136383921875 0.6790391062500001 0.4373616078125 0.6790391062500001 0.4373616078125 0.63265363125
8 0.6982946421875 0.1576983234375 0.679022321875 0.1576983234375 0.679022321875 0.17996089375 0.6982946421875 0.17996089375 0.6982946421875 0.1576983234375
8 0.7398080359375 0.11317318437499999 0.7235 0.11317318437499999 0.7235 0.137290503125 0.7398080359375 0.137290503125 0.7398080359375 0.11317318437499999
8 0.2564866078125 0.5055698328125 0.2379553578125 0.5055698328125 0.2379553578125 0.534324021875 0.2564866078125 0.534324021875 0.2564866078125 0.5055698328125
8 0.23647321406250002 0.5547318437500001 0.2097857140625 0.5547318437500001 0.2097857140625 0.5881284921875001 0.23647321406250002 0.5881284921875001 0.23647321406250002 0.5547318437500001
8 0.244625 0.589055865625 0.2238705359375 0.589055865625 0.2238705359375 0.613173184375 0.244625 0.613173184375 0.244625 0.589055865625
8 0.2594508921875 0.5603016765625 0.244625 0.5603016765625 0.244625 0.6103910609375001 0.2594508921875 0.6103910609375001 0.2594508921875 0.5603016765625
8 0.27724107187499997 0.5398882687500001 0.25796874999999997 0.5398882687500001 0.25796874999999997 0.6066815640625001 0.27724107187499997 0.6066815640625001 0.27724107187499997 0.5398882687500001
8 0.29948214218749997 0.717072625 0.2787232140625 0.717072625 0.2787232140625 0.737480446875 0.29948214218749997 0.737480446875 0.29948214218749997 0.717072625
8 0.2787232140625 0.6493519546875001 0.2609330359375 0.6493519546875001 0.2609330359375 0.6734748609375 0.2787232140625 0.6734748609375 0.2787232140625 0.6493519546875001
8 0.29429017812499997 0.6465698328125 0.2802053578125 0.6465698328125 0.2802053578125 0.6836759781249999 0.29429017812499997 0.6836759781249999 0.29429017812499997 0.6465698328125
8 0.3187544640625 0.64749720625 0.29503124999999997 0.64749720625 0.29503124999999997 0.7013016765625 0.3187544640625 0.7013016765625 0.3187544640625 0.64749720625
8 0.3602678578125 0.6567765359375 0.3447008921875 0.6567765359375 0.3447008921875 0.6771843578125 0.3602678578125 0.6771843578125 0.3602678578125 0.6567765359375
8 0.275758928125 0.16326815625 0.244625 0.16326815625 0.244625 0.19573184375 0.275758928125 0.19573184375 0.275758928125 0.16326815625
8 0.6308392859375 0.054731843749999995 0.6048928578125 0.054731843749999995 0.6048928578125 0.089055865625 0.6308392859375 0.089055865625 0.6308392859375 0.054731843749999995
8 0.5693125 0.026899440625 0.5515178578125 0.026899440625 0.5515178578125 0.054731843749999995 0.5693125 0.054731843749999995 0.5693125 0.026899440625
8 0.5596741078125 0.000927375 0.5359508921875 0.000927375 0.5359508921875 0.018553071875 0.5596741078125 0.018553071875 0.5596741078125 0.000927375
8 0.6160133921875001 0.5 0.5967366078125 0.5 0.5967366078125 0.5278324015625 0.6160133921875001 0.5278324015625 0.6160133921875001 0.5
8 0.8977008921875 0.60111731875 0.8747232140625 0.60111731875 0.8747232140625 0.6345083796875 0.8977008921875 0.6345083796875 0.8977008921875 0.60111731875
7 0.2194196421875 0.23376536250000002 0.000741071875 0.23376536250000002 0.000741071875 0.9972234640625001 0.2194196421875 0.9972234640625001 0.2194196421875 0.23376536250000002
8 0.7820625 0.2922067046875 0.7590803578124999 0.2922067046875 0.7590803578124999 0.32838547500000004 0.7820625 0.32838547500000004 0.7820625 0.2922067046875
3 0.3232008921875 0.7541787703125 0.302446428125 0.7541787703125 0.302446428125 0.78850279375 0.3232008921875 0.78850279375 0.3232008921875 0.7541787703125
3 0.29948214218749997 0.7152178765625 0.27724107187499997 0.7152178765625 0.27724107187499997 0.7393351953125 0.29948214218749997 0.7393351953125 0.29948214218749997 0.7152178765625
8 0.873241071875 0.49814525156249995 0.8472946421875 0.49814525156249995 0.8472946421875 0.525977653125 0.873241071875 0.525977653125 0.873241071875 0.49814525156249995
8 0.9347678578125 0.7634525140624999 0.910303571875 0.7634525140624999 0.910303571875 0.785715084375 0.9347678578125 0.785715084375 0.9347678578125 0.7634525140624999
8 0.9266116078125 0.8061284921875 0.9043749999999999 0.8061284921875 0.9043749999999999 0.8460167593750001 0.9266116078125 0.8460167593750001 0.9266116078125 0.8061284921875
3 0.9229062499999999 0.8098379890625 0.9058571421874999 0.8098379890625 0.9058571421874999 0.8367374296874999 0.9229062499999999 0.8367374296874999 0.9229062499999999 0.8098379890625
8 0.4959241078125 0.503715084375 0.46997767812499996 0.503715084375 0.46997767812499996 0.5788547484375 0.4959241078125 0.5788547484375 0.4959241078125 0.503715084375
8 0.5418839281250001 0.5769944140625001 0.523352678125 0.5769944140625001 0.523352678125 0.6085363125 0.5418839281250001 0.6085363125 0.5418839281250001 0.5769944140625001
8 0.52928125 0.6085363125 0.5129732140625001 0.6085363125 0.5129732140625001 0.635441340625 0.52928125 0.635441340625 0.52928125 0.6085363125
8 0.4840625 0.658631284375 0.4603392859375 0.658631284375 0.4603392859375 0.703156425 0.4840625 0.703156425 0.4840625 0.658631284375
1 0.7175669640625 0.030614524999999997 0.49221428593749994 0.030614524999999997 0.49221428593749994 0.2003743015625 0.7175669640625 0.2003743015625 0.7175669640625 0.030614524999999997
1 0.7976294640625 0.17161452500000002 0.65678125 0.17161452500000002 0.65678125 0.34879329531250003 0.7976294640625 0.34879329531250003 0.7976294640625 0.17161452500000002
1 0.4536696421875 0.003709496875 0.3350625 0.003709496875 0.3350625 0.14378770937500002 0.4536696421875 0.14378770937500002 0.4536696421875 0.003709496875
1 0.33728571406249996 0.003709496875 0.270571428125 0.003709496875 0.270571428125 0.11410055937500001 0.33728571406249996 0.11410055937500001 0.33728571406249996 0.003709496875
8 0.3180133921875 0.761597765625 0.30541071406250003 0.761597765625 0.30541071406250003 0.7801508375 0.3180133921875 0.7801508375 0.3180133921875 0.761597765625