4 0.937709821875 0.04303804375 0.8350178578125 0.04303804375 0.8350178578125 0.1578097828125 0.937709821875 0.1578097828125 0.937709821875 0.04303804375
4 0.4730625 0.5738532609375 0.4259241078125 0.5738532609375 0.4259241078125 0.6271413046875 0.4730625 0.6271413046875 0.4730625 0.5738532609375
4 0.12458035781250001 0.5390108703125 0.0589241078125 0.5390108703125 0.0589241078125 0.610744565625 0.12458035781250001 0.610744565625 0.12458035781250001 0.5390108703125
4 0.227272321875 0.15371195625 0.17171875 0.15371195625 0.17171875 0.2479891296875 0.227272321875 0.2479891296875 0.227272321875 0.15371195625
4 0.30303125 0.42014130468750005 0.240741071875 0.42014130468750005 0.240741071875 0.5000706515625 0.30303125 0.5000706515625 0.30303125 0.42014130468750005
4 0.420875 0.40784782656249996 0.38215625000000003 0.40784782656249996 0.38215625000000003 0.45498369531250005 0.420875 0.45498369531250005 0.420875 0.40784782656249996
4 0.7356919640624999 0.5738532609375 0.702022321875 0.5738532609375 0.702022321875 0.6189456515625 0.7356919640624999 0.6189456515625 0.7356919640624999 0.5738532609375
4 0.8569017859375 0.5615597828125 0.8333348218750001 0.5615597828125 0.8333348218750001 0.6045978265625 0.8569017859375 0.6045978265625 0.8569017859375 0.5615597828125
4 0.8905714281250001 0.73371195625 0.851852678125 0.73371195625 0.851852678125 0.7829021734375 0.8905714281250001 0.7829021734375 0.8905714281250001 0.73371195625
2 0.9713794640625 0.0286902171875 0.021883928125 0.0286902171875 0.021883928125 0.9571086953125001 0.9713794640625 0.9571086953125001 0.9713794640625 0.0286902171875
4 0.9259241078124999 0.24594021718749998 0.8872053578125 0.24594021718749998 0.8872053578125 0.2910271734375 0.9259241078124999 0.2910271734375 0.9259241078124999 0.24594021718749998
4 0.969696428125 0.315619565625 0.9309776781249999 0.315619565625 0.9309776781249999 0.3975978265625 0.969696428125 0.3975978265625 0.969696428125 0.315619565625
4 0.8451160718749999 0.2008478265625 0.8013482140624999 0.2008478265625 0.8013482140624999 0.26028260937500003 0.8451160718749999 0.26028260937500003 0.8451160718749999 0.2008478265625
4 0.5454553578125 0.0696847828125 0.5151517859375 0.0696847828125 0.5151517859375 0.11272282656249999 0.5454553578125 0.11272282656249999 0.5454553578125 0.0696847828125
4 0.46464732187499996 0.0799293484375 0.4259241078125 0.0799293484375 0.4259241078125 0.11886956562499999 0.46464732187499996 0.11886956562499999 0.46464732187499996 0.0799293484375
4 0.34511607187500004 0.973505434375 0.2575758921875 0.973505434375 0.2575758921875 0.9980978265625 0.34511607187500004 0.9980978265625 0.34511607187500004 0.973505434375