5 0.9707053578125 0.0136741078125 0.0410178578125 0.0136741078125 0.0410178578125 0.7109375 0.9707053578125 0.7109375 0.9707053578125 0.0136741078125
3 0.8457053578125 0.55859375 0.5917991078125 0.55859375 0.5917991078125 0.80859375 0.8457053578125 0.80859375 0.8457053578125 0.55859375
3 0.6738303578125 0.68359375 0.5234375 0.68359375 0.5234375 0.8769553578125 0.6738303578125 0.8769553578125 0.6738303578125 0.68359375
3 0.984375 0.3183616078125 0.77734375 0.3183616078125 0.77734375 0.62890625 0.984375 0.62890625 0.984375 0.3183616078125
3 0.734375 0.2734375 0.3691428578125 0.2734375 0.3691428578125 0.4609375 0.734375 0.4609375 0.734375 0.2734375
3 0.78515625 0.0390625 0.6191428578125 0.0390625 0.6191428578125 0.3125 0.78515625 0.3125 0.78515625 0.0390625
6 0.5644553578125 0.42578125 0.1386741078125 0.42578125 0.1386741078125 0.984375 0.5644553578125 0.984375 0.5644553578125 0.42578125
8 0.6386741078125 0.8417991078125 0.5859375 0.8417991078125 0.5859375 0.88671875 0.6386741078125 0.88671875 0.6386741078125 0.8417991078125
8 0.7519553578125 0.7421875 0.6816428578125 0.7421875 0.6816428578125 0.7988303578125 0.7519553578125 0.7988303578125 0.7519553578125 0.7421875
8 0.2597678578125 0.078125 0.23046875 0.078125 0.23046875 0.1308616078125 0.2597678578125 0.1308616078125 0.2597678578125 0.078125
8 0.3691428578125 0.11328125 0.33203125 0.11328125 0.33203125 0.15625 0.3691428578125 0.15625 0.3691428578125 0.11328125
8 0.375 0.0683616078125 0.33203125 0.0683616078125 0.33203125 0.1113303578125 0.375 0.1113303578125 0.375 0.0683616078125
8 0.3105491078125 0.24609375 0.2832053578125 0.24609375 0.2832053578125 0.2890625 0.3105491078125 0.2890625 0.3105491078125 0.24609375
8 0.4609375 0.3339866078125 0.3769553578125 0.3339866078125 0.3769553578125 0.421875 0.4609375 0.421875 0.4609375 0.3339866078125
8 0.546875 0.3671875 0.48828125 0.3671875 0.48828125 0.41015625 0.546875 0.41015625 0.546875 0.3671875
8 0.87109375 0.0546875 0.8261741078125 0.0546875 0.8261741078125 0.109375 0.87109375 0.109375 0.87109375 0.0546875
8 0.91796875 0.0488303578125 0.890625 0.0488303578125 0.890625 0.0957053578125 0.91796875 0.0957053578125 0.91796875 0.0488303578125
8 0.8515625 0.17578125 0.8183616078125 0.17578125 0.8183616078125 0.2207053578125 0.8515625 0.2207053578125 0.8515625 0.17578125
8 0.875 0.22265625 0.85546875 0.22265625 0.85546875 0.2734375 0.875 0.2734375 0.875 0.22265625
8 0.9277366078125 0.33203125 0.8925803578125 0.33203125 0.8925803578125 0.3847678578125 0.9277366078125 0.3847678578125 0.9277366078125 0.33203125
8 0.9199241078125 0.36328125 0.8769553578125 0.36328125 0.8769553578125 0.4140625 0.9199241078125 0.4140625 0.9199241078125 0.36328125
8 0.5917991078125 0.1113303578125 0.5410178578125 0.1113303578125 0.5410178578125 0.15234375 0.5917991078125 0.15234375 0.5917991078125 0.1113303578125
8 0.5292991078125 0.1152366078125 0.49023660781249995 0.1152366078125 0.49023660781249995 0.1621116078125 0.5292991078125 0.1621116078125 0.5292991078125 0.1152366078125
7 0.9355491078125 0.7265625 0.73046875 0.7265625 0.73046875 0.9082053578125 0.9355491078125 0.9082053578125 0.9355491078125 0.7265625
8 0.9082053578125 0.7402366078125 0.80078125 0.7402366078125 0.80078125 0.8769553578125 0.9082053578125 0.8769553578125 0.9082053578125 0.7402366078125
1 0.6972678578125 0.8886741078125 0.484375 0.8886741078125 0.484375 0.9941428578125 0.6972678578125 0.9941428578125 0.6972678578125 0.8886741078125
4 0.6777366078125 0.6269553578125 0.6464866078125 0.6269553578125 0.6464866078125 0.6582053578125 0.6777366078125 0.6582053578125 0.6777366078125 0.6269553578125
8 0.62890625 0.5566428578125 0.609375 0.5566428578125 0.609375 0.5839866078125 0.62890625 0.5839866078125 0.62890625 0.5566428578125
3 0.9667991078125 0.2421875 0.94140625 0.2421875 0.94140625 0.2832053578125 0.9667991078125 0.2832053578125 0.9667991078125 0.2421875