2 0.54296875 0.0644553578125 0.0175803578125 0.0644553578125 0.0175803578125 0.8339866078125 0.54296875 0.8339866078125 0.54296875 0.0644553578125
3 0.9902366078125 0.01171875 0.796875 0.01171875 0.796875 0.7246116078125 0.9902366078125 0.7246116078125 0.9902366078125 0.01171875
8 0.88671875 0.48242410781249995 0.7832053578125 0.48242410781249995 0.7832053578125 0.60546875 0.88671875 0.60546875 0.88671875 0.48242410781249995
3 0.30078125 0.2714866078125 0.0097678578125 0.2714866078125 0.0097678578125 0.7167991078125 0.30078125 0.7167991078125 0.30078125 0.2714866078125
8 0.0996116078125 0.359375 0.0546875 0.359375 0.0546875 0.40625 0.0996116078125 0.40625 0.0996116078125 0.359375
8 0.24609375 0.2890625 0.1621116078125 0.2890625 0.1621116078125 0.3535178578125 0.24609375 0.3535178578125 0.24609375 0.2890625
8 0.04296875 0.39453125 0.0019553578125 0.39453125 0.0019553578125 0.4453125 0.04296875 0.4453125 0.04296875 0.39453125
8 0.0859375 0.4765625 0.0136741078125 0.4765625 0.0136741078125 0.5234375 0.0859375 0.5234375 0.0859375 0.4765625
8 0.8515625 0.0878928578125 0.8378928578125 0.0878928578125 0.8378928578125 0.1152366078125 0.8515625 0.1152366078125 0.8515625 0.0878928578125
8 0.8457053578125 0.2324241078125 0.8300803578125 0.2324241078125 0.8300803578125 0.2519553578125 0.8457053578125 0.2519553578125 0.8457053578125 0.2324241078125
8 0.83984375 0.3417991078125 0.828125 0.3417991078125 0.828125 0.3574241078125 0.83984375 0.3574241078125 0.83984375 0.3417991078125
8 0.0625 0.6171875 0.0019553578125 0.6171875 0.0019553578125 0.6816428578125 0.0625 0.6816428578125 0.0625 0.6171875
4 0.1308616078125 0.11328125 0.0566428578125 0.11328125 0.0566428578125 0.1972678578125 0.1308616078125 0.1972678578125 0.1308616078125 0.11328125
4 0.07421875 0.1308616078125 0.00390625 0.1308616078125 0.00390625 0.2167991078125 0.07421875 0.2167991078125 0.07421875 0.1308616078125
4 0.8808616078125 0.5625 0.81640625 0.5625 0.81640625 0.5996116078125 0.8808616078125 0.5996116078125 0.8808616078125 0.5625
4 0.8769553578125 0.0761741078125 0.8457053578125 0.0761741078125 0.8457053578125 0.1308616078125 0.8769553578125 0.1308616078125 0.8769553578125 0.0761741078125
4 0.46484375 0.9511741078125 0.41015625 0.9511741078125 0.41015625 0.9824241078125 0.46484375 0.9824241078125 0.46484375 0.9511741078125
4 0.5996116078125 0.0019553578125 0.53125 0.0019553578125 0.53125 0.0332053578125 0.5996116078125 0.0332053578125 0.5996116078125 0.0019553578125
4 0.296875 0.44726785781249995 0.2421875 0.44726785781249995 0.2421875 0.5097678578125 0.296875 0.5097678578125 0.296875 0.44726785781249995
4 0.2285178578125 0.5292991078125 0.1699241078125 0.5292991078125 0.1699241078125 0.5703125 0.2285178578125 0.5703125 0.2285178578125 0.5292991078125
4 0.2246116078125 0.57421875 0.1875 0.57421875 0.1875 0.6074241078125 0.2246116078125 0.6074241078125 0.2246116078125 0.57421875
4 0.2089866078125 0.41601785781249995 0.1542991078125 0.41601785781249995 0.1542991078125 0.4609375 0.2089866078125 0.4609375 0.2089866078125 0.41601785781249995
4 0.78125 0.58203125 0.7246116078125 0.58203125 0.7246116078125 0.6308616078125 0.78125 0.6308616078125 0.78125 0.58203125
4 0.1171875 0.609375 0.0058616078125 0.609375 0.0058616078125 0.7128928578125 0.1171875 0.7128928578125 0.1171875 0.609375
4 0.16796875 0.46289285781249995 0.00390625 0.46289285781249995 0.00390625 0.60546875 0.16796875 0.60546875 0.16796875 0.46289285781249995
4 0.1171875 0.3417991078125 0.0058616078125 0.3417991078125 0.0058616078125 0.45703125 0.1171875 0.45703125 0.1171875 0.3417991078125
4 0.2519553578125 0.27734375 0.1542991078125 0.27734375 0.1542991078125 0.36328125 0.2519553578125 0.36328125 0.2519553578125 0.27734375