8 0.1503928578125 0.3847678578125 0.0644553578125 0.3847678578125 0.0644553578125 0.46289285781249995 0.1503928578125 0.46289285781249995 0.1503928578125 0.3847678578125
8 0.265625 0.3691428578125 0.140625 0.3691428578125 0.140625 0.51171875 0.265625 0.51171875 0.265625 0.3691428578125
8 0.30078125 0.078125 0.234375 0.078125 0.234375 0.140625 0.30078125 0.140625 0.30078125 0.078125
5 0.23828125 0.48046875 0.0136741078125 0.48046875 0.0136741078125 0.7988303578125 0.23828125 0.7988303578125 0.23828125 0.48046875
1 0.3417991078125 0.1699241078125 0.21875 0.1699241078125 0.21875 0.328125 0.3417991078125 0.328125 0.3417991078125 0.1699241078125
8 0.4765625 0.59765625 0.42383035781249995 0.59765625 0.42383035781249995 0.62109375 0.4765625 0.62109375 0.4765625 0.59765625
8 0.3300803578125 0.3046875 0.29296875 0.3046875 0.29296875 0.328125 0.3300803578125 0.328125 0.3300803578125 0.3046875
4 0.27734375 0.58203125 0.1875 0.58203125 0.1875 0.6503928578125 0.27734375 0.6503928578125 0.27734375 0.58203125
4 0.1347678578125 0.390625 0.07421875 0.390625 0.07421875 0.45898660781249995 0.1347678578125 0.45898660781249995 0.1347678578125 0.390625
4 0.2324241078125 0.3828125 0.1484375 0.3828125 0.1484375 0.49804910781249995 0.2324241078125 0.49804910781249995 0.2324241078125 0.3828125
4 0.2578125 0.24609375 0.20703125 0.24609375 0.20703125 0.2714866078125 0.2578125 0.2714866078125 0.2578125 0.24609375
4 0.3105491078125 0.1953125 0.265625 0.1953125 0.265625 0.2832053578125 0.3105491078125 0.2832053578125 0.3105491078125 0.1953125