8 0.1503928578125 0.5996116078125 0.09375 0.5996116078125 0.09375 0.76953125 0.1503928578125 0.76953125 0.1503928578125 0.5996116078125
5 0.484375 0.50390625 0.26171875 0.50390625 0.26171875 0.73046875 0.484375 0.73046875 0.484375 0.50390625
4 0.1425803578125 0.609375 0.0957053578125 0.609375 0.0957053578125 0.75 0.1425803578125 0.75 0.1425803578125 0.609375
4 0.0449241078125 0.5605491078125 0.01953125 0.5605491078125 0.01953125 0.5917991078125 0.0449241078125 0.5917991078125 0.0449241078125 0.5605491078125
8 0.0449241078125 0.5605491078125 0.0234375 0.5605491078125 0.0234375 0.5917991078125 0.0449241078125 0.5917991078125 0.0449241078125 0.5605491078125
8 0.1230491078125 0.3144553578125 0.0761741078125 0.3144553578125 0.0761741078125 0.3535178578125 0.1230491078125 0.3535178578125 0.1230491078125 0.3144553578125
8 0.0878928578125 0.3652366078125 0.05859375 0.3652366078125 0.05859375 0.390625 0.0878928578125 0.390625 0.0878928578125 0.3652366078125
4 0.0761741078125 0.7480491078125 0.05078125 0.7480491078125 0.05078125 0.80078125 0.0761741078125 0.80078125 0.0761741078125 0.7480491078125
4 0.15234375 0.78515625 0.1035178578125 0.78515625 0.1035178578125 0.8417991078125 0.15234375 0.8417991078125 0.15234375 0.78515625
4 0.1328125 0.875 0.0644553578125 0.875 0.0644553578125 0.95703125 0.1328125 0.95703125 0.1328125 0.875
4 0.1621116078125 0.9707053578125 0.13671875 0.9707053578125 0.13671875 0.9980491078125 0.1621116078125 0.9980491078125 0.1621116078125 0.9707053578125
8 0.0761741078125 0.74609375 0.0566428578125 0.74609375 0.0566428578125 0.8027366078125 0.0761741078125 0.8027366078125 0.0761741078125 0.74609375
8 0.1484375 0.7910178578125 0.1015625 0.7910178578125 0.1015625 0.8378928578125 0.1484375 0.8378928578125 0.1484375 0.7910178578125
8 0.12890625 0.8730491078125 0.0625 0.8730491078125 0.0625 0.9589866078125 0.12890625 0.9589866078125 0.12890625 0.8730491078125
8 0.16015625 0.9707053578125 0.140625 0.9707053578125 0.140625 0.99609375 0.16015625 0.99609375 0.16015625 0.9707053578125
4 0 0.8203125 0.015625 0.8203125 0.015625 0.76953125 0 0.76953125 0 0.8203125
8 0.1972678578125 0.7734375 0.16796875 0.7734375 0.16796875 0.8027366078125 0.1972678578125 0.8027366078125 0.1972678578125 0.7734375