8 0.3046875 0.328125 0.2285178578125 0.328125 0.2285178578125 0.41796875 0.3046875 0.41796875 0.3046875 0.328125
4 0.7207053578125 0.03515625 0.6542991078125 0.03515625 0.6542991078125 0.1035178578125 0.7207053578125 0.1035178578125 0.7207053578125 0.03515625
4 0.7558616078125 0.6933616078125 0.328125 0.6933616078125 0.328125 0.85546875 0.7558616078125 0.85546875 0.7558616078125 0.6933616078125
5 0.56640625 0.29296875 0.2910178578125 0.29296875 0.2910178578125 0.5449241078125 0.56640625 0.5449241078125 0.56640625 0.29296875
1 0.625 0.3183616078125 0.0878928578125 0.3183616078125 0.0878928578125 0.7246116078125 0.625 0.7246116078125 0.625 0.3183616078125
4 0.7753928578125 0.5917991078125 0.69921875 0.5917991078125 0.69921875 0.69921875 0.7753928578125 0.69921875 0.7753928578125 0.5917991078125
7 0.9941428578125 0.57421875 0.6640625 0.57421875 0.6640625 0.99609375 0.9941428578125 0.99609375 0.9941428578125 0.57421875
4 0.2675803578125 0.6074241078125 0.2402366078125 0.6074241078125 0.2402366078125 0.6269553578125 0.2675803578125 0.6269553578125 0.2675803578125 0.6074241078125
4 0.3457053578125 0.60546875 0.3046875 0.60546875 0.3046875 0.6269553578125 0.3457053578125 0.6269553578125 0.3457053578125 0.60546875
8 0.3339866078125 0.60546875 0.3203125 0.60546875 0.3203125 0.6171875 0.3339866078125 0.6171875 0.3339866078125 0.60546875
8 0.26953125 0.60546875 0.25390625 0.60546875 0.25390625 0.6230491078125 0.26953125 0.6230491078125 0.26953125 0.60546875
4 0.3046875 0.3261741078125 0.2246116078125 0.3261741078125 0.2246116078125 0.41992410781249995 0.3046875 0.41992410781249995 0.3046875 0.3261741078125
4 0.19140625 0.2441428578125 0.1542991078125 0.2441428578125 0.1542991078125 0.2792991078125 0.19140625 0.2792991078125 0.19140625 0.2441428578125
4 0.4453125 0.0800803578125 0.2089866078125 0.0800803578125 0.2089866078125 0.171875 0.4453125 0.171875 0.4453125 0.0800803578125
4 0.0957053578125 0.42773660781249995 0.0371116078125 0.42773660781249995 0.0371116078125 0.49609375 0.0957053578125 0.49609375 0.0957053578125 0.42773660781249995
4 0.1425803578125 0.45117410781249995 0.1015625 0.45117410781249995 0.1015625 0.4921875 0.1425803578125 0.4921875 0.1425803578125 0.45117410781249995
4 0.1269553578125 0.49804910781249995 0.08984375 0.49804910781249995 0.08984375 0.5292991078125 0.1269553578125 0.5292991078125 0.1269553578125 0.49804910781249995
8 0.1152366078125 0.5078125 0.1035178578125 0.5078125 0.1035178578125 0.5253928578125 0.1152366078125 0.5253928578125 0.1152366078125 0.5078125
8 0.0878928578125 0.44140625 0.0683616078125 0.44140625 0.0683616078125 0.46875 0.0878928578125 0.46875 0.0878928578125 0.44140625
8 0.1875 0.2441428578125 0.171875 0.2441428578125 0.171875 0.2675803578125 0.1875 0.2675803578125 0.1875 0.2441428578125
8 0.3222678578125 0.13671875 0.2988303578125 0.13671875 0.2988303578125 0.15625 0.3222678578125 0.15625 0.3222678578125 0.13671875