6 0.288491071875 0.38415503906250004 0.028361607812500002 0.38415503906250004 0.028361607812500002 0.8274108531250001 0.288491071875 0.8274108531250001 0.288491071875 0.38415503906250004
7 0.5875223218750001 0.014069767187500002 0.029982142187499998 0.014069767187500002 0.029982142187499998 0.2758062015625 0.5875223218750001 0.2758062015625 0.5875223218750001 0.014069767187500002
7 0.189625 0.42496124062499996 0.0307946421875 0.42496124062499996 0.0307946421875 0.7894186046875 0.189625 0.7894186046875 0.189625 0.42496124062499996
4 0.017017857812500002 0.0436201546875 0.0016205359375 0.0436201546875 0.0016205359375 0.0717674421875 0.017017857812500002 0.0717674421875 0.017017857812500002 0.0436201546875
4 0.0235 0.1294573640625 0.0016205359375 0.1294573640625 0.0016205359375 0.1561937984375 0.0235 0.1561937984375 0.0235 0.1294573640625
4 0.0769866078125 0.1294573640625 0.0405178578125 0.1294573640625 0.0405178578125 0.1505658921875 0.0769866078125 0.1505658921875 0.0769866078125 0.1294573640625
4 0.063209821875 0.15479069843749999 0.0008125000000000001 0.15479069843749999 0.0008125000000000001 0.233589146875 0.063209821875 0.233589146875 0.063209821875 0.15479069843749999
4 0.142625 0.31942635625000004 0.0024330359375 0.31942635625000004 0.0024330359375 0.3799302328125 0.142625 0.3799302328125 0.142625 0.31942635625000004
4 0.0575357140625 0.40807751875 0.0016205359375 0.40807751875 0.0016205359375 0.43200000000000005 0.0575357140625 0.43200000000000005 0.0575357140625 0.40807751875
5 0.6491071421875 0.22233333281249998 0.4837946421875 0.22233333281249998 0.4837946421875 0.5009457359375 0.6491071421875 0.5009457359375 0.6491071421875 0.22233333281249998
2 0.3095625 0.33912403125 0.031602678125 0.33912403125 0.031602678125 0.8344418609375 0.3095625 0.8344418609375 0.3095625 0.33912403125
2 0.9505669640625 0.0182945734375 0.27147321406249997 0.0182945734375 0.27147321406249997 0.99767441875 0.9505669640625 0.99767441875 0.9505669640625 0.0182945734375