4 0.43359375 0.45117410781249995 0.029299107812500003 0.45117410781249995 0.029299107812500003 0.89453125 0.43359375 0.89453125 0.43359375 0.45117410781249995
4 0.41601785781249995 0.0058616078125 0.2050803578125 0.0058616078125 0.2050803578125 0.06640625 0.41601785781249995 0.06640625 0.41601785781249995 0.0058616078125
4 0.140625 0.0605491078125 0.0019553578125 0.0605491078125 0.0019553578125 0.2363303578125 0.140625 0.2363303578125 0.140625 0.0605491078125
4 0.33984375 0.8769553578125 0.0644553578125 0.8769553578125 0.0644553578125 0.9921875 0.33984375 0.9921875 0.33984375 0.8769553578125
3 0.6933616078125 0.26953125 0.63671875 0.26953125 0.63671875 0.33984375 0.6933616078125 0.33984375 0.6933616078125 0.26953125
4 0.8417991078125 0.4609375 0.80859375 0.4609375 0.80859375 0.49609375 0.8417991078125 0.49609375 0.8417991078125 0.4609375
4 0.890625 0.6269553578125 0.78515625 0.6269553578125 0.78515625 0.76171875 0.890625 0.76171875 0.890625 0.6269553578125
4 0.9453125 0.5488303578125 0.90234375 0.5488303578125 0.90234375 0.5859375 0.9453125 0.5859375 0.9453125 0.5488303578125
3 0.89453125 0.7597678578125 0.8496116078125 0.7597678578125 0.8496116078125 0.8183616078125 0.89453125 0.8183616078125 0.89453125 0.7597678578125
8 0.6699241078125 0.2871116078125 0.6425803578125 0.2871116078125 0.6425803578125 0.3105491078125 0.6699241078125 0.3105491078125 0.6699241078125 0.2871116078125
8 0.6894553578125 0.3027366078125 0.6738303578125 0.3027366078125 0.6738303578125 0.3222678578125 0.6894553578125 0.3222678578125 0.6894553578125 0.3027366078125
8 0.1542991078125 0.6328125 0.1308616078125 0.6328125 0.1308616078125 0.6484375 0.1542991078125 0.6484375 0.1542991078125 0.6328125