6 0.5731517859374999 0.44180927812500004 0.182477678125 0.44180927812500004 0.182477678125 0.9977783499999999 0.5731517859374999 0.9977783499999999 0.5731517859374999 0.44180927812500004
3 0.310290178125 0.308149484375 0.175241071875 0.308149484375 0.175241071875 0.5448350515625 0.310290178125 0.5448350515625 0.310290178125 0.308149484375
4 0.296625 0.314649484375 0.184084821875 0.314649484375 0.184084821875 0.5309123718750001 0.296625 0.5309123718750001 0.296625 0.314649484375
4 0.0305446421875 0.14386597968749998 0.0128616078125 0.14386597968749998 0.0128616078125 0.17263917499999998 0.0305446421875 0.17263917499999998 0.0305446421875 0.14386597968749998
4 0.047428571875 0.17263917499999998 0.0192946421875 0.17263917499999998 0.0192946421875 0.2209020625 0.047428571875 0.2209020625 0.047428571875 0.17263917499999998
4 0.11254017812499999 0.105809278125 0.0884241078125 0.105809278125 0.0884241078125 0.13829896875 0.11254017812499999 0.13829896875 0.11254017812499999 0.105809278125
4 0.0948571421875 0.12158762812499999 0.033763392187500005 0.12158762812499999 0.033763392187500005 0.15222165000000001 0.0948571421875 0.15222165000000001 0.0948571421875 0.12158762812499999
4 0.75884375 0.41303608281250004 0.7154330359375 0.41303608281250004 0.7154330359375 0.4677938140625 0.75884375 0.4677938140625 0.75884375 0.41303608281250004
4 0.7009642859375 0.3926134015625 0.6591651781250001 0.3926134015625 0.6591651781250001 0.4520154640625 0.7009642859375 0.4520154640625 0.7009642859375 0.3926134015625
4 0.9043392859375 0.647860825 0.8705803578125 0.647860825 0.8705803578125 0.7063350515625 0.9043392859375 0.7063350515625 0.9043392859375 0.647860825
4 0.9220267859375 0.7453195874999999 0.8528928578125001 0.7453195874999999 0.8528928578125001 0.8446340203125 0.9220267859375 0.8446340203125 0.9220267859375 0.7453195874999999
4 0.9935669640624999 0.7610979375 0.9389062499999999 0.7610979375 0.9389062499999999 0.793582475 0.9935669640624999 0.793582475 0.9935669640624999 0.7610979375
8 0.9831205359374999 0.7610979375 0.9477499999999999 0.7610979375 0.9477499999999999 0.79822165 0.9831205359374999 0.79822165 0.9831205359374999 0.7610979375
8 0.745178571875 0.41303608281250004 0.717040178125 0.41303608281250004 0.717040178125 0.45758762812500003 0.745178571875 0.45758762812500003 0.745178571875 0.41303608281250004
7 0.44372767812499997 0.66827835 0.009647321875 0.66827835 0.009647321875 0.9959226796875 0.44372767812499997 0.9959226796875 0.44372767812499997 0.66827835
3 0.184084821875 0.6766340203125 0.0200982140625 0.6766340203125 0.0200982140625 0.839989690625 0.184084821875 0.839989690625 0.184084821875 0.6766340203125
3 0.2090044640625 0.70447938125 0.131834821875 0.70447938125 0.131834821875 0.7778041234375 0.2090044640625 0.7778041234375 0.2090044640625 0.70447938125
4 0.6913169640625 0.232969071875 0.66559375 0.232969071875 0.66559375 0.262670103125 0.6913169640625 0.262670103125 0.6913169640625 0.232969071875
4 0.6245982140625 0.2942268046875 0.6069151781250001 0.2942268046875 0.6069151781250001 0.31093814375 0.6245982140625 0.31093814375 0.6245982140625 0.2942268046875
4 0.8319955359375 0.8381340203125 0.7725089281249999 0.8381340203125 0.7725089281249999 0.8752628859374999 0.8319955359375 0.8752628859374999 0.8319955359375 0.8381340203125
4 0.9983928578124999 0.7267525765625 0.9726696421875 0.7267525765625 0.9726696421875 0.764809278125 0.9983928578124999 0.764809278125 0.9983928578124999 0.7267525765625
4 0.689709821875 0.632082475 0.6712232140625 0.632082475 0.6712232140625 0.6525000000000001 0.689709821875 0.6525000000000001 0.689709821875 0.632082475
4 0.5257232140625 0.51606185625 0.4590044640625 0.51606185625 0.4590044640625 0.607948453125 0.5257232140625 0.607948453125 0.5257232140625 0.51606185625
4 0.561897321875 0.44737628906250004 0.524116071875 0.44737628906250004 0.524116071875 0.491 0.561897321875 0.491 0.561897321875 0.44737628906250004
4 0.5417991078125 0.491 0.500803571875 0.491 0.500803571875 0.526268040625 0.5417991078125 0.526268040625 0.5417991078125 0.491
4 0.3512857140625 0.46872165 0.3295803578125 0.46872165 0.3295803578125 0.502139175 0.3512857140625 0.502139175 0.3512857140625 0.46872165
5 0.528133928125 0.3016546390625 0.3384241078125 0.3016546390625 0.3384241078125 0.5531855671875 0.528133928125 0.5531855671875 0.528133928125 0.3016546390625
4 0.34163839218750003 0.9587938140625001 0.2982321421875 0.9587938140625001 0.2982321421875 0.9912835046874999 0.34163839218750003 0.9912835046874999 0.34163839218750003 0.9587938140625001
4 0.500803571875 0.7713041234375 0.4790982140625 0.7713041234375 0.4790982140625 0.8140000000000001 0.500803571875 0.8140000000000001 0.500803571875 0.7713041234375
4 0.4742767859375 0.6989072171874999 0.4493571421875 0.6989072171874999 0.4493571421875 0.7388195875 0.4742767859375 0.7388195875 0.4742767859375 0.6989072171874999
1 0.848071428125 0.6701340203124999 0.4959821421875 0.6701340203124999 0.4959821421875 0.9987061859375 0.848071428125 0.9987061859375 0.848071428125 0.6701340203124999