3 0.8378928578125 0.3691428578125 0.77734375 0.3691428578125 0.77734375 0.5 0.8378928578125 0.5 0.8378928578125 0.3691428578125
5 0.5957053578125 0.1699241078125 0.1386741078125 0.1699241078125 0.1386741078125 0.5527366078125 0.5957053578125 0.5527366078125 0.5957053578125 0.1699241078125
4 0.7050803578125 0.0605491078125 0.3203125 0.0605491078125 0.3203125 0.22265625 0.7050803578125 0.22265625 0.7050803578125 0.0605491078125
3 0.70703125 0.5722678578125 0.66796875 0.5722678578125 0.66796875 0.6035178578125 0.70703125 0.6035178578125 0.70703125 0.5722678578125
4 0.3671875 0.9394553578125 0.3300803578125 0.9394553578125 0.3300803578125 0.9921875 0.3671875 0.9921875 0.3671875 0.9394553578125
4 0.99609375 0.25390625 0.97265625 0.25390625 0.97265625 0.3300803578125 0.99609375 0.3300803578125 0.99609375 0.25390625
3 0.9355491078125 0.2558616078125 0.9003928578125 0.2558616078125 0.9003928578125 0.3046875 0.9355491078125 0.3046875 0.9355491078125 0.2558616078125
3 0.9980491078125 0.21484375 0.9433616078125 0.21484375 0.9433616078125 0.3847678578125 0.9980491078125 0.3847678578125 0.9980491078125 0.21484375
8 0.7714866078125 0.9042991078125 0.7441428578125 0.9042991078125 0.7441428578125 0.9453125 0.7714866078125 0.9453125 0.7714866078125 0.9042991078125
8 0.7753928578125 0.953125 0.75 0.953125 0.75 0.9746116078125 0.7753928578125 0.9746116078125 0.7753928578125 0.953125
8 0.734375 0.9589866078125 0.71484375 0.9589866078125 0.71484375 0.98828125 0.734375 0.98828125 0.734375 0.9589866078125