2 0.82421875 0.1347678578125 0.1933616078125 0.1347678578125 0.1933616078125 0.7089866078125 0.82421875 0.7089866078125 0.82421875 0.1347678578125
3 0.9707053578125 0.16796875 0.60546875 0.16796875 0.60546875 0.3144553578125 0.9707053578125 0.3144553578125 0.9707053578125 0.16796875
3 0.9921875 0.7050803578125 0.8828125 0.7050803578125 0.8828125 0.859375 0.9921875 0.859375 0.9921875 0.7050803578125
3 0.9375 0.5878928578125 0.84765625 0.5878928578125 0.84765625 0.671875 0.9375 0.671875 0.9375 0.5878928578125
5 0.7597678578125 0.1035178578125 0.1777366078125 0.1035178578125 0.1777366078125 0.703125 0.7597678578125 0.703125 0.7597678578125 0.1035178578125
7 0.96875 0.75390625 0.69921875 0.75390625 0.69921875 0.9785178578125 0.96875 0.9785178578125 0.96875 0.75390625
4 0.6542991078125 0.4921875 0.6308616078125 0.4921875 0.6308616078125 0.5097678578125 0.6542991078125 0.5097678578125 0.6542991078125 0.4921875
4 0.7285178578125 0.5253928578125 0.6933616078125 0.5253928578125 0.6933616078125 0.5605491078125 0.7285178578125 0.5605491078125 0.7285178578125 0.5253928578125
4 0.921875 0.609375 0.8496116078125 0.609375 0.8496116078125 0.6542991078125 0.921875 0.6542991078125 0.921875 0.609375
4 0.8105491078125 0.19921875 0.7402366078125 0.19921875 0.7402366078125 0.25390625 0.8105491078125 0.25390625 0.8105491078125 0.19921875
4 0.984375 0.7089866078125 0.91015625 0.7089866078125 0.91015625 0.8203125 0.984375 0.8203125 0.984375 0.7089866078125
4 0.8105491078125 0.6269553578125 0.7636741078125 0.6269553578125 0.7636741078125 0.6503928578125 0.8105491078125 0.6503928578125 0.8105491078125 0.6269553578125