3 0.9296875 0.1621116078125 0.5839866078125 0.1621116078125 0.5839866078125 0.30859375 0.9296875 0.30859375 0.9296875 0.1621116078125
3 0.828125 0.5078125 0.7167991078125 0.5078125 0.7167991078125 0.5800803578125 0.828125 0.5800803578125 0.828125 0.5078125
3 0.9667991078125 0.5996116078125 0.890625 0.5996116078125 0.890625 0.671875 0.9667991078125 0.671875 0.9667991078125 0.5996116078125
3 0.9921875 0.7050803578125 0.9375 0.7050803578125 0.9375 0.8496116078125 0.9921875 0.8496116078125 0.9921875 0.7050803578125
3 0.5214866078125 0.5917991078125 0.42383035781249995 0.5917991078125 0.42383035781249995 0.82421875 0.5214866078125 0.82421875 0.5214866078125 0.5917991078125
5 0.72265625 0.1171875 0.1796875 0.1171875 0.1796875 0.61328125 0.72265625 0.61328125 0.72265625 0.1171875
7 0.9863303578125 0.78125 0.734375 0.78125 0.734375 0.99609375 0.9863303578125 0.99609375 0.9863303578125 0.78125
4 0.6933616078125 0.48242410781249995 0.6542991078125 0.48242410781249995 0.6542991078125 0.5078125 0.6933616078125 0.5078125 0.6933616078125 0.48242410781249995
4 0.9511741078125 0.61328125 0.90234375 0.61328125 0.90234375 0.6640625 0.9511741078125 0.6640625 0.9511741078125 0.61328125
4 0.7109375 0.1933616078125 0.69140625 0.1933616078125 0.69140625 0.2128928578125 0.7109375 0.2128928578125 0.7109375 0.1933616078125
4 0.83984375 0.2167991078125 0.7792991078125 0.2167991078125 0.7792991078125 0.2480491078125 0.83984375 0.2480491078125 0.83984375 0.2167991078125
4 0.75390625 0.53125 0.7265625 0.53125 0.7265625 0.56640625 0.75390625 0.56640625 0.75390625 0.53125