2 0 0.890625 0.2792991078125 0.890625 0.2792991078125 0.5488303578125 0 0.5488303578125 0 0.890625
6 0 0.890625 0.27734375 0.890625 0.27734375 0.55078125 0 0.55078125 0 0.890625
4 0.0644553578125 0.5410178578125 0.0019553578125 0.5410178578125 0.0019553578125 0.6308616078125 0.0644553578125 0.6308616078125 0.0644553578125 0.5410178578125
4 0.37109375 0.515625 0.328125 0.515625 0.328125 0.5644553578125 0.37109375 0.5644553578125 0.37109375 0.515625
8 0.1347678578125 0.5878928578125 0.0839866078125 0.5878928578125 0.0839866078125 0.64453125 0.1347678578125 0.64453125 0.1347678578125 0.5878928578125
8 0.1699241078125 0.65234375 0.1230491078125 0.65234375 0.1230491078125 0.703125 0.1699241078125 0.703125 0.1699241078125 0.65234375
8 0.2050803578125 0.5546875 0.15625 0.5546875 0.15625 0.6035178578125 0.2050803578125 0.6035178578125 0.2050803578125 0.5546875
8 0.2402366078125 0.5566428578125 0.20703125 0.5566428578125 0.20703125 0.5996116078125 0.2402366078125 0.5996116078125 0.2402366078125 0.5566428578125
5 0.3730491078125 0.3457053578125 0.14453125 0.3457053578125 0.14453125 0.59765625 0.3730491078125 0.59765625 0.3730491078125 0.3457053578125
4 0.125 0.72265625 0.0527366078125 0.72265625 0.0527366078125 0.80078125 0.125 0.80078125 0.125 0.72265625
4 0.2441428578125 0.6933616078125 0.21484375 0.6933616078125 0.21484375 0.73046875 0.2441428578125 0.73046875 0.2441428578125 0.6933616078125
4 0.0566428578125 0.6933616078125 0.00390625 0.6933616078125 0.00390625 0.75 0.0566428578125 0.75 0.0566428578125 0.6933616078125