3 0.99609375 0.1171875 0.90625 0.1171875 0.90625 0.26171875 0.99609375 0.26171875 0.99609375 0.1171875
3 0.9511741078125 0.2128928578125 0.7480491078125 0.2128928578125 0.7480491078125 0.421875 0.9511741078125 0.421875 0.9511741078125 0.2128928578125
5 0.62890625 0.2890625 0.3828125 0.2890625 0.3828125 0.41796875 0.62890625 0.41796875 0.62890625 0.2890625
3 0.5878928578125 0.0136741078125 0.5703125 0.0136741078125 0.5703125 0.03125 0.5878928578125 0.03125 0.5878928578125 0.0136741078125
3 0.6269553578125 0.05078125 0.59765625 0.05078125 0.59765625 0.07421875 0.6269553578125 0.07421875 0.6269553578125 0.05078125
3 0.5019553578125 0.05078125 0.44140625 0.05078125 0.44140625 0.0761741078125 0.5019553578125 0.0761741078125 0.5019553578125 0.05078125
3 0.5859375 0.1972678578125 0.5390625 0.1972678578125 0.5390625 0.22265625 0.5859375 0.22265625 0.5859375 0.1972678578125
3 0.74609375 0.0546875 0.69140625 0.0546875 0.69140625 0.21484375 0.74609375 0.21484375 0.74609375 0.0546875
3 0.671875 0.1972678578125 0.62890625 0.1972678578125 0.62890625 0.27734375 0.671875 0.27734375 0.671875 0.1972678578125
3 0.65625 0.5410178578125 0.6074241078125 0.5410178578125 0.6074241078125 0.5839866078125 0.65625 0.5839866078125 0.65625 0.5410178578125
3 0.80859375 0.5683616078125 0.7714866078125 0.5683616078125 0.7714866078125 0.61328125 0.80859375 0.61328125 0.80859375 0.5683616078125
3 0.8203125 0.6347678578125 0.7910178578125 0.6347678578125 0.7910178578125 0.6640625 0.8203125 0.6640625 0.8203125 0.6347678578125
3 0.90625 0.63671875 0.8847678578125 0.63671875 0.8847678578125 0.66015625 0.90625 0.66015625 0.90625 0.63671875
3 0.6738303578125 0.8203125 0.625 0.8203125 0.625 0.859375 0.6738303578125 0.859375 0.6738303578125 0.8203125
4 0.97265625 0.796875 0.9375 0.796875 0.9375 0.8515625 0.97265625 0.8515625 0.97265625 0.796875
4 0.9902366078125 0.1425803578125 0.9511741078125 0.1425803578125 0.9511741078125 0.25 0.9902366078125 0.25 0.9902366078125 0.1425803578125
8 0.8984375 0.21484375 0.87890625 0.21484375 0.87890625 0.2285178578125 0.8984375 0.2285178578125 0.8984375 0.21484375
8 0.953125 0.1171875 0.9355491078125 0.1171875 0.9355491078125 0.1425803578125 0.953125 0.1425803578125 0.953125 0.1171875
8 0.46679910781249995 0.0546875 0.45117410781249995 0.0546875 0.45117410781249995 0.06640625 0.46679910781249995 0.06640625 0.46679910781249995 0.0546875
8 0.92578125 0.2949241078125 0.9003928578125 0.2949241078125 0.9003928578125 0.3125 0.92578125 0.3125 0.92578125 0.2949241078125
8 0.953125 0.8125 0.94140625 0.8125 0.94140625 0.8359375 0.953125 0.8359375 0.953125 0.8125