4 0.4453125 0.0605491078125 0.2988303578125 0.0605491078125 0.2988303578125 0.2167991078125 0.4453125 0.2167991078125 0.4453125 0.0605491078125
4 0.75390625 0.734375 0.62890625 0.734375 0.62890625 0.91015625 0.75390625 0.91015625 0.75390625 0.734375
4 0.0996116078125 0.6347678578125 0.0019553578125 0.6347678578125 0.0019553578125 0.8027366078125 0.0996116078125 0.8027366078125 0.0996116078125 0.6347678578125
4 0.49414285781249995 0.5722678578125 0.44140625 0.5722678578125 0.44140625 0.6894553578125 0.49414285781249995 0.6894553578125 0.49414285781249995 0.5722678578125
4 0.8144553578125 0.00390625 0.6621116078125 0.00390625 0.6621116078125 0.0332053578125 0.8144553578125 0.0332053578125 0.8144553578125 0.00390625
4 0.48046875 0.2734375 0.40429910781249995 0.2734375 0.40429910781249995 0.31640625 0.48046875 0.31640625 0.48046875 0.2734375
4 0.515625 0.42383035781249995 0.40429910781249995 0.42383035781249995 0.40429910781249995 0.4921875 0.515625 0.4921875 0.515625 0.42383035781249995
3 0.67578125 0.08203125 0.62109375 0.08203125 0.62109375 0.1269553578125 0.67578125 0.1269553578125 0.67578125 0.08203125
3 0.49609375 0.6972678578125 0.4609375 0.6972678578125 0.4609375 0.75 0.49609375 0.75 0.49609375 0.6972678578125
3 0.2265625 0.67578125 0.2050803578125 0.67578125 0.2050803578125 0.69921875 0.2265625 0.69921875 0.2265625 0.67578125
3 0.24609375 0.64453125 0.2265625 0.64453125 0.2265625 0.6660178578125 0.24609375 0.6660178578125 0.24609375 0.64453125
3 0.2753928578125 0.6113303578125 0.2636741078125 0.6113303578125 0.2636741078125 0.62890625 0.2753928578125 0.62890625 0.2753928578125 0.6113303578125
3 0.4765625 0.7597678578125 0.453125 0.7597678578125 0.453125 0.8125 0.4765625 0.8125 0.4765625 0.7597678578125
3 0.4921875 0.83203125 0.46289285781249995 0.83203125 0.46289285781249995 0.87109375 0.4921875 0.87109375 0.4921875 0.83203125
3 0.47070535781249995 0.8964866078125 0.44140625 0.8964866078125 0.44140625 0.9238303578125 0.47070535781249995 0.9238303578125 0.47070535781249995 0.8964866078125
3 0.5214866078125 0.87890625 0.4765625 0.87890625 0.4765625 0.921875 0.5214866078125 0.921875 0.5214866078125 0.87890625
4 0.9921875 0.453125 0.8515625 0.453125 0.8515625 0.6230491078125 0.9921875 0.6230491078125 0.9921875 0.453125
4 0.8925803578125 0.625 0.84765625 0.625 0.84765625 0.6933616078125 0.8925803578125 0.6933616078125 0.8925803578125 0.625
4 0.6015625 0.3046875 0.5605491078125 0.3046875 0.5605491078125 0.36328125 0.6015625 0.36328125 0.6015625 0.3046875
3 0.49609375 0.9355491078125 0.47070535781249995 0.9355491078125 0.47070535781249995 0.96875 0.49609375 0.96875 0.49609375 0.9355491078125
3 0.8613303578125 0.9472678578125 0.8105491078125 0.9472678578125 0.8105491078125 0.9941428578125 0.8613303578125 0.9941428578125 0.8613303578125 0.9472678578125