4 0.8027366078125 0.0097678578125 0.3535178578125 0.0097678578125 0.3535178578125 0.0957053578125 0.8027366078125 0.0957053578125 0.8027366078125 0.0097678578125
3 0.9433616078125 0.65625 0.89453125 0.65625 0.89453125 0.7285178578125 0.9433616078125 0.7285178578125 0.9433616078125 0.65625
3 0.85546875 0.59375 0.8125 0.59375 0.8125 0.640625 0.85546875 0.640625 0.85546875 0.59375
3 0.70703125 0.56640625 0.6621116078125 0.56640625 0.6621116078125 0.625 0.70703125 0.625 0.70703125 0.56640625
2 0.8359375 0.1875 0.2050803578125 0.1875 0.2050803578125 0.7207053578125 0.8359375 0.7207053578125 0.8359375 0.1875
5 0.6484375 0.2402366078125 0.3730491078125 0.2402366078125 0.3730491078125 0.4375 0.6484375 0.4375 0.6484375 0.2402366078125
4 0.45508035781249995 0.2890625 0.3339866078125 0.2890625 0.3339866078125 0.42578125 0.45508035781249995 0.42578125 0.45508035781249995 0.2890625
3 0.71875 0.7421875 0.6816428578125 0.7421875 0.6816428578125 0.7890625 0.71875 0.7890625 0.71875 0.7421875
3 0.99609375 0.1386741078125 0.82421875 0.1386741078125 0.82421875 0.44921875 0.99609375 0.44921875 0.99609375 0.1386741078125
4 0.9941428578125 0.40429910781249995 0.9628928578125 0.40429910781249995 0.9628928578125 0.43554910781249995 0.9941428578125 0.43554910781249995 0.9941428578125 0.40429910781249995
4 0.9863303578125 0.1484375 0.94140625 0.1484375 0.94140625 0.1933616078125 0.9863303578125 0.1933616078125 0.9863303578125 0.1484375
4 0.0996116078125 0.07421875 0.0800803578125 0.07421875 0.0800803578125 0.0917991078125 0.0996116078125 0.0917991078125 0.0996116078125 0.07421875