8 0.8222678578125 0.2207053578125 0.7792991078125 0.2207053578125 0.7792991078125 0.2636741078125 0.8222678578125 0.2636741078125 0.8222678578125 0.2207053578125
4 0.99609375 0.77734375 0.9550803578125 0.77734375 0.9550803578125 0.8300803578125 0.99609375 0.8300803578125 0.99609375 0.77734375
4 0.7109375 0.11328125 0.6699241078125 0.11328125 0.6699241078125 0.171875 0.7109375 0.171875 0.7109375 0.11328125
4 0.171875 0.12109375 0.13671875 0.12109375 0.13671875 0.16796875 0.171875 0.16796875 0.171875 0.12109375
4 0.5917991078125 0.0097678578125 0.51953125 0.0097678578125 0.51953125 0.0644553578125 0.5917991078125 0.0644553578125 0.5917991078125 0.0097678578125
4 0.83203125 0.6308616078125 0.7890625 0.6308616078125 0.7890625 0.6699241078125 0.83203125 0.6699241078125 0.83203125 0.6308616078125
4 0.765625 0.5859375 0.71875 0.5859375 0.71875 0.6269553578125 0.765625 0.6269553578125 0.765625 0.5859375
4 0.69140625 0.59765625 0.6386741078125 0.59765625 0.6386741078125 0.6542991078125 0.69140625 0.6542991078125 0.69140625 0.59765625
5 0.390625 0.40039285781249995 0.0371116078125 0.40039285781249995 0.0371116078125 0.8125 0.390625 0.8125 0.390625 0.40039285781249995
1 0.87109375 0.04296875 0.3652366078125 0.04296875 0.3652366078125 0.24609375 0.87109375 0.24609375 0.87109375 0.04296875
1 0.7441428578125 0.36328125 0.42578125 0.36328125 0.42578125 0.45703125 0.7441428578125 0.45703125 0.7441428578125 0.36328125
8 0.33203125 0.7246116078125 0.3203125 0.7246116078125 0.3203125 0.7363303578125 0.33203125 0.7363303578125 0.33203125 0.7246116078125
8 0.3496116078125 0.734375 0.3378928578125 0.734375 0.3378928578125 0.74609375 0.3496116078125 0.74609375 0.3496116078125 0.734375
8 0.34375 0.5761741078125 0.3144553578125 0.5761741078125 0.3144553578125 0.6113303578125 0.34375 0.6113303578125 0.34375 0.5761741078125
8 0.23828125 0.28515625 0.21484375 0.28515625 0.21484375 0.3574241078125 0.23828125 0.3574241078125 0.23828125 0.28515625
8 0.3652366078125 0.3847678578125 0.3144553578125 0.3847678578125 0.3144553578125 0.421875 0.3652366078125 0.421875 0.3652366078125 0.3847678578125
8 0.8300803578125 0.3652366078125 0.78515625 0.3652366078125 0.78515625 0.44336160781249995 0.8300803578125 0.44336160781249995 0.8300803578125 0.3652366078125
8 0.8183616078125 0.30859375 0.7890625 0.30859375 0.7890625 0.3359375 0.8183616078125 0.3359375 0.8183616078125 0.30859375
4 0.9433616078125 0.6113303578125 0.9238303578125 0.6113303578125 0.9238303578125 0.63671875 0.9433616078125 0.63671875 0.9433616078125 0.6113303578125
1 0.5390625 0.2421875 0.42578125 0.2421875 0.42578125 0.28515625 0.5390625 0.28515625 0.5390625 0.2421875