4 0.41601785781249995 0.24609375 0.265625 0.24609375 0.265625 0.45703125 0.41601785781249995 0.45703125 0.41601785781249995 0.24609375
4 0.97265625 0.25390625 0.8808616078125 0.25390625 0.8808616078125 0.3984375 0.97265625 0.3984375 0.97265625 0.25390625
4 0.9550803578125 0.05859375 0.8652366078125 0.05859375 0.8652366078125 0.1191428578125 0.9550803578125 0.1191428578125 0.9550803578125 0.05859375
4 0.80859375 0.1777366078125 0.77734375 0.1777366078125 0.77734375 0.22265625 0.80859375 0.22265625 0.80859375 0.1777366078125
4 0.7988303578125 0.2714866078125 0.75390625 0.2714866078125 0.75390625 0.32421875 0.7988303578125 0.32421875 0.7988303578125 0.2714866078125
4 0.67578125 0.3125 0.6171875 0.3125 0.6171875 0.3984375 0.67578125 0.3984375 0.67578125 0.3125
4 0.76953125 0.5410178578125 0.7207053578125 0.5410178578125 0.7207053578125 0.6230491078125 0.76953125 0.6230491078125 0.76953125 0.5410178578125
4 0.9589866078125 0.7714866078125 0.8691428578125 0.7714866078125 0.8691428578125 0.87890625 0.9589866078125 0.87890625 0.9589866078125 0.7714866078125
4 0.9433616078125 0.5761741078125 0.8828125 0.5761741078125 0.8828125 0.6484375 0.9433616078125 0.6484375 0.9433616078125 0.5761741078125
4 0.9550803578125 0.45898660781249995 0.9160178578125 0.45898660781249995 0.9160178578125 0.5136741078125 0.9550803578125 0.5136741078125 0.9550803578125 0.45898660781249995
3 0.3378928578125 0.515625 0.28515625 0.515625 0.28515625 0.59765625 0.3378928578125 0.59765625 0.3378928578125 0.515625
3 0.1152366078125 0.77734375 0.0800803578125 0.77734375 0.0800803578125 0.8359375 0.1152366078125 0.8359375 0.1152366078125 0.77734375
3 0.47265625 0.7578125 0.4375 0.7578125 0.4375 0.7988303578125 0.47265625 0.7988303578125 0.47265625 0.7578125
8 0.2988303578125 0.375 0.265625 0.375 0.265625 0.43164285781249995 0.2988303578125 0.43164285781249995 0.2988303578125 0.375
8 0.40039285781249995 0.28515625 0.375 0.28515625 0.375 0.3203125 0.40039285781249995 0.3203125 0.40039285781249995 0.28515625
8 0.36328125 0.2636741078125 0.3457053578125 0.2636741078125 0.3457053578125 0.2890625 0.36328125 0.2890625 0.36328125 0.2636741078125
5 0.4375 0.00390625 0.00390625 0.00390625 0.00390625 0.3847678578125 0.4375 0.3847678578125 0.4375 0.00390625
4 0.7207053578125 0.8886741078125 0.6191428578125 0.8886741078125 0.6191428578125 0.9980491078125 0.7207053578125 0.9980491078125 0.7207053578125 0.8886741078125
4 0 0.46484375 0.029299107812500003 0.46484375 0.029299107812500003 0.42383035781249995 0 0.42383035781249995 0 0.46484375
4 0.3183616078125 0.1699241078125 0.2578125 0.1699241078125 0.2578125 0.2363303578125 0.3183616078125 0.2363303578125 0.3183616078125 0.1699241078125
4 0.40039285781249995 0.0761741078125 0.33203125 0.0761741078125 0.33203125 0.1464866078125 0.40039285781249995 0.1464866078125 0.40039285781249995 0.0761741078125