3 0.45703125 0.1015625 0.3105491078125 0.1015625 0.3105491078125 0.3203125 0.45703125 0.3203125 0.45703125 0.1015625
3 0.52734375 0.6503928578125 0.265625 0.6503928578125 0.265625 0.9824241078125 0.52734375 0.9824241078125 0.52734375 0.6503928578125
4 0.98828125 0.2597678578125 0.87109375 0.2597678578125 0.87109375 0.47070535781249995 0.98828125 0.47070535781249995 0.98828125 0.2597678578125
4 0.8925803578125 0.0957053578125 0.8359375 0.0957053578125 0.8359375 0.1738303578125 0.8925803578125 0.1738303578125 0.8925803578125 0.0957053578125
4 0.3144553578125 0.7910178578125 0.0175803578125 0.7910178578125 0.0175803578125 0.9863303578125 0.3144553578125 0.9863303578125 0.3144553578125 0.7910178578125
3 0.6269553578125 0.025392857812500003 0.5449241078125 0.025392857812500003 0.5449241078125 0.1015625 0.6269553578125 0.1015625 0.6269553578125 0.025392857812500003
8 0.265625 0.025392857812500003 0.2089866078125 0.025392857812500003 0.2089866078125 0.0625 0.265625 0.0625 0.265625 0.025392857812500003
5 0.9863303578125 0.025392857812500003 0.73828125 0.025392857812500003 0.73828125 0.45117410781249995 0.9863303578125 0.45117410781249995 0.9863303578125 0.025392857812500003
8 0.09765625 0.06640625 0.00390625 0.06640625 0.00390625 0.26953125 0.09765625 0.26953125 0.09765625 0.06640625
8 0.3203125 0.78515625 0.28515625 0.78515625 0.28515625 0.8125 0.3203125 0.8125 0.3203125 0.78515625
8 0.140625 0.8691428578125 0.046875 0.8691428578125 0.046875 0.9746116078125 0.140625 0.9746116078125 0.140625 0.8691428578125
8 0.1953125 0.8691428578125 0.1542991078125 0.8691428578125 0.1542991078125 0.9238303578125 0.1953125 0.9238303578125 0.1953125 0.8691428578125
8 0.32421875 0.1582053578125 0.30859375 0.1582053578125 0.30859375 0.1796875 0.32421875 0.1796875 0.32421875 0.1582053578125
8 0.3652366078125 0.1269553578125 0.34375 0.1269553578125 0.34375 0.15234375 0.3652366078125 0.15234375 0.3652366078125 0.1269553578125
8 0.46875 0.0488303578125 0.45508035781249995 0.0488303578125 0.45508035781249995 0.07421875 0.46875 0.07421875 0.46875 0.0488303578125
8 0.69921875 0.4609375 0.68359375 0.4609375 0.68359375 0.47851785781249995 0.69921875 0.47851785781249995 0.69921875 0.4609375
8 0.41015625 0.2636741078125 0.3671875 0.2636741078125 0.3671875 0.2949241078125 0.41015625 0.2949241078125 0.41015625 0.2636741078125
8 0.421875 0.19921875 0.40039285781249995 0.19921875 0.40039285781249995 0.2402366078125 0.421875 0.2402366078125 0.421875 0.19921875
8 0.40820535781249995 0.16796875 0.375 0.16796875 0.375 0.1875 0.40820535781249995 0.1875 0.40820535781249995 0.16796875
8 0.3574241078125 0.1894553578125 0.3300803578125 0.1894553578125 0.3300803578125 0.2128928578125 0.3574241078125 0.2128928578125 0.3574241078125 0.1894553578125
8 0.0839866078125 0.3203125 0.0527366078125 0.3203125 0.0527366078125 0.34765625 0.0839866078125 0.34765625 0.0839866078125 0.3203125
4 0.875 0.546875 0.8105491078125 0.546875 0.8105491078125 0.8457053578125 0.875 0.8457053578125 0.875 0.546875
4 0.921875 0.53515625 0.8730491078125 0.53515625 0.8730491078125 0.6328125 0.921875 0.6328125 0.921875 0.53515625