4 0.3574241078125 0.01171875 0.0058616078125 0.01171875 0.0058616078125 0.47070535781249995 0.3574241078125 0.47070535781249995 0.3574241078125 0.01171875
4 0.42383035781249995 0.234375 0.2988303578125 0.234375 0.2988303578125 0.390625 0.42383035781249995 0.390625 0.42383035781249995 0.234375
4 0.5332053578125 0.1699241078125 0.38671875 0.1699241078125 0.38671875 0.2753928578125 0.5332053578125 0.2753928578125 0.5332053578125 0.1699241078125
4 0.90625 0.26171875 0.8027366078125 0.26171875 0.8027366078125 0.3613303578125 0.90625 0.3613303578125 0.90625 0.26171875
4 0.99609375 0.09375 0.8925803578125 0.09375 0.8925803578125 0.2011741078125 0.99609375 0.2011741078125 0.99609375 0.09375
4 0.9667991078125 0.2519553578125 0.8984375 0.2519553578125 0.8984375 0.33984375 0.9667991078125 0.33984375 0.9667991078125 0.2519553578125
4 0.80078125 0.0625 0.7324241078125 0.0625 0.7324241078125 0.140625 0.80078125 0.140625 0.80078125 0.0625
4 0.56640625 0.0058616078125 0.51953125 0.0058616078125 0.51953125 0.0488303578125 0.56640625 0.0488303578125 0.56640625 0.0058616078125
4 0.3652366078125 0.9355491078125 0.2402366078125 0.9355491078125 0.2402366078125 0.9921875 0.3652366078125 0.9921875 0.3652366078125 0.9355491078125
5 0.9863303578125 0.01953125 0.49804910781249995 0.01953125 0.49804910781249995 0.7207053578125 0.9863303578125 0.7207053578125 0.9863303578125 0.01953125
8 0.28125 0.13671875 0.0078125 0.13671875 0.0078125 0.41796875 0.28125 0.41796875 0.28125 0.13671875