8 0.44921875 0.7734375 0.0410178578125 0.7734375 0.0410178578125 0.8984375 0.44921875 0.8984375 0.44921875 0.7734375
8 0.78125 0.43359375 0.6230491078125 0.43359375 0.6230491078125 0.6796875 0.78125 0.6796875 0.78125 0.43359375
8 0.81640625 0.0019553578125 0.5683616078125 0.0019553578125 0.5683616078125 0.19921875 0.81640625 0.19921875 0.81640625 0.0019553578125
8 0.5761741078125 0.3261741078125 0.328125 0.3261741078125 0.328125 0.5 0.5761741078125 0.5 0.5761741078125 0.3261741078125
4 0.9785178578125 0.49023660781249995 0.9277366078125 0.49023660781249995 0.9277366078125 0.5917991078125 0.9785178578125 0.5917991078125 0.9785178578125 0.49023660781249995
8 0.1230491078125 0.5234375 0.0019553578125 0.5234375 0.0019553578125 0.6875 0.1230491078125 0.6875 0.1230491078125 0.5234375
8 0.2675803578125 0.47070535781249995 0.16796875 0.47070535781249995 0.16796875 0.640625 0.2675803578125 0.640625 0.2675803578125 0.47070535781249995
8 0.34375 0.01953125 0.29296875 0.01953125 0.29296875 0.1894553578125 0.34375 0.1894553578125 0.34375 0.01953125
8 0.3730491078125 0.1503928578125 0.34375 0.1503928578125 0.34375 0.2050803578125 0.3730491078125 0.2050803578125 0.3730491078125 0.1503928578125
8 0.1816428578125 0 0.1816428578125 0.0957053578125 0.2285178578125 0.0957053578125 0.2285178578125 0 0.1816428578125 0
4 0.7128928578125 0.44921875 0.6738303578125 0.44921875 0.6738303578125 0.5839866078125 0.7128928578125 0.5839866078125 0.7128928578125 0.44921875
4 0.6640625 0.35546875 0.6328125 0.35546875 0.6328125 0.41992410781249995 0.6640625 0.41992410781249995 0.6640625 0.35546875
4 0.74609375 0.43164285781249995 0.71484375 0.43164285781249995 0.71484375 0.5175803578125 0.74609375 0.5175803578125 0.74609375 0.43164285781249995
4 0.7714866078125 0.5332053578125 0.7011741078125 0.5332053578125 0.7011741078125 0.67578125 0.7714866078125 0.67578125 0.7714866078125 0.5332053578125
4 0.421875 0.34765625 0.34375 0.34765625 0.34375 0.48046875 0.421875 0.48046875 0.421875 0.34765625
4 0.55859375 0.3359375 0.45117410781249995 0.3359375 0.45117410781249995 0.44336160781249995 0.55859375 0.44336160781249995 0.55859375 0.3359375
4 0.2597678578125 0.4765625 0.1699241078125 0.4765625 0.1699241078125 0.6328125 0.2597678578125 0.6328125 0.2597678578125 0.4765625
4 0.1171875 0.52734375 0.00390625 0.52734375 0.00390625 0.68359375 0.1171875 0.68359375 0.1171875 0.52734375
4 0.48242410781249995 0.58984375 0.38671875 0.58984375 0.38671875 0.6796875 0.48242410781249995 0.6796875 0.48242410781249995 0.58984375
4 0.5605491078125 0.7109375 0.5253928578125 0.7109375 0.5253928578125 0.7753928578125 0.5605491078125 0.7753928578125 0.5605491078125 0.7109375
4 0.41796875 0.6621116078125 0.1972678578125 0.6621116078125 0.1972678578125 0.8730491078125 0.41796875 0.8730491078125 0.41796875 0.6621116078125
8 0.48046875 0.5917991078125 0.3847678578125 0.5917991078125 0.3847678578125 0.6875 0.48046875 0.6875 0.48046875 0.5917991078125
8 0.421875 0.6582053578125 0.1933616078125 0.6582053578125 0.1933616078125 0.90234375 0.421875 0.90234375 0.421875 0.6582053578125
8 0.2421875 0.9199241078125 0.09765625 0.9199241078125 0.09765625 0.9941428578125 0.2421875 0.9941428578125 0.2421875 0.9199241078125
8 0.13671875 0.765625 0.00390625 0.765625 0.00390625 0.9042991078125 0.13671875 0.9042991078125 0.13671875 0.765625
4 0.2265625 0.9238303578125 0.125 0.9238303578125 0.125 0.9921875 0.2265625 0.9921875 0.2265625 0.9238303578125
4 0.1464866078125 0.76953125 0.0136741078125 0.76953125 0.0136741078125 0.9082053578125 0.1464866078125 0.9082053578125 0.1464866078125 0.76953125
4 0.5332053578125 0.7792991078125 0.4453125 0.7792991078125 0.4453125 0.8691428578125 0.5332053578125 0.8691428578125 0.5332053578125 0.7792991078125
8 0.5292991078125 0.78515625 0.44140625 0.78515625 0.44140625 0.87109375 0.5292991078125 0.87109375 0.5292991078125 0.78515625
4 0.8027366078125 0.0136741078125 0.5878928578125 0.0136741078125 0.5878928578125 0.19921875 0.8027366078125 0.19921875 0.8027366078125 0.0136741078125
4 0.3300803578125 0.0175803578125 0.28515625 0.0175803578125 0.28515625 0.1777366078125 0.3300803578125 0.1777366078125 0.3300803578125 0.0175803578125
2 0.9941428578125 0.41992410781249995 0.0019553578125 0.41992410781249995 0.0019553578125 0.9980491078125 0.9941428578125 0.9980491078125 0.9941428578125 0.41992410781249995