7 0.45117410781249995 0.0019553578125 0.029299107812500003 0.0019553578125 0.029299107812500003 0.15625 0.45117410781249995 0.15625 0.45117410781249995 0.0019553578125
4 0.45898660781249995 0.4140625 0.41992410781249995 0.4140625 0.41992410781249995 0.47070535781249995 0.45898660781249995 0.47070535781249995 0.45898660781249995 0.4140625
4 0.40625 0.6015625 0.375 0.6015625 0.375 0.6640625 0.40625 0.6640625 0.40625 0.6015625
4 0.41601785781249995 0.42383035781249995 0.37890625 0.42383035781249995 0.37890625 0.4765625 0.41601785781249995 0.4765625 0.41601785781249995 0.42383035781249995
2 0.99609375 0.0019553578125 0.5800803578125 0.0019553578125 0.5800803578125 0.9941428578125 0.99609375 0.9941428578125 0.99609375 0.0019553578125
3 0.20703125 0.2265625 0.13671875 0.2265625 0.13671875 0.30859375 0.20703125 0.30859375 0.20703125 0.2265625
3 0.16796875 0.1738303578125 0.11328125 0.1738303578125 0.11328125 0.2128928578125 0.16796875 0.2128928578125 0.16796875 0.1738303578125
3 0.5449241078125 0.16796875 0.5058616078125 0.16796875 0.5058616078125 0.2128928578125 0.5449241078125 0.2128928578125 0.5449241078125 0.16796875
4 0.98046875 0.6953125 0.94921875 0.6953125 0.94921875 0.76171875 0.98046875 0.76171875 0.98046875 0.6953125
4 0.5761741078125 0.0019553578125 0.53125 0.0019553578125 0.53125 0.0703125 0.5761741078125 0.0703125 0.5761741078125 0.0019553578125
4 0.9609375 0.0917991078125 0.9277366078125 0.0917991078125 0.9277366078125 0.1347678578125 0.9609375 0.1347678578125 0.9609375 0.0917991078125
4 0.80859375 0.58984375 0.76171875 0.58984375 0.76171875 0.6386741078125 0.80859375 0.6386741078125 0.80859375 0.58984375
4 0.40429910781249995 0.55078125 0.375 0.55078125 0.375 0.5957053578125 0.40429910781249995 0.5957053578125 0.40429910781249995 0.55078125