2 0 0.9941428578125 0.99609375 0.9941428578125 0.99609375 0.0019553578125 0 0.0019553578125 0 0.9941428578125
4 0.6015625 0.9003928578125 0.5175803578125 0.9003928578125 0.5175803578125 0.9707053578125 0.6015625 0.9707053578125 0.6015625 0.9003928578125
4 0 0.8613303578125 0.09375 0.8613303578125 0.09375 0.6113303578125 0 0.6113303578125 0 0.8613303578125
4 0.44921875 0.5546875 0.3574241078125 0.5546875 0.3574241078125 0.6308616078125 0.44921875 0.6308616078125 0.44921875 0.5546875
4 0.2949241078125 0.3984375 0.2246116078125 0.3984375 0.2246116078125 0.49023660781249995 0.2949241078125 0.49023660781249995 0.2949241078125 0.3984375
4 0.49804910781249995 0.3496116078125 0.45703125 0.3496116078125 0.45703125 0.4140625 0.49804910781249995 0.4140625 0.49804910781249995 0.3496116078125
6 0.4609375 0.3984375 0.1640625 0.3984375 0.1640625 0.7324241078125 0.4609375 0.7324241078125 0.4609375 0.3984375
2 0.91796875 0.3769553578125 0.5800803578125 0.3769553578125 0.5800803578125 0.7890625 0.91796875 0.7890625 0.91796875 0.3769553578125
2 0.5410178578125 0.65625 0.1425803578125 0.65625 0.1425803578125 0.9160178578125 0.5410178578125 0.9160178578125 0.5410178578125 0.65625
2 0.7421875 0.0488303578125 0.2324241078125 0.0488303578125 0.2324241078125 0.3847678578125 0.7421875 0.3847678578125 0.7421875 0.0488303578125
2 0.47070535781249995 0.3730491078125 0.19140625 0.3730491078125 0.19140625 0.65625 0.47070535781249995 0.65625 0.47070535781249995 0.3730491078125