8 0.1774732140625 0.2673565890625 0.16855803593750002 0.2673565890625 0.16855803593750002 0.2743953484375 0.1774732140625 0.2743953484375 0.1774732140625 0.2673565890625
8 0.2090758921875 0.22936434062500002 0.1807142859375 0.22936434062500002 0.1807142859375 0.257511628125 0.2090758921875 0.257511628125 0.2090758921875 0.22936434062500002
8 0.1329017859375 0.1787054265625 0.0907633921875 0.1787054265625 0.0907633921875 0.24062790625 0.1329017859375 0.24062790625 0.1329017859375 0.1787054265625
8 0.127227678125 0.10975969062499999 0.10858928593749999 0.10975969062499999 0.10858928593749999 0.1364961234375 0.127227678125 0.1364961234375 0.127227678125 0.10975969062499999
7 0.2876830359375 0.014069767187500002 0.133709821875 0.014069767187500002 0.133709821875 0.07458139531249999 0.2876830359375 0.07458139531249999 0.2876830359375 0.014069767187500002
4 0.0186383921875 0.0408062015625 0.0016205359375 0.0408062015625 0.0016205359375 0.0717674421875 0.0186383921875 0.0717674421875 0.0186383921875 0.0408062015625
4 0.0218794640625 0.1308682171875 0.0008125000000000001 0.1308682171875 0.0008125000000000001 0.15337984531249998 0.0218794640625 0.15337984531249998 0.0218794640625 0.1308682171875
4 0.0777946421875 0.1280542640625 0.039709821875 0.1280542640625 0.039709821875 0.15479069843749999 0.0777946421875 0.15479069843749999 0.0777946421875 0.1280542640625
4 0.0842767859375 0.1576046515625 0.0008125000000000001 0.1576046515625 0.0008125000000000001 0.2349922484375 0.0842767859375 0.2349922484375 0.0842767859375 0.1576046515625
4 0.1410044640625 0.3208294578125 0.0016205359375 0.3208294578125 0.0016205359375 0.37852713125 0.1410044640625 0.37852713125 0.1410044640625 0.3208294578125
4 0.0615892859375 0.40807751875 0.0016205359375 0.40807751875 0.0016205359375 0.43058914687499994 0.0615892859375 0.43058914687499994 0.0615892859375 0.40807751875
6 0.329821428125 0.4165193796875 0.0307946421875 0.4165193796875 0.0307946421875 0.84007751875 0.329821428125 0.84007751875 0.329821428125 0.4165193796875
7 0.246352678125 0.454511628125 0.0810357140625 0.454511628125 0.0810357140625 0.681062015625 0.246352678125 0.681062015625 0.246352678125 0.454511628125
7 0.063209821875 0.598038759375 0.029982142187499998 0.598038759375 0.029982142187499998 0.75142635625 0.063209821875 0.75142635625 0.063209821875 0.598038759375