3 0.4465 0.6279432984375 0.3901830359375 0.6279432984375 0.3901830359375 0.684608246875 0.4465 0.684608246875 0.4465 0.6279432984375
3 0.6355580359374999 0.31025773125 0.5961383921875 0.31025773125 0.5961383921875 0.45981443281249995 0.6355580359374999 0.45981443281249995 0.6355580359374999 0.31025773125
3 0.6363616078125001 0.5276237109374999 0.6154464281250001 0.5276237109374999 0.6154464281250001 0.556417525 0.6363616078125001 0.556417525 0.6363616078125001 0.5276237109374999
3 0.7666919640625001 0.597288659375 0.747383928125 0.597288659375 0.747383928125 0.622371134375 0.7666919640625001 0.622371134375 0.7666919640625001 0.597288659375
4 0.584875 0.10032474218750001 0.551084821875 0.10032474218750001 0.551084821875 0.11890206249999999 0.584875 0.11890206249999999 0.584875 0.10032474218750001
4 0.5953348218750001 0.0854587625 0.584875 0.0854587625 0.584875 0.0956804125 0.5953348218750001 0.0956804125 0.5953348218750001 0.0854587625
4 0.6057946421875 0.0510927828125 0.5695892859375 0.0510927828125 0.5695892859375 0.06688144375 0.6057946421875 0.06688144375 0.6057946421875 0.0510927828125
4 0.6339508921875 0.013005154687500001 0.588897321875 0.013005154687500001 0.588897321875 0.0510927828125 0.6339508921875 0.0510927828125 0.6339508921875 0.013005154687500001
4 0.7723258921875 0.0018556703125 0.7377321421875 0.0018556703125 0.7377321421875 0.033443298437500005 0.7723258921875 0.033443298437500005 0.7723258921875 0.0018556703125
8 0.8053080359375 0.1421237109375 0.7908303578125 0.1421237109375 0.7908303578125 0.16348969062500002 0.8053080359375 0.16348969062500002 0.8053080359375 0.1421237109375
8 0.9042633921875 0.134690721875 0.8374910718749999 0.134690721875 0.8374910718749999 0.21457732031250001 0.9042633921875 0.21457732031250001 0.9042633921875 0.134690721875
8 0.8463392859375001 0.32697938125000003 0.8326607140625001 0.32697938125000003 0.8326607140625001 0.35577319531249996 0.8463392859375001 0.35577319531249996 0.8463392859375001 0.32697938125000003
8 0.8664508921875 0.3436958765625 0.859209821875 0.3436958765625 0.859209821875 0.35577319531249996 0.8664508921875 0.35577319531249996 0.8664508921875 0.3436958765625
8 0.9042633921875 0.34834020625 0.8728883921874999 0.34834020625 0.8728883921874999 0.36598969062500003 0.9042633921875 0.36598969062500003 0.9042633921875 0.34834020625
8 0.9179419640625 0.33069072187500004 0.9090892859374999 0.33069072187500004 0.9090892859374999 0.342768040625 0.9179419640625 0.342768040625 0.9179419640625 0.33069072187500004
8 0.9597767859375 0.3529845359375 0.8817366078125 0.3529845359375 0.8817366078125 0.432871134375 0.9597767859375 0.432871134375 0.9597767859375 0.3529845359375
8 0.9734508921874999 0.36970618593750004 0.9605803578125001 0.36970618593750004 0.9605803578125001 0.401288659375 0.9734508921874999 0.401288659375 0.9734508921874999 0.36970618593750004
8 0.9782767859374999 0.3464845359375 0.9678214281249999 0.3464845359375 0.9678214281249999 0.360417525 0.9782767859374999 0.360417525 0.9782767859374999 0.3464845359375
8 0.8881741078125 0.6688195875 0.8777142859374999 0.6688195875 0.8777142859374999 0.692969071875 0.8881741078125 0.692969071875 0.8881741078125 0.6688195875
8 0.9396607140625 0.701329896875 0.9163303578124999 0.701329896875 0.9163303578124999 0.7514896906249999 0.9396607140625 0.7514896906249999 0.9396607140625 0.701329896875
8 0.972647321875 0.7635670109375 0.9227678578124999 0.7635670109375 0.9227678578124999 0.802582475 0.972647321875 0.802582475 0.972647321875 0.7635670109375
4 0.9742544640625 0.6270154640625 0.8761071421875 0.6270154640625 0.8761071421875 0.6938969078125 0.9742544640625 0.6938969078125 0.9742544640625 0.6270154640625
4 0.9774732140625 0.6641752578125 0.854383928125 0.6641752578125 0.854383928125 0.7505618562499999 0.9774732140625 0.7505618562499999 0.9774732140625 0.6641752578125
4 0.9798883921874999 0.7412731953125 0.8938035718749999 0.7412731953125 0.8938035718749999 0.8573865984375001 0.9798883921874999 0.8573865984375001 0.9798883921874999 0.7412731953125
8 0.897022321875 0.5675670109375 0.8849553578125 0.5675670109375 0.8849553578125 0.578711340625 0.897022321875 0.578711340625 0.897022321875 0.5675670109375
8 0.90265625 0.6093659796875001 0.892196428125 0.6093659796875001 0.892196428125 0.6214432984375 0.90265625 0.6214432984375 0.90265625 0.6093659796875001
8 0.9283973218750001 0.27124226875 0.9187455359375001 0.27124226875 0.9187455359375001 0.282391753125 0.9283973218750001 0.282391753125 0.9283973218750001 0.27124226875
8 0.761866071875 0.21457732031250001 0.7530178578125 0.21457732031250001 0.7530178578125 0.2257268046875 0.761866071875 0.2257268046875 0.761866071875 0.21457732031250001
4 0.65084375 0.3111855671875 0.6395803578125 0.3111855671875 0.6395803578125 0.32790721718750004 0.65084375 0.32790721718750004 0.65084375 0.3111855671875
4 0.9871294640625001 0.9586391750000001 0.96540625 0.9586391750000001 0.96540625 0.981860825 0.9871294640625001 0.981860825 0.9871294640625001 0.9586391750000001