7 0.819125 0.6456424578125 0.5752410718750001 0.6456424578125 0.5752410718750001 0.8098379890625 0.819125 0.8098379890625 0.819125 0.6456424578125
2 0.9777633921875 0.18089385468750002 0.701258928125 0.18089385468750002 0.701258928125 0.6029720671875001 0.9777633921875 0.6029720671875001 0.9777633921875 0.18089385468750002
8 0.36249107187499996 0.004636871875 0.3365446421875 0.004636871875 0.3365446421875 0.0454525140625 0.36249107187499996 0.0454525140625 0.36249107187499996 0.004636871875
8 0.3706428578125 0.128016759375 0.3365446421875 0.128016759375 0.3365446421875 0.1623407828125 0.3706428578125 0.1623407828125 0.3706428578125 0.128016759375
8 0.3135669640625 0.18645810000000002 0.2928080359375 0.18645810000000002 0.2928080359375 0.22449162031249997 0.3135669640625 0.22449162031249997 0.3135669640625 0.18645810000000002
4 0.0474419640625 0.9026033515625 0.000741071875 0.9026033515625 0.000741071875 0.9972234640625001 0.0474419640625 0.9972234640625001 0.0474419640625 0.9026033515625
1 0.39140178593749997 0.5760670390625 0.3239419640625 0.5760670390625 0.3239419640625 0.703156425 0.39140178593749997 0.703156425 0.39140178593749997 0.5760670390625
3 0.538178571875 0.9499106140625001 0.516678571875 0.9499106140625001 0.516678571875 0.972173184375 0.538178571875 0.972173184375 0.538178571875 0.9499106140625001
3 0.5722767859375 0.5157709500000001 0.5544866078124999 0.5157709500000001 0.5544866078124999 0.5408212296875 0.5722767859375 0.5408212296875 0.5722767859375 0.5157709500000001
3 0.3558169640625 0.02318994375 0.33728571406249996 0.02318994375 0.33728571406249996 0.0454525140625 0.3558169640625 0.0454525140625 0.3558169640625 0.02318994375
8 0.3180133921875 0.4192960890625 0.3098571421875 0.4192960890625 0.3098571421875 0.43228491562500004 0.3180133921875 0.43228491562500004 0.3180133921875 0.4192960890625
8 0.3350625 0.43228491562500004 0.3261696421875 0.43228491562500004 0.3261696421875 0.4443407828125 0.3350625 0.4443407828125 0.3350625 0.43228491562500004
8 0.2698303578125 0.5519497203125 0.24017857187499997 0.5519497203125 0.24017857187499997 0.5834916203125 0.2698303578125 0.5834916203125 0.2698303578125 0.5519497203125
8 0.19940625 0.5603016765625 0.1779107140625 0.5603016765625 0.1779107140625 0.5769944140625001 0.19940625 0.5769944140625001 0.19940625 0.5603016765625
8 0.2246116078125 0.5881284921875001 0.2090446421875 0.5881284921875001 0.2090446421875 0.6029720671875001 0.2246116078125 0.6029720671875001 0.2246116078125 0.5881284921875001
8 0.1756875 0.5408212296875 0.16382589218750002 0.5408212296875 0.16382589218750002 0.5556592171875 0.1756875 0.5556592171875 0.1756875 0.5408212296875
8 0.2409196421875 0.6948100562499999 0.22831696406250002 0.6948100562499999 0.22831696406250002 0.7152178765625 0.2409196421875 0.7152178765625 0.2409196421875 0.6948100562499999
8 0.419571428125 0.00741899375 0.4091919640625 0.00741899375 0.4091919640625 0.02411731875 0.419571428125 0.02411731875 0.419571428125 0.00741899375
8 0.98665625 0.21428491562500002 0.9666428578125 0.21428491562500002 0.9666428578125 0.25046368750000003 0.98665625 0.25046368750000003 0.98665625 0.21428491562500002
8 0.5722767859375 0.5231955312500001 0.5581919640625 0.5231955312500001 0.5581919640625 0.534324021875 0.5722767859375 0.534324021875 0.5722767859375 0.5231955312500001
8 0.53446875 0.9619720671875 0.5263169640625 0.9619720671875 0.5263169640625 0.9693910609374999 0.53446875 0.9693910609374999 0.53446875 0.9619720671875
8 0.329133928125 0.2903519546875 0.32171875 0.2903519546875 0.32171875 0.3024134078125 0.329133928125 0.3024134078125 0.329133928125 0.2903519546875
8 0.3884375 0.379407821875 0.37509375 0.379407821875 0.37509375 0.4007430171875 0.3884375 0.4007430171875 0.3884375 0.379407821875
1 0.451446428125 0.10018435781249999 0.4143794640625 0.10018435781249999 0.4143794640625 0.1743966484375 0.451446428125 0.1743966484375 0.451446428125 0.10018435781249999
1 0.3128258921875 0.0621508375 0.2861383921875 0.0621508375 0.2861383921875 0.09647486093749999 0.3128258921875 0.09647486093749999 0.3128258921875 0.0621508375
1 0.354334821875 0.29592178750000003 0.22016517812499997 0.29592178750000003 0.22016517812499997 0.518553071875 0.354334821875 0.518553071875 0.354334821875 0.29592178750000003
1 0.4544107140625 0.3692011171875 0.367678571875 0.3692011171875 0.367678571875 0.49443575468749995 0.4544107140625 0.49443575468749995 0.4544107140625 0.3692011171875
1 0.3135669640625 0.48608938593750006 0.126758928125 0.48608938593750006 0.126758928125 0.7671620109374999 0.3135669640625 0.7671620109374999 0.3135669640625 0.48608938593750006
1 0.553 0.768094971875 0.3699017859375 0.768094971875 0.3699017859375 0.9128044687499999 0.553 0.9128044687499999 0.553 0.768094971875