3 0.99609375 0.109375 0.6328125 0.109375 0.6328125 0.3359375 0.99609375 0.3359375 0.99609375 0.109375
3 0.98828125 0.3828125 0.7636741078125 0.3828125 0.7636741078125 0.56640625 0.98828125 0.56640625 0.98828125 0.3828125
3 0.6894553578125 0.69921875 0.6074241078125 0.69921875 0.6074241078125 0.8574241078125 0.6894553578125 0.8574241078125 0.6894553578125 0.69921875
3 0.6328125 0.8378928578125 0.48046875 0.8378928578125 0.48046875 0.9902366078125 0.6328125 0.9902366078125 0.6328125 0.8378928578125
3 0.2597678578125 0.7207053578125 0.16796875 0.7207053578125 0.16796875 0.81640625 0.2597678578125 0.81640625 0.2597678578125 0.7207053578125
3 0.7109375 0.87109375 0.671875 0.87109375 0.671875 0.9199241078125 0.7109375 0.9199241078125 0.7109375 0.87109375
3 0.37109375 0.6484375 0.3222678578125 0.6484375 0.3222678578125 0.6953125 0.37109375 0.6953125 0.37109375 0.6484375
5 0.796875 0.1347678578125 0.13671875 0.1347678578125 0.13671875 0.6386741078125 0.796875 0.6386741078125 0.796875 0.1347678578125
3 0.6015625 0.0527366078125 0.5410178578125 0.0527366078125 0.5410178578125 0.10546875 0.6015625 0.10546875 0.6015625 0.0527366078125
3 0.6191428578125 0.6972678578125 0.55078125 0.6972678578125 0.55078125 0.7421875 0.6191428578125 0.7421875 0.6191428578125 0.6972678578125
3 0.3125 0.7890625 0.28515625 0.7890625 0.28515625 0.8183616078125 0.3125 0.8183616078125 0.3125 0.7890625
7 0.9121116078125 0.90625 0.78515625 0.90625 0.78515625 0.9941428578125 0.9121116078125 0.9941428578125 0.9121116078125 0.90625
8 0.125 0.8222678578125 0.1035178578125 0.8222678578125 0.1035178578125 0.86328125 0.125 0.86328125 0.125 0.8222678578125
8 0.6777366078125 0.7207053578125 0.66015625 0.7207053578125 0.66015625 0.7597678578125 0.6777366078125 0.7597678578125 0.6777366078125 0.7207053578125
8 0.57421875 0.8515625 0.53125 0.8515625 0.53125 0.9199241078125 0.57421875 0.9199241078125 0.57421875 0.8515625
8 0.61328125 0.9355491078125 0.49609375 0.9355491078125 0.49609375 0.98046875 0.61328125 0.98046875 0.61328125 0.9355491078125
8 0.98828125 0.1464866078125 0.95703125 0.1464866078125 0.95703125 0.17578125 0.98828125 0.17578125 0.98828125 0.1464866078125
8 0.7988303578125 0.2988303578125 0.77734375 0.2988303578125 0.77734375 0.3183616078125 0.7988303578125 0.3183616078125 0.7988303578125 0.2988303578125
8 0.7734375 0.1816428578125 0.7578125 0.1816428578125 0.7578125 0.1972678578125 0.7734375 0.1972678578125 0.7734375 0.1816428578125
8 0.8613303578125 0.15625 0.8417991078125 0.15625 0.8417991078125 0.17578125 0.8613303578125 0.17578125 0.8613303578125 0.15625
8 0.9941428578125 0.22265625 0.9824241078125 0.22265625 0.9824241078125 0.25 0.9941428578125 0.25 0.9941428578125 0.22265625
4 0.8984375 0.4765625 0.8828125 0.4765625 0.8828125 0.5097678578125 0.8984375 0.5097678578125 0.8984375 0.4765625