4 0.48648660781249997 0.161387559375 0.011584821875 0.161387559375 0.011584821875 0.571057415625 0.48648660781249997 0.571057415625 0.48648660781249997 0.161387559375
4 0.6718124999999999 0.22345932968749999 0.536678571875 0.22345932968749999 0.536678571875 0.8358995218749999 0.6718124999999999 0.8358995218749999 0.6718124999999999 0.22345932968749999
4 0.382241071875 0.24000956874999999 0.347491071875 0.24000956874999999 0.347491071875 0.33518660312500004 0.382241071875 0.33518660312500004 0.382241071875 0.24000956874999999
4 0.4555982140625 0.2689760765625 0.40154464218749997 0.2689760765625 0.40154464218749997 0.40967464062500003 0.4555982140625 0.40967464062500003 0.4555982140625 0.2689760765625
4 0.4324330359375 0.5627846890625 0.382241071875 0.5627846890625 0.382241071875 0.62899043125 0.4324330359375 0.62899043125 0.4324330359375 0.5627846890625
8 0.428571428125 0.6496842109375 0.40154464218749997 0.6496842109375 0.40154464218749997 0.69520095625 0.428571428125 0.69520095625 0.428571428125 0.6496842109375
4 0.3860982140625 0.6827894734375 0.347491071875 0.6827894734375 0.347491071875 0.7407224875 0.3860982140625 0.7407224875 0.3860982140625 0.6827894734375
4 0.3436294640625 0.7655502390625 0.20849553593749998 0.7655502390625 0.20849553593749998 0.9227990437500001 0.3436294640625 0.9227990437500001 0.3436294640625 0.7655502390625
4 0.169883928125 1 0.169883928125 0.71175598125 0.0077232140625 0.71175598125 0.0077232140625 1 0.169883928125 1
4 0.0965267859375 0.5958899515625 0.0270267859375 0.5958899515625 0.0270267859375 0.66209569375 0.0965267859375 0.66209569375 0.0965267859375 0.5958899515625
4 0.33204464218749996 0.5089856453125 0.200772321875 0.5089856453125 0.200772321875 0.657961721875 0.33204464218749996 0.657961721875 0.33204464218749996 0.5089856453125
4 0.9305 0.8441722484374999 0.8301160718749999 0.8441722484374999 0.8301160718749999 0.9145215312499999 0.9305 0.9145215312499999 0.9305 0.8441722484374999
4 0.9227812500000001 0.6496842109375 0.8610044640625001 0.6496842109375 0.8610044640625001 0.8358995218749999 0.9227812500000001 0.8358995218749999 0.9227812500000001 0.6496842109375