4 0.0129642859375 0.0450310078125 0.0016205359375 0.0450310078125 0.0016205359375 0.066139534375 0.0129642859375 0.066139534375 0.0129642859375 0.0450310078125
4 0.021071428125 0.13227131718750001 0.0016205359375 0.13227131718750001 0.0016205359375 0.1491550390625 0.021071428125 0.1491550390625 0.021071428125 0.13227131718750001
4 0.0777946421875 0.13227131718750001 0.0413303578125 0.13227131718750001 0.0413303578125 0.15337984531249998 0.0777946421875 0.15337984531249998 0.0777946421875 0.13227131718750001
4 0.0380892859375 0.1561937984375 0.0016205359375 0.1561937984375 0.0016205359375 0.1801162796875 0.0380892859375 0.1801162796875 0.0380892859375 0.1561937984375
4 0.051866071874999996 0.21529457343749997 0.0016205359375 0.21529457343749997 0.0016205359375 0.23640310000000003 0.051866071874999996 0.23640310000000003 0.051866071874999996 0.21529457343749997
4 0.0810357140625 0.1857441859375 0.0008125000000000001 0.1857441859375 0.0008125000000000001 0.2054418609375 0.0810357140625 0.2054418609375 0.0810357140625 0.1857441859375
4 0.1410044640625 0.32364341093750004 0.0016205359375 0.32364341093750004 0.0016205359375 0.371488371875 0.1410044640625 0.371488371875 0.1410044640625 0.32364341093750004
4 0.05915625 0.41089147343750004 0.0008125000000000001 0.41089147343750004 0.0008125000000000001 0.43058914687499994 0.05915625 0.43058914687499994 0.05915625 0.41089147343750004
6 0.3200982140625 0.37852713125 0.0291741078125 0.37852713125 0.0291741078125 0.8245969000000001 0.3200982140625 0.8245969000000001 0.3200982140625 0.37852713125
7 0.26418303593750003 0.0112558140625 0.0526741078125 0.0112558140625 0.0526741078125 0.204038759375 0.26418303593750003 0.204038759375 0.26418303593750003 0.0112558140625
8 0.074553571875 0.21529457343749997 0.0307946421875 0.21529457343749997 0.0307946421875 0.24765891406249999 0.074553571875 0.24765891406249999 0.074553571875 0.21529457343749997
8 0.1734196421875 0.15479069843749999 0.1288482140625 0.15479069843749999 0.1288482140625 0.21107751874999997 0.1734196421875 0.21107751874999997 0.1734196421875 0.15479069843749999
8 0.2309553578125 0.18855813906250002 0.1604553578125 0.18855813906250002 0.1604553578125 0.292689921875 0.2309553578125 0.292689921875 0.2309553578125 0.18855813906250002
8 0.41734375 0.43058914687499994 0.3987053578125 0.43058914687499994 0.3987053578125 0.460139534375 0.41734375 0.460139534375 0.41734375 0.43058914687499994
8 0.277959821875 0.4151085265625 0.2390580359375 0.4151085265625 0.2390580359375 0.47420930156249996 0.277959821875 0.47420930156249996 0.277959821875 0.4151085265625
7 0.198540178125 0.44747286875 0.029982142187499998 0.44747286875 0.029982142187499998 0.82037209375 0.198540178125 0.82037209375 0.198540178125 0.44747286875
7 0.7755267859375 0.014069767187500002 0.5097232140625 0.014069767187500002 0.5097232140625 0.13227131718750001 0.7755267859375 0.13227131718750001 0.7755267859375 0.014069767187500002
8 0.3905982140625 0.7359457359375 0.3670982140625 0.7359457359375 0.3670982140625 0.8147441859375 0.3905982140625 0.8147441859375 0.3905982140625 0.7359457359375
8 0.3508928578125 0.32364341093750004 0.3354955359375 0.32364341093750004 0.3354955359375 0.341937984375 0.3508928578125 0.341937984375 0.3508928578125 0.32364341093750004