4 0.9941428578125 0.359375 0.90625 0.359375 0.90625 0.5996116078125 0.9941428578125 0.5996116078125 0.9941428578125 0.359375
8 0.9980491078125 0.765625 0.9765625 0.765625 0.9765625 0.83984375 0.9980491078125 0.83984375 0.9980491078125 0.765625
4 0.6953125 0.0839866078125 0.5644553578125 0.0839866078125 0.5644553578125 0.1699241078125 0.6953125 0.1699241078125 0.6953125 0.0839866078125
4 0.390625 0.23828125 0.0175803578125 0.23828125 0.0175803578125 0.47461160781249995 0.390625 0.47461160781249995 0.390625 0.23828125
4 0.0878928578125 0.515625 0.0058616078125 0.515625 0.0058616078125 0.8203125 0.0878928578125 0.8203125 0.0878928578125 0.515625
4 0.2480491078125 0.5449241078125 0.20703125 0.5449241078125 0.20703125 0.5839866078125 0.2480491078125 0.5839866078125 0.2480491078125 0.5449241078125
4 0.27734375 0.49023660781249995 0.24609375 0.49023660781249995 0.24609375 0.5371116078125 0.27734375 0.5371116078125 0.27734375 0.49023660781249995
5 0.59765625 0.4140625 0.15625 0.4140625 0.15625 0.84375 0.59765625 0.84375 0.59765625 0.4140625
7 0.98046875 0.48046875 0.7597678578125 0.48046875 0.7597678578125 0.9765625 0.98046875 0.9765625 0.98046875 0.48046875
4 0.1855491078125 0.75 0.1621116078125 0.75 0.1621116078125 0.7753928578125 0.1855491078125 0.7753928578125 0.1855491078125 0.75
4 0.17578125 0.8417991078125 0.11328125 0.8417991078125 0.11328125 0.88671875 0.17578125 0.88671875 0.17578125 0.8417991078125
8 0.9511741078125 0.7011741078125 0.88671875 0.7011741078125 0.88671875 0.8027366078125 0.9511741078125 0.8027366078125 0.9511741078125 0.7011741078125
8 0.9667991078125 0.40429910781249995 0.94140625 0.40429910781249995 0.94140625 0.4453125 0.9667991078125 0.4453125 0.9667991078125 0.40429910781249995
8 0.17578125 0.3417991078125 0.1621116078125 0.3417991078125 0.1621116078125 0.359375 0.17578125 0.359375 0.17578125 0.3417991078125
4 0.42383035781249995 0 0.42383035781249995 0.025392857812500003 0.45898660781249995 0.025392857812500003 0.45898660781249995 0 0.42383035781249995 0