8 0.1074241078125 0.42578125 0.0019553578125 0.42578125 0.0019553578125 0.7167991078125 0.1074241078125 0.7167991078125 0.1074241078125 0.42578125
8 0.359375 0.23828125 0.2910178578125 0.23828125 0.2910178578125 0.43554910781249995 0.359375 0.43554910781249995 0.359375 0.23828125
8 0.16796875 0.15234375 0.0566428578125 0.15234375 0.0566428578125 0.42773660781249995 0.16796875 0.42773660781249995 0.16796875 0.15234375
8 0.4453125 0.0136741078125 0.3496116078125 0.0136741078125 0.3496116078125 0.125 0.4453125 0.125 0.4453125 0.0136741078125
2 0.625 0.3574241078125 0.2167991078125 0.3574241078125 0.2167991078125 0.7734375 0.625 0.7734375 0.625 0.3574241078125
5 0.8847678578125 0.12109375 0.5078125 0.12109375 0.5078125 0.5078125 0.8847678578125 0.5078125 0.8847678578125 0.12109375
8 0.2832053578125 0.01171875 0.11328125 0.01171875 0.11328125 0.13671875 0.2832053578125 0.13671875 0.2832053578125 0.01171875
4 0.9550803578125 0.45117410781249995 0.48828125 0.45117410781249995 0.48828125 0.9785178578125 0.9550803578125 0.9785178578125 0.9550803578125 0.45117410781249995
2 0.9941428578125 0.00390625 0.0058616078125 0.00390625 0.0058616078125 0.9921875 0.9941428578125 0.9921875 0.9941428578125 0.00390625
4 0.46679910781249995 0.3808616078125 0.390625 0.3808616078125 0.390625 0.7050803578125 0.46679910781249995 0.7050803578125 0.46679910781249995 0.3808616078125
4 0.359375 0.2421875 0.2871116078125 0.2421875 0.2871116078125 0.44336160781249995 0.359375 0.44336160781249995 0.359375 0.2421875
4 0.4296875 0.0136741078125 0.3359375 0.0136741078125 0.3359375 0.1269553578125 0.4296875 0.1269553578125 0.4296875 0.0136741078125
4 0.27734375 0.0058616078125 0.1230491078125 0.0058616078125 0.1230491078125 0.13671875 0.27734375 0.13671875 0.27734375 0.0058616078125
4 0.1660178578125 0.15234375 0.0625 0.15234375 0.0625 0.47461160781249995 0.1660178578125 0.47461160781249995 0.1660178578125 0.15234375
4 0.1191428578125 0.43164285781249995 0.00390625 0.43164285781249995 0.00390625 0.734375 0.1191428578125 0.734375 0.1191428578125 0.43164285781249995
4 0.1464866078125 0.8925803578125 0.0566428578125 0.8925803578125 0.0566428578125 0.9667991078125 0.1464866078125 0.9667991078125 0.1464866078125 0.8925803578125
4 0.1035178578125 0.7734375 0.0566428578125 0.7734375 0.0566428578125 0.8144553578125 0.1035178578125 0.8144553578125 0.1035178578125 0.7734375
4 0.625 0.9394553578125 0.5253928578125 0.9394553578125 0.5253928578125 0.99609375 0.625 0.99609375 0.625 0.9394553578125
4 0.55078125 0.21484375 0.5097678578125 0.21484375 0.5097678578125 0.27734375 0.55078125 0.27734375 0.55078125 0.21484375
4 0.60546875 0.1191428578125 0.55859375 0.1191428578125 0.55859375 0.1894553578125 0.60546875 0.1894553578125 0.60546875 0.1191428578125
4 0.5625 0.0019553578125 0.47461160781249995 0.0019553578125 0.47461160781249995 0.025392857812500003 0.5625 0.025392857812500003 0.5625 0.0019553578125
4 0.38671875 0.0019553578125 0.2578125 0.0019553578125 0.2578125 0.046875 0.38671875 0.046875 0.38671875 0.0019553578125