4 0.5175803578125 0.2324241078125 0.41601785781249995 0.2324241078125 0.41601785781249995 0.3515625 0.5175803578125 0.3515625 0.5175803578125 0.2324241078125
4 0.5839866078125 0.36328125 0.484375 0.36328125 0.484375 0.578125 0.5839866078125 0.578125 0.5839866078125 0.36328125
4 0.8261741078125 0.58203125 0.7792991078125 0.58203125 0.7792991078125 0.6464866078125 0.8261741078125 0.6464866078125 0.8261741078125 0.58203125
4 0.8261741078125 0.08203125 0.7421875 0.08203125 0.7421875 0.21875 0.8261741078125 0.21875 0.8261741078125 0.08203125
4 0.88671875 0.23828125 0.8066428578125 0.23828125 0.8066428578125 0.3691428578125 0.88671875 0.3691428578125 0.88671875 0.23828125
4 0.984375 0.2285178578125 0.91015625 0.2285178578125 0.91015625 0.2988303578125 0.984375 0.2988303578125 0.984375 0.2285178578125
7 0.9941428578125 0.7871116078125 0.7636741078125 0.7871116078125 0.7636741078125 0.98828125 0.9941428578125 0.98828125 0.9941428578125 0.7871116078125
4 0.0859375 0.7578125 0.029299107812500003 0.7578125 0.029299107812500003 0.8144553578125 0.0859375 0.8144553578125 0.0859375 0.7578125
4 0.2597678578125 0.94921875 0.1855491078125 0.94921875 0.1855491078125 0.9902366078125 0.2597678578125 0.9902366078125 0.2597678578125 0.94921875
4 0.3261741078125 0.26953125 0.2636741078125 0.26953125 0.2636741078125 0.3203125 0.3261741078125 0.3203125 0.3261741078125 0.26953125
5 0.57421875 0.2050803578125 0.1621116078125 0.2050803578125 0.1621116078125 0.7578125 0.57421875 0.7578125 0.57421875 0.2050803578125
4 0.9238303578125 0.13671875 0.8730491078125 0.13671875 0.8730491078125 0.2050803578125 0.9238303578125 0.2050803578125 0.9238303578125 0.13671875
4 0.75 0.2871116078125 0.69140625 0.2871116078125 0.69140625 0.31640625 0.75 0.31640625 0.75 0.2871116078125
4 0.5253928578125 0.3339866078125 0.48046875 0.3339866078125 0.48046875 0.40234375 0.5253928578125 0.40234375 0.5253928578125 0.3339866078125
4 0.1640625 0.953125 0.13671875 0.953125 0.13671875 0.9941428578125 0.1640625 0.9941428578125 0.1640625 0.953125
4 0.23828125 0.98046875 0.2050803578125 0.98046875 0.2050803578125 0.99609375 0.23828125 0.99609375 0.23828125 0.98046875