5 0.327852678125 0.009989690625 0.07871875 0.009989690625 0.07871875 0.25270103125 0.327852678125 0.25270103125 0.327852678125 0.009989690625
6 0.4316607140625 0.4464742265625 0.0043258921875 0.4464742265625 0.0043258921875 0.86797938125 0.4316607140625 0.86797938125 0.4316607140625 0.4464742265625
4 0.41868303593749995 0.5623350515625 0.3598616078125 0.5623350515625 0.3598616078125 0.6152731953125 0.41868303593749995 0.6152731953125 0.41868303593749995 0.5623350515625
4 0.4152232140625 0.64124226875 0.37370089218749997 0.64124226875 0.37370089218749997 0.720149484375 0.4152232140625 0.720149484375 0.4152232140625 0.64124226875
4 0.32871875 0.6242628859375 0.246540178125 0.6242628859375 0.246540178125 0.7121597937499999 0.32871875 0.7121597937499999 0.32871875 0.6242628859375
4 0.332178571875 0.7101649484375 0.23962053593750002 0.7101649484375 0.23962053593750002 0.857989690625 0.332178571875 0.857989690625 0.332178571875 0.7101649484375
1 0.7422142859374999 0.0669226796875 0.2993080359375 0.0669226796875 0.2993080359375 0.7121597937499999 0.7422142859374999 0.7121597937499999 0.7422142859374999 0.0669226796875
4 0.367647321875 0.496412371875 0.2517321421875 0.496412371875 0.2517321421875 0.586309278125 0.367647321875 0.586309278125 0.367647321875 0.496412371875
4 0.4567455359375 0.44547422656249996 0.3581294640625 0.44547422656249996 0.3581294640625 0.532371134375 0.4567455359375 0.532371134375 0.4567455359375 0.44547422656249996
4 0.4861607140625 0.5153917531250001 0.455883928125 0.5153917531250001 0.455883928125 0.5473556703125 0.4861607140625 0.5473556703125 0.4861607140625 0.5153917531250001
4 0.2543258921875 0.4914226796875 0.11505357187500001 0.4914226796875 0.11505357187500001 0.7001752578125 0.2543258921875 0.7001752578125 0.2543258921875 0.4914226796875