4 0.9859151781250001 0.018553071875 0.0103794640625 0.018553071875 0.0103794640625 0.9833072625 0.9859151781250001 0.9833072625 0.9859151781250001 0.018553071875
8 0.3365446421875 0.74211731875 0.2023705359375 0.74211731875 0.2023705359375 0.9768156421875 0.3365446421875 0.9768156421875 0.3365446421875 0.74211731875
8 0.180133928125 0.799631284375 0.0570803578125 0.799631284375 0.0570803578125 0.99165363125 0.180133928125 0.99165363125 0.180133928125 0.799631284375
8 0.3602678578125 0.47588268125 0.20682142812499998 0.47588268125 0.20682142812499998 0.6512067046875 0.3602678578125 0.6512067046875 0.3602678578125 0.47588268125
8 0.21052678593750002 0.06957541874999999 0.144553571875 0.06957541874999999 0.144553571875 0.27179888281250003 0.21052678593750002 0.27179888281250003 0.21052678593750002 0.06957541874999999
8 0.1341741078125 0.033396648437499996 0.040772321875 0.033396648437499996 0.040772321875 0.3014860328125 0.1341741078125 0.3014860328125 0.1341741078125 0.033396648437499996
8 0.0600446421875 0.5083519546875 0.0037053578125 0.5083519546875 0.0037053578125 0.744899440625 0.0600446421875 0.744899440625 0.0600446421875 0.5083519546875
4 0.7620446421875 0.5565865921875 0.6041517859375001 0.5565865921875 0.6041517859375001 0.8274636875000001 0.7620446421875 0.8274636875000001 0.7620446421875 0.5565865921875
4 0.3447008921875 0.11781005625 0.225352678125 0.11781005625 0.225352678125 0.4035251390625 0.3447008921875 0.4035251390625 0.3447008921875 0.11781005625
4 0.5277991078125 0.44063128437500004 0.4484821421875 0.44063128437500004 0.4484821421875 0.5528770953125 0.5277991078125 0.5528770953125 0.5277991078125 0.44063128437500004
4 0.4810982140625 0.15862569843750002 0.4284642859375 0.15862569843750002 0.4284642859375 0.22263687187499998 0.4810982140625 0.22263687187499998 0.4810982140625 0.15862569843750002
4 0.181616071875 0.33581005625000004 0.12157142812499999 0.33581005625000004 0.12157142812499999 0.4304301671875 0.181616071875 0.4304301671875 0.181616071875 0.33581005625000004
4 0.1378794640625 0.254173184375 0.1008169640625 0.254173184375 0.1008169640625 0.31168715156250004 0.1378794640625 0.31168715156250004 0.1378794640625 0.254173184375
4 0.13713839218749999 0.613173184375 0.095625 0.613173184375 0.095625 0.6512067046875 0.13713839218749999 0.6512067046875 0.13713839218749999 0.613173184375
4 0.095625 0.6493519546875001 0.0555982140625 0.6493519546875001 0.0555982140625 0.6836759781249999 0.095625 0.6836759781249999 0.095625 0.6493519546875001
4 0.464790178125 0.9499106140625001 0.381022321875 0.9499106140625001 0.381022321875 0.9990782125000001 0.464790178125 0.9990782125000001 0.464790178125 0.9499106140625001
4 0.5055580359375 0.7198547484375 0.3595267859375 0.7198547484375 0.3595267859375 0.8729162015625 0.5055580359375 0.8729162015625 0.5055580359375 0.7198547484375
4 0.451446428125 0.8256089390625 0.34025 0.8256089390625 0.34025 0.92857541875 0.451446428125 0.92857541875 0.451446428125 0.8256089390625