7 0.99609375 0.7753928578125 0.7421875 0.7753928578125 0.7421875 0.9921875 0.99609375 0.9921875 0.99609375 0.7753928578125
3 0.515625 0.546875 0.37109375 0.546875 0.37109375 0.7285178578125 0.515625 0.7285178578125 0.515625 0.546875
3 0.67578125 0.2910178578125 0.5214866078125 0.2910178578125 0.5214866078125 0.44140625 0.67578125 0.44140625 0.67578125 0.2910178578125
3 0.6933616078125 0.0175803578125 0.44726785781249995 0.0175803578125 0.44726785781249995 0.23046875 0.6933616078125 0.23046875 0.6933616078125 0.0175803578125
3 0.40429910781249995 0.0136741078125 0.34765625 0.0136741078125 0.34765625 0.0859375 0.40429910781249995 0.0859375 0.40429910781249995 0.0136741078125
8 0.33984375 0.625 0.1386741078125 0.625 0.1386741078125 0.97265625 0.33984375 0.97265625 0.33984375 0.625
3 0.421875 0.859375 0.22265625 0.859375 0.22265625 0.9902366078125 0.421875 0.9902366078125 0.421875 0.859375
3 0.41796875 0.80078125 0.375 0.80078125 0.375 0.8574241078125 0.41796875 0.8574241078125 0.41796875 0.80078125
8 0.046875 0.5488303578125 0.0058616078125 0.5488303578125 0.0058616078125 0.66015625 0.046875 0.66015625 0.046875 0.5488303578125
8 0.1347678578125 0.1152366078125 0.1035178578125 0.1152366078125 0.1035178578125 0.1972678578125 0.1347678578125 0.1972678578125 0.1347678578125 0.1152366078125
8 0.16796875 0.20703125 0.1386741078125 0.20703125 0.1386741078125 0.2519553578125 0.16796875 0.2519553578125 0.16796875 0.20703125
8 0.0566428578125 0.1875 0.015625 0.1875 0.015625 0.31640625 0.0566428578125 0.31640625 0.0566428578125 0.1875
5 0.2421875 0.015625 0.00390625 0.015625 0.00390625 0.796875 0.2421875 0.796875 0.2421875 0.015625
2 0.9824241078125 0.1738303578125 0.69921875 0.1738303578125 0.69921875 0.8886741078125 0.9824241078125 0.8886741078125 0.9824241078125 0.1738303578125
3 0.7714866078125 0.50390625 0.73046875 0.50390625 0.73046875 0.5546875 0.7714866078125 0.5546875 0.7714866078125 0.50390625
3 0.8046875 0.44726785781249995 0.7675803578125 0.44726785781249995 0.7675803578125 0.49023660781249995 0.8046875 0.49023660781249995 0.8046875 0.44726785781249995
3 0.8457053578125 0.43554910781249995 0.8144553578125 0.43554910781249995 0.8144553578125 0.47851785781249995 0.8457053578125 0.47851785781249995 0.8457053578125 0.43554910781249995
3 0.9921875 0.1699241078125 0.7597678578125 0.1699241078125 0.7597678578125 0.31640625 0.9921875 0.31640625 0.9921875 0.1699241078125
3 0.8925803578125 0.0058616078125 0.6191428578125 0.0058616078125 0.6191428578125 0.07421875 0.8925803578125 0.07421875 0.8925803578125 0.0058616078125
3 0.93359375 0.0644553578125 0.765625 0.0644553578125 0.765625 0.13671875 0.93359375 0.13671875 0.93359375 0.0644553578125
3 0.8613303578125 0.59765625 0.80859375 0.59765625 0.80859375 0.65234375 0.8613303578125 0.65234375 0.8613303578125 0.59765625
3 0.9921875 0.58203125 0.8964866078125 0.58203125 0.8964866078125 0.6425803578125 0.9921875 0.6425803578125 0.9921875 0.58203125
3 0.69140625 0.7890625 0.6542991078125 0.7890625 0.6542991078125 0.8339866078125 0.69140625 0.8339866078125 0.69140625 0.7890625
3 0.7421875 0.8261741078125 0.6972678578125 0.8261741078125 0.6972678578125 0.8730491078125 0.7421875 0.8730491078125 0.7421875 0.8261741078125
3 0.65234375 0.8671875 0.62109375 0.8671875 0.62109375 0.90625 0.65234375 0.90625 0.65234375 0.8671875
3 0.5058616078125 0.22265625 0.46679910781249995 0.22265625 0.46679910781249995 0.2871116078125 0.5058616078125 0.2871116078125 0.5058616078125 0.22265625
3 0.546875 0.3066428578125 0.5078125 0.3066428578125 0.5078125 0.390625 0.546875 0.390625 0.546875 0.3066428578125
3 0.0761741078125 0.8359375 0.0546875 0.8359375 0.0546875 0.8691428578125 0.0761741078125 0.8691428578125 0.0761741078125 0.8359375
3 0.1796875 0.6894553578125 0.1484375 0.6894553578125 0.1484375 0.7421875 0.1796875 0.7421875 0.1796875 0.6894553578125
8 0.0800803578125 0.3300803578125 0.0546875 0.3300803578125 0.0546875 0.5 0.0800803578125 0.5 0.0800803578125 0.3300803578125
8 0.10546875 0.328125 0.0839866078125 0.328125 0.0839866078125 0.3925803578125 0.10546875 0.3925803578125 0.10546875 0.328125
8 0.1113303578125 0.2578125 0.0917991078125 0.2578125 0.0917991078125 0.3183616078125 0.1113303578125 0.3183616078125 0.1113303578125 0.2578125
8 0.63671875 0.3847678578125 0.58984375 0.3847678578125 0.58984375 0.41601785781249995 0.63671875 0.41601785781249995 0.63671875 0.3847678578125
8 0.6621116078125 0.37109375 0.6425803578125 0.37109375 0.6425803578125 0.3925803578125 0.6621116078125 0.3925803578125 0.6621116078125 0.37109375
8 0.43164285781249995 0.59375 0.41211160781249995 0.59375 0.41211160781249995 0.6328125 0.43164285781249995 0.6328125 0.43164285781249995 0.59375
8 0.4765625 0.6386741078125 0.44336160781249995 0.6386741078125 0.44336160781249995 0.66796875 0.4765625 0.66796875 0.4765625 0.6386741078125
8 0.7578125 0.5253928578125 0.7402366078125 0.5253928578125 0.7402366078125 0.546875 0.7578125 0.546875 0.7578125 0.5253928578125
4 0.9765625 0.1777366078125 0.8066428578125 0.1777366078125 0.8066428578125 0.3046875 0.9765625 0.3046875 0.9765625 0.1777366078125