5 0.991102678125 0.2755139671875 0.4610803578125 0.2755139671875 0.4610803578125 0.9851620109375 0.991102678125 0.9851620109375 0.991102678125 0.2755139671875
5 0.39955357187499996 0.0102067046875 0.265383928125 0.0102067046875 0.265383928125 0.2476815640625 0.39955357187499996 0.2476815640625 0.39955357187499996 0.0102067046875
7 0.180133928125 0.00834636875 0.0103794640625 0.00834636875 0.0103794640625 0.7244916203125 0.180133928125 0.7244916203125 0.180133928125 0.00834636875
7 0.3506294640625 0.6985195531249999 0.035580357812500005 0.6985195531249999 0.035580357812500005 0.9795977656250001 0.3506294640625 0.9795977656250001 0.3506294640625 0.6985195531249999
8 0.1393616078125 0.6029720671875001 0.077834821875 0.6029720671875001 0.077834821875 0.732843575 0.1393616078125 0.732843575 0.1393616078125 0.6029720671875001
8 0.18458035781249998 0.66326815625 0.149 0.66326815625 0.149 0.72634636875 0.18458035781249998 0.72634636875 0.18458035781249998 0.66326815625
8 0.089696428125 0.730061453125 0.0555982140625 0.730061453125 0.0555982140625 0.77273184375 0.089696428125 0.77273184375 0.089696428125 0.730061453125
8 0.2008883921875 0.7504692734375 0.099334821875 0.7504692734375 0.099334821875 0.8460167593750001 0.2008883921875 0.8460167593750001 0.2008883921875 0.7504692734375
8 0.16382589218750002 0.8293184359374999 0.1475178578125 0.8293184359374999 0.1475178578125 0.8562178765624999 0.16382589218750002 0.8562178765624999 0.16382589218750002 0.8293184359374999
8 0.1971830359375 0.8766256984374999 0.1704955359375 0.8766256984374999 0.1704955359375 0.9128044687499999 0.1971830359375 0.9128044687499999 0.1971830359375 0.8766256984374999
8 0.12008928593749998 0.8135474859375 0.07116517812499999 0.8135474859375 0.07116517812499999 0.9128044687499999 0.12008928593749998 0.9128044687499999 0.12008928593749998 0.8135474859375
8 0.1475178578125 0.8923966484375001 0.12008928593749998 0.8923966484375001 0.12008928593749998 0.9424916203124999 0.1475178578125 0.9424916203124999 0.1475178578125 0.8923966484375001
8 0.15566964218749998 0.92857541875 0.12305357187499999 0.92857541875 0.12305357187499999 0.9693910609374999 0.15566964218749998 0.9693910609374999 0.15566964218749998 0.92857541875
3 0.2601919640625 0.8293184359374999 0.2409196421875 0.8293184359374999 0.2409196421875 0.859927375 0.2601919640625 0.859927375 0.2601919640625 0.8293184359374999
8 0.801334821875 0.3339553078125 0.7776116078124999 0.3339553078125 0.7776116078124999 0.38218994375 0.801334821875 0.38218994375 0.801334821875 0.3339553078125
8 0.7034821421874999 0.30426815625 0.6819866078125 0.30426815625 0.6819866078125 0.340446928125 0.7034821421874999 0.340446928125 0.7034821421874999 0.30426815625
8 0.43810267812500003 0.035251396875 0.4136383921875 0.035251396875 0.4136383921875 0.08534636875 0.43810267812500003 0.08534636875 0.43810267812500003 0.035251396875
8 0.3365446421875 0.11131843593749999 0.3061517859375 0.11131843593749999 0.3061517859375 0.141927375 0.3365446421875 0.141927375 0.3365446421875 0.11131843593749999
3 0.44477232187500004 0.3033407828125 0.398071428125 0.3033407828125 0.398071428125 0.340446928125 0.44477232187500004 0.340446928125 0.44477232187500004 0.3033407828125
8 0.42327678593750007 0.23933519531249997 0.3869553578125 0.23933519531249997 0.3869553578125 0.316329609375 0.42327678593750007 0.316329609375 0.42327678593750007 0.23933519531249997
8 0.51075 0.3923966484375 0.46775446406250004 0.3923966484375 0.46775446406250004 0.4434134078125 0.51075 0.4434134078125 0.51075 0.3923966484375
8 0.451446428125 0.5018547484375 0.4321741078125 0.5018547484375 0.4321741078125 0.534324021875 0.451446428125 0.534324021875 0.451446428125 0.5018547484375
8 0.7131205359375 0.0677206703125 0.6856919640625 0.0677206703125 0.6856919640625 0.0955474859375 0.7131205359375 0.0955474859375 0.7131205359375 0.0677206703125
5 0.4047455359375 0.4397039109375 0.3669375 0.4397039109375 0.3669375 0.5686480453125 0.4047455359375 0.5686480453125 0.4047455359375 0.4397039109375
5 0.4870267859375 0.6410055859375 0.40103571406249994 0.6410055859375 0.40103571406249994 0.799631284375 0.4870267859375 0.799631284375 0.4870267859375 0.6410055859375
3 0.6174955359375 0.5333966484375 0.5989642859375001 0.5333966484375 0.5989642859375001 0.562156425 0.6174955359375 0.562156425 0.6174955359375 0.5333966484375
3 0.5174196421875 0.4341396640625 0.4877678578125 0.4341396640625 0.4877678578125 0.46753631249999994 0.5174196421875 0.46753631249999994 0.5174196421875 0.4341396640625
3 0.6286116078124999 0.21150279374999997 0.6078571421875 0.21150279374999997 0.6078571421875 0.24118994374999997 0.6286116078124999 0.24118994374999997 0.6286116078124999 0.21150279374999997
3 0.689397321875 0.246754190625 0.670866071875 0.246754190625 0.670866071875 0.27458100625 0.689397321875 0.27458100625 0.689397321875 0.246754190625
3 0.7086741078125 0.034324021875 0.690883928125 0.034324021875 0.690883928125 0.05658659218749999 0.7086741078125 0.05658659218749999 0.7086741078125 0.034324021875