3 0.38620982187499997 0.5380335203125 0.3409955359375 0.5380335203125 0.3409955359375 0.6066815640625001 0.38620982187499997 0.6066815640625001 0.38620982187499997 0.5380335203125
3 0.3409955359375 0.5723575421875 0.2928080359375 0.5723575421875 0.2928080359375 0.6428603359375 0.3409955359375 0.6428603359375 0.3409955359375 0.5723575421875
3 0.38028125 0.620597765625 0.339508928125 0.620597765625 0.339508928125 0.6790391062500001 0.38028125 0.6790391062500001 0.38028125 0.620597765625
3 0.34247767812499996 0.5324692734375 0.32023660781249996 0.5324692734375 0.32023660781249996 0.5640111734375 0.34247767812499996 0.5640111734375 0.34247767812499996 0.5324692734375
3 0.5693125 0.717072625 0.5307633921875 0.717072625 0.5307633921875 0.768094971875 0.5693125 0.768094971875 0.5693125 0.717072625
3 0.37509375 0.871061453125 0.34766517812500003 0.871061453125 0.34766517812500003 0.9109497203125001 0.37509375 0.9109497203125001 0.37509375 0.871061453125
3 0.1786517859375 0.121519553125 0.1438080359375 0.121519553125 0.1438080359375 0.16326815625 0.1786517859375 0.16326815625 0.1786517859375 0.121519553125
3 0.4091919640625 0.8849776531250001 0.38620982187499997 0.8849776531250001 0.38620982187499997 0.9146592171875 0.4091919640625 0.9146592171875 0.4091919640625 0.8849776531250001
3 0.244625 0.6957374296875 0.22683482187499998 0.6957374296875 0.22683482187499998 0.72541899375 0.244625 0.72541899375 0.244625 0.6957374296875
3 0.26241517812500004 0.7634525140624999 0.24017857187499997 0.7634525140624999 0.24017857187499997 0.785715084375 0.26241517812500004 0.785715084375 0.26241517812500004 0.7634525140624999
3 0.38028125 0.6836759781249999 0.36175 0.6836759781249999 0.36175 0.7133631281249999 0.38028125 0.7133631281249999 0.38028125 0.6836759781249999
3 0.5055580359375 0.550094971875 0.4877678578125 0.550094971875 0.4877678578125 0.574212290625 0.5055580359375 0.574212290625 0.5055580359375 0.550094971875
8 0.3143080359375 0.472173184375 0.28836160781250003 0.472173184375 0.28836160781250003 0.5 0.3143080359375 0.5 0.3143080359375 0.472173184375
8 0.32023660781249996 0.5176256984375 0.2816919640625 0.5176256984375 0.2816919640625 0.5603016765625 0.32023660781249996 0.5603016765625 0.32023660781249996 0.5176256984375
8 0.32023660781249996 0.8218938546875 0.2335044640625 0.8218938546875 0.2335044640625 0.9851620109375 0.32023660781249996 0.9851620109375 0.32023660781249996 0.8218938546875
8 0.21275 0.8423016765625 0.18235714218750002 0.8423016765625 0.18235714218750002 0.878480446875 0.21275 0.878480446875 0.21275 0.8423016765625
8 0.2223883921875 0.73377095 0.194959821875 0.73377095 0.194959821875 0.7736592171875001 0.2223883921875 0.7736592171875001 0.2223883921875 0.73377095
8 0.180133928125 0.73377095 0.1645669640625 0.73377095 0.1645669640625 0.753251396875 0.180133928125 0.753251396875 0.180133928125 0.73377095
8 0.3684196421875 0.8747709499999999 0.3558169640625 0.8747709499999999 0.3558169640625 0.9026033515625 0.3684196421875 0.9026033515625 0.3684196421875 0.8747709499999999
8 0.38028125 0.564938546875 0.35878571406250004 0.564938546875 0.35878571406250004 0.5881284921875001 0.38028125 0.5881284921875001 0.38028125 0.564938546875
8 0.3721294640625 0.6345083796875 0.354334821875 0.6345083796875 0.354334821875 0.6549217875 0.3721294640625 0.6549217875 0.3721294640625 0.6345083796875
8 0.3335803578125 0.5788547484375 0.317272321875 0.5788547484375 0.317272321875 0.604826815625 0.3335803578125 0.604826815625 0.3335803578125 0.5788547484375
8 0.32023660781249996 0.6066815640625001 0.309116071875 0.6066815640625001 0.309116071875 0.628944134375 0.32023660781249996 0.628944134375 0.32023660781249996 0.6066815640625001
8 0.064491071875 0.12708938593750002 0.0474419640625 0.12708938593750002 0.0474419640625 0.1660502796875 0.064491071875 0.1660502796875 0.064491071875 0.12708938593750002
8 0.1193482140625 0.16975977656250002 0.0837678578125 0.16975977656250002 0.0837678578125 0.2179944140625 0.1193482140625 0.2179944140625 0.1193482140625 0.16975977656250002
8 0.13862053593749998 0.21985474843750002 0.0874732140625 0.21985474843750002 0.0874732140625 0.2588156421875 0.13862053593749998 0.2588156421875 0.13862053593749998 0.21985474843750002
8 0.117866071875 0.308905028125 0.09340178593750001 0.308905028125 0.09340178593750001 0.33488268125 0.117866071875 0.33488268125 0.117866071875 0.308905028125
3 0.218678571875 0.7356256984375 0.1964419640625 0.7356256984375 0.1964419640625 0.7736592171875001 0.218678571875 0.7736592171875001 0.218678571875 0.7356256984375
3 0.1786517859375 0.730061453125 0.163084821875 0.730061453125 0.163084821875 0.7541787703125 0.1786517859375 0.7541787703125 0.1786517859375 0.730061453125
3 0.2097857140625 0.8423016765625 0.1838392859375 0.8423016765625 0.1838392859375 0.8766256984374999 0.2097857140625 0.8766256984374999 0.2097857140625 0.8423016765625
3 0.3506294640625 0.9471284921875001 0.3239419640625 0.9471284921875001 0.3239419640625 0.9990782125000001 0.3506294640625 0.9990782125000001 0.3506294640625 0.9471284921875001
3 0.2913258921875 0.5881284921875001 0.2750178578125 0.5881284921875001 0.2750178578125 0.61688826875 0.2913258921875 0.61688826875 0.2913258921875 0.5881284921875001
3 0.13565624999999998 0.0936927375 0.10452232187499999 0.0936927375 0.10452232187499999 0.1539888265625 0.13565624999999998 0.1539888265625 0.13565624999999998 0.0936927375
3 0.148258928125 0.1614134078125 0.1245357140625 0.1614134078125 0.1245357140625 0.2003743015625 0.148258928125 0.2003743015625 0.148258928125 0.1614134078125
8 0.058562499999999997 0.25603352031250004 0.035580357812500005 0.25603352031250004 0.035580357812500005 0.308905028125 0.058562499999999997 0.308905028125 0.058562499999999997 0.25603352031250004
3 0.0682008921875 0.300558659375 0.0518883921875 0.300558659375 0.0518883921875 0.32838547500000004 0.0682008921875 0.32838547500000004 0.0682008921875 0.300558659375
3 0.09340178593750001 0.28664245781250003 0.0793169640625 0.28664245781250003 0.0793169640625 0.3107597765625 0.09340178593750001 0.3107597765625 0.09340178593750001 0.28664245781250003
3 0.148258928125 0.28664245781250003 0.13046875 0.28664245781250003 0.13046875 0.32653072656250004 0.148258928125 0.32653072656250004 0.148258928125 0.28664245781250003
3 0.25796874999999997 0.5278324015625 0.232022321875 0.5278324015625 0.232022321875 0.5640111734375 0.25796874999999997 0.5640111734375 0.25796874999999997 0.5278324015625
5 0.3098571421875 0.692022346875 0.27724107187499997 0.692022346875 0.27724107187499997 0.7708770953124999 0.3098571421875 0.7708770953124999 0.3098571421875 0.692022346875
7 0.9532991078125 0.8061284921875 0.7405491078125 0.8061284921875 0.7405491078125 0.9972234640625001 0.9532991078125 0.9972234640625001 0.9532991078125 0.8061284921875
8 0.561897321875 0.730061453125 0.5448482140625 0.730061453125 0.5448482140625 0.7439720671875001 0.561897321875 0.7439720671875001 0.561897321875 0.730061453125