1 0.55078125 0.2753928578125 0.3730491078125 0.2753928578125 0.3730491078125 0.41992410781249995 0.55078125 0.41992410781249995 0.55078125 0.2753928578125
1 0.6425803578125 0.45117410781249995 0.4296875 0.45117410781249995 0.4296875 0.5546875 0.6425803578125 0.5546875 0.6425803578125 0.45117410781249995
1 0.65625 0.5058616078125 0.0917991078125 0.5058616078125 0.0917991078125 0.99609375 0.65625 0.99609375 0.65625 0.5058616078125
8 0.51953125 0.2324241078125 0.47070535781249995 0.2324241078125 0.47070535781249995 0.2675803578125 0.51953125 0.2675803578125 0.51953125 0.2324241078125
8 0.46289285781249995 0.2480491078125 0.43945535781249995 0.2480491078125 0.43945535781249995 0.2949241078125 0.46289285781249995 0.2949241078125 0.46289285781249995 0.2480491078125
8 0.484375 0.2832053578125 0.46289285781249995 0.2832053578125 0.46289285781249995 0.3046875 0.484375 0.3046875 0.484375 0.2832053578125
8 0.5800803578125 0.25 0.54296875 0.25 0.54296875 0.296875 0.5800803578125 0.296875 0.5800803578125 0.25
8 0.59765625 0.3066428578125 0.55859375 0.3066428578125 0.55859375 0.37109375 0.59765625 0.37109375 0.59765625 0.3066428578125
8 0.546875 0.3125 0.5136741078125 0.3125 0.5136741078125 0.3496116078125 0.546875 0.3496116078125 0.546875 0.3125
8 0.3964866078125 0.3886741078125 0.3769553578125 0.3886741078125 0.3769553578125 0.40820535781249995 0.3964866078125 0.40820535781249995 0.3964866078125 0.3886741078125
8 0.64453125 0.4765625 0.625 0.4765625 0.625 0.5 0.64453125 0.5 0.64453125 0.4765625
8 0.5410178578125 0.14453125 0.5234375 0.14453125 0.5234375 0.1640625 0.5410178578125 0.1640625 0.5410178578125 0.14453125
5 0.515625 0.41601785781249995 0.34375 0.41601785781249995 0.34375 0.6347678578125 0.515625 0.6347678578125 0.515625 0.41601785781249995
4 0.1269553578125 0.6484375 0.1074241078125 0.6484375 0.1074241078125 0.6660178578125 0.1269553578125 0.6660178578125 0.1269553578125 0.6484375
4 0.15625 0.6699241078125 0.13671875 0.6699241078125 0.13671875 0.6894553578125 0.15625 0.6894553578125 0.15625 0.6699241078125
4 0.6308616078125 0.6269553578125 0.6074241078125 0.6269553578125 0.6074241078125 0.64453125 0.6308616078125 0.64453125 0.6308616078125 0.6269553578125
4 0.3652366078125 0.42578125 0.3457053578125 0.42578125 0.3457053578125 0.44336160781249995 0.3652366078125 0.44336160781249995 0.3652366078125 0.42578125
3 0.6582053578125 0.37109375 0.6386741078125 0.37109375 0.6386741078125 0.3964866078125 0.6582053578125 0.3964866078125 0.6582053578125 0.37109375
1 0.0839866078125 0.484375 0.00390625 0.484375 0.00390625 0.8984375 0.0839866078125 0.8984375 0.0839866078125 0.484375