4 0.6484375 0.09375 0.6074241078125 0.09375 0.6074241078125 0.1425803578125 0.6484375 0.1425803578125 0.6484375 0.09375
4 0.7285178578125 0.1113303578125 0.6777366078125 0.1113303578125 0.6777366078125 0.15234375 0.7285178578125 0.15234375 0.7285178578125 0.1113303578125
4 0.56640625 0.1113303578125 0.51953125 0.1113303578125 0.51953125 0.1621116078125 0.56640625 0.1621116078125 0.56640625 0.1113303578125
4 0.5214866078125 0.029299107812500003 0.4765625 0.029299107812500003 0.4765625 0.1015625 0.5214866078125 0.1015625 0.5214866078125 0.029299107812500003
4 0.73828125 0.38671875 0.6953125 0.38671875 0.6953125 0.44336160781249995 0.73828125 0.44336160781249995 0.73828125 0.38671875
8 0.80078125 0.25390625 0.75 0.25390625 0.75 0.3222678578125 0.80078125 0.3222678578125 0.80078125 0.25390625
8 0.3066428578125 0.80859375 0.2558616078125 0.80859375 0.2558616078125 0.8984375 0.3066428578125 0.8984375 0.3066428578125 0.80859375
8 0.21484375 0.8222678578125 0.1640625 0.8222678578125 0.1640625 0.8828125 0.21484375 0.8828125 0.21484375 0.8222678578125
8 0.1308616078125 0.7167991078125 0.0996116078125 0.7167991078125 0.0996116078125 0.7675803578125 0.1308616078125 0.7675803578125 0.1308616078125 0.7167991078125
8 0.12890625 0.828125 0.0917991078125 0.828125 0.0917991078125 0.8730491078125 0.12890625 0.8730491078125 0.12890625 0.828125
4 0.2011741078125 0.0449241078125 0.1582053578125 0.0449241078125 0.1582053578125 0.1015625 0.2011741078125 0.1015625 0.2011741078125 0.0449241078125
4 0.12890625 0.03515625 0.06640625 0.03515625 0.06640625 0.1484375 0.12890625 0.1484375 0.12890625 0.03515625
4 0.0546875 0.4296875 0.0019553578125 0.4296875 0.0019553578125 0.5253928578125 0.0546875 0.5253928578125 0.0546875 0.4296875
8 0.05078125 0.7285178578125 0.02734375 0.7285178578125 0.02734375 0.7753928578125 0.05078125 0.7753928578125 0.05078125 0.7285178578125
4 0.79296875 0.2597678578125 0.7558616078125 0.2597678578125 0.7558616078125 0.2832053578125 0.79296875 0.2832053578125 0.79296875 0.2597678578125
7 0.9941428578125 0.8222678578125 0.7597678578125 0.8222678578125 0.7597678578125 0.9921875 0.9941428578125 0.9921875 0.9941428578125 0.8222678578125
2 0.9902366078125 0.01171875 0.00390625 0.01171875 0.00390625 0.9921875 0.9902366078125 0.9921875 0.9902366078125 0.01171875