5 0.66796875 0.10546875 0.01953125 0.10546875 0.01953125 0.83984375 0.66796875 0.83984375 0.66796875 0.10546875
4 0.2441428578125 0.6875 0.01953125 0.6875 0.01953125 0.9707053578125 0.2441428578125 0.9707053578125 0.2441428578125 0.6875
6 0.4921875 0.4453125 0.2011741078125 0.4453125 0.2011741078125 0.984375 0.4921875 0.984375 0.4921875 0.4453125
7 0.49023660781249995 0.7578125 0.40625 0.7578125 0.40625 0.9746116078125 0.49023660781249995 0.9746116078125 0.49023660781249995 0.7578125
4 0.80078125 0.0878928578125 0.75 0.0878928578125 0.75 0.1425803578125 0.80078125 0.1425803578125 0.80078125 0.0878928578125
4 0.859375 0.1816428578125 0.81640625 0.1816428578125 0.81640625 0.2167991078125 0.859375 0.2167991078125 0.859375 0.1816428578125
4 0.8457053578125 0.2363303578125 0.7890625 0.2363303578125 0.7890625 0.40039285781249995 0.8457053578125 0.40039285781249995 0.8457053578125 0.2363303578125
4 0.8964866078125 0.34375 0.8535178578125 0.34375 0.8535178578125 0.375 0.8964866078125 0.375 0.8964866078125 0.34375
4 0.9140625 0.40234375 0.8515625 0.40234375 0.8515625 0.47070535781249995 0.9140625 0.47070535781249995 0.9140625 0.40234375
4 0.9824241078125 0.3535178578125 0.9355491078125 0.3535178578125 0.9355491078125 0.3886741078125 0.9824241078125 0.3886741078125 0.9824241078125 0.3535178578125
4 0.7285178578125 0.0019553578125 0.60546875 0.0019553578125 0.60546875 0.07421875 0.7285178578125 0.07421875 0.7285178578125 0.0019553578125
8 0.23828125 0.703125 0.2246116078125 0.703125 0.2246116078125 0.72265625 0.23828125 0.72265625 0.23828125 0.703125
3 0.3222678578125 0.2558616078125 0.2949241078125 0.2558616078125 0.2949241078125 0.28515625 0.3222678578125 0.28515625 0.3222678578125 0.2558616078125
3 0.5625 0.5253928578125 0.5390625 0.5253928578125 0.5390625 0.55078125 0.5625 0.55078125 0.5625 0.5253928578125
3 0.2636741078125 0.7285178578125 0.2402366078125 0.7285178578125 0.2402366078125 0.7480491078125 0.2636741078125 0.7480491078125 0.2636741078125 0.7285178578125