8 0.505227678125 0.4458762890625 0.485116071875 0.4458762890625 0.485116071875 0.4718865984375 0.505227678125 0.4718865984375 0.505227678125 0.4458762890625
8 0.6009642859375 0.43380412343749997 0.5140803578125 0.43380412343749997 0.5140803578125 0.52111855625 0.6009642859375 0.52111855625 0.6009642859375 0.43380412343749997
8 0.5430401781249999 0.5025412375 0.483508928125 0.5025412375 0.483508928125 0.5815 0.5430401781249999 0.5815 0.5430401781249999 0.5025412375
8 0.5309732140625 0.5777835046875001 0.4263883921875 0.5777835046875001 0.4263883921875 0.6771752578125 0.5309732140625 0.6771752578125 0.5309732140625 0.5777835046875001
8 0.2333080359375 0.6585979375 0.1826205359375 0.6585979375 0.1826205359375 0.7310567015625 0.2333080359375 0.7310567015625 0.2333080359375 0.6585979375
8 0.079647321875 0.80629896875 0.0530982140625 0.80629896875 0.0530982140625 0.8527422687499999 0.079647321875 0.8527422687499999 0.079647321875 0.80629896875
8 0.4609821421875 0.336268040625 0.370071428125 0.336268040625 0.370071428125 0.393860825 0.4609821421875 0.393860825 0.4609821421875 0.336268040625
8 0.36846428593749997 0.11982989687500001 0.31778125 0.11982989687500001 0.31778125 0.16906185625 0.36846428593749997 0.16906185625 0.36846428593749997 0.11982989687500001
6 0.7522142859375001 0.7152628859375 0.590508928125 0.7152628859375 0.590508928125 0.9985824750000001 0.7522142859375001 0.9985824750000001 0.7522142859375001 0.7152628859375
6 0.36444196406249996 0.4904639171875 0.1053883921875 0.4904639171875 0.1053883921875 0.99022165 0.36444196406249996 0.99022165 0.36444196406249996 0.4904639171875
6 0.9847142859375 0.013005154687500001 0.0112633921875 0.013005154687500001 0.0112633921875 0.9827886593749999 0.9847142859375 0.9827886593749999 0.9847142859375 0.013005154687500001
7 0.9090892859374999 0.8676030921875 0.8326607140625001 0.8676030921875 0.8326607140625001 0.974427834375 0.9090892859374999 0.974427834375 0.9090892859374999 0.8676030921875
7 0.7063571421875 0.94006185625 0.590508928125 0.94006185625 0.590508928125 0.9883659796875 0.7063571421875 0.9883659796875 0.7063571421875 0.94006185625
7 0.2123883921875 0.771927834375 0.1053883921875 0.771927834375 0.1053883921875 0.99022165 0.2123883921875 0.99022165 0.2123883921875 0.771927834375
1 0.6146428578124999 0.3576340203125 0.065165178125 0.3576340203125 0.065165178125 0.9642113406249999 0.6146428578124999 0.9642113406249999 0.6146428578124999 0.3576340203125
4 0.4304107140625 0.6688195875 0.3974241078125 0.6688195875 0.3974241078125 0.6938969078125 0.4304107140625 0.6938969078125 0.4304107140625 0.6688195875
4 0.47465624999999995 0.6938969078125 0.4328258921875 0.6938969078125 0.4328258921875 0.7180515468750001 0.47465624999999995 0.7180515468750001 0.47465624999999995 0.6938969078125
4 0.6379732140625001 0.716190721875 0.6009642859375 0.716190721875 0.6009642859375 0.74406185625 0.6379732140625001 0.74406185625 0.6379732140625001 0.716190721875
4 0.6082053578125 0.5917164953125 0.5897008921875 0.5917164953125 0.5897008921875 0.61493814375 0.6082053578125 0.61493814375 0.6082053578125 0.5917164953125
4 0.6017678578125001 0.632587628125 0.5864821421874999 0.632587628125 0.5864821421874999 0.6520979375 0.6017678578125001 0.6520979375 0.6017678578125001 0.632587628125
4 0.6210758921874999 0.48210824687500003 0.6017678578125001 0.48210824687500003 0.6017678578125001 0.5081134015625001 0.6210758921874999 0.5081134015625001 0.6210758921874999 0.48210824687500003
1 0.7087678578125 0.8843247421875 0.6049866078125 0.8843247421875 0.6049866078125 0.9800051546875 0.7087678578125 0.9800051546875 0.7087678578125 0.8843247421875
1 0.62590625 0.41057732031249994 0.343522321875 0.41057732031249994 0.343522321875 0.7199072171875 0.62590625 0.7199072171875 0.62590625 0.41057732031249994
1 0.36524553593750003 0.3892164953125 0.20675892812500002 0.3892164953125 0.20675892812500002 0.505329896875 0.36524553593750003 0.505329896875 0.36524553593750003 0.3892164953125