3 0.9941428578125 0.1953125 0.8417991078125 0.1953125 0.8417991078125 0.4765625 0.9941428578125 0.4765625 0.9941428578125 0.1953125
3 0.35546875 0.73828125 0.1152366078125 0.73828125 0.1152366078125 0.984375 0.35546875 0.984375 0.35546875 0.73828125
3 0.8144553578125 0.78125 0.7558616078125 0.78125 0.7558616078125 0.890625 0.8144553578125 0.890625 0.8144553578125 0.78125
4 0.6796875 0.2441428578125 0.5878928578125 0.2441428578125 0.5878928578125 0.32421875 0.6796875 0.32421875 0.6796875 0.2441428578125
3 0.8339866078125 0.296875 0.6855491078125 0.296875 0.6855491078125 0.41211160781249995 0.8339866078125 0.41211160781249995 0.8339866078125 0.296875
5 0.8808616078125 0.21875 0.25390625 0.21875 0.25390625 0.6191428578125 0.8808616078125 0.6191428578125 0.8808616078125 0.21875
3 0.98828125 0.48633035781249995 0.890625 0.48633035781249995 0.890625 0.58984375 0.98828125 0.58984375 0.98828125 0.48633035781249995
3 0.47070535781249995 0.671875 0.41992410781249995 0.671875 0.41992410781249995 0.7089866078125 0.47070535781249995 0.7089866078125 0.47070535781249995 0.671875
3 0.3730491078125 0.71484375 0.3378928578125 0.71484375 0.3378928578125 0.7324241078125 0.3730491078125 0.7324241078125 0.3730491078125 0.71484375
3 0.2109375 0.3886741078125 0.1738303578125 0.3886741078125 0.1738303578125 0.4296875 0.2109375 0.4296875 0.2109375 0.3886741078125
3 0.10546875 0.1308616078125 0.06640625 0.1308616078125 0.06640625 0.1621116078125 0.10546875 0.1621116078125 0.10546875 0.1308616078125
3 0.18359375 0.1582053578125 0.14453125 0.1582053578125 0.14453125 0.19921875 0.18359375 0.19921875 0.18359375 0.1582053578125
3 0.2441428578125 0.0878928578125 0.1972678578125 0.0878928578125 0.1972678578125 0.12890625 0.2441428578125 0.12890625 0.2441428578125 0.0878928578125
3 0.2246116078125 0.171875 0.1933616078125 0.171875 0.1933616078125 0.2050803578125 0.2246116078125 0.2050803578125 0.2246116078125 0.171875
3 0.7324241078125 0.78125 0.6875 0.78125 0.6875 0.8222678578125 0.7324241078125 0.8222678578125 0.7324241078125 0.78125