8 0.3234330359375 0.727481865625 0.274477678125 0.727481865625 0.274477678125 0.7805803109375 0.3234330359375 0.7805803109375 0.3234330359375 0.727481865625
8 0.4253616078125 0.7619481859375 0.3675758921875 0.7619481859375 0.3675758921875 0.8373989640625 0.4253616078125 0.8373989640625 0.4253616078125 0.7619481859375
8 0.4566607140625 0.613844559375 0.40770535781249995 0.613844559375 0.40770535781249995 0.668803109375 0.4566607140625 0.668803109375 0.4566607140625 0.613844559375
8 0.38202232187499996 0.48995855 0.3410892859375 0.48995855 0.3410892859375 0.5523678750000001 0.38202232187499996 0.5523678750000001 0.38202232187499996 0.48995855
8 0.3234330359375 0.505792746875 0.3009642859375 0.505792746875 0.3009642859375 0.5523678750000001 0.3234330359375 0.5523678750000001 0.3234330359375 0.505792746875
8 0.304977678125 0.8448497406250001 0.2696607140625 0.8448497406250001 0.2696607140625 0.8793160625 0.304977678125 0.8793160625 0.304977678125 0.8448497406250001
6 0.4582678578125 0.5402590671875 0.245584821875 0.5402590671875 0.245584821875 0.987367875 0.4582678578125 0.987367875 0.4582678578125 0.5402590671875
4 0.470303571875 0.2747875640625 0.419741071875 0.2747875640625 0.419741071875 0.3520984453125 0.470303571875 0.3520984453125 0.470303571875 0.2747875640625
5 0.9935803578125 0.5402590671875 0.0088303578125 0.5402590671875 0.0088303578125 0.9892279796875 0.9935803578125 0.9892279796875 0.9935803578125 0.5402590671875
5 0.96228125 0.0167668390625 0.6051383921875 0.0167668390625 0.6051383921875 0.20306217656249997 0.96228125 0.20306217656249997 0.96228125 0.0167668390625
4 0.5810580359374999 0.45735751249999995 0.500803571875 0.45735751249999995 0.500803571875 0.505792746875 0.5810580359374999 0.505792746875 0.5810580359374999 0.45735751249999995
4 0.3884419640625 0.5626113984375001 0.357946428125 0.5626113984375001 0.357946428125 0.5924196890625 0.3884419640625 0.5924196890625 0.3884419640625 0.5626113984375001
4 0.340290178125 0.5784455953125 0.313 0.5784455953125 0.313 0.6101191703125 0.340290178125 0.6101191703125 0.340290178125 0.5784455953125
4 0.3691830359375 0.6110518140625001 0.345102678125 0.6110518140625001 0.345102678125 0.636202071875 0.3691830359375 0.636202071875 0.3691830359375 0.6110518140625001
4 0.36195982187500003 0.297139896875 0.32423660781249997 0.297139896875 0.32423660781249997 0.3520984453125 0.36195982187500003 0.3520984453125 0.36195982187500003 0.297139896875
4 0.4454241078125 0.38376683906250003 0.304977678125 0.38376683906250003 0.304977678125 0.503 0.4454241078125 0.503 0.4454241078125 0.38376683906250003
4 0.340290178125 0.8802487046874999 0.3001607140625 0.8802487046874999 0.3001607140625 0.9398601031249999 0.340290178125 0.9398601031249999 0.340290178125 0.8802487046874999
4 0.3194241078125 0.831808290625 0.29534375 0.831808290625 0.29534375 0.8625492234375001 0.3194241078125 0.8625492234375001 0.3194241078125 0.831808290625
4 0.3531294640625 0.8411243515625 0.32825000000000004 0.8411243515625 0.32825000000000004 0.8690673578125001 0.3531294640625 0.8690673578125001 0.3531294640625 0.8411243515625
4 0.3418928578125 1 0.3418928578125 0.9640777203124999 0.31059375 0.9640777203124999 0.31059375 1 0.3418928578125 1
4 0.7688616078125 0.60732124375 0.7078660718750001 0.60732124375 0.7078660718750001 0.6604196890625 0.7688616078125 0.6604196890625 0.7688616078125 0.60732124375
4 0.6990357140625 0.6306113984375 0.6123616078125 0.6306113984375 0.6123616078125 0.679979275 0.6990357140625 0.679979275 0.6990357140625 0.6306113984375
2 0.9975937500000001 0.0037253890625 0.003209821875 0.0037253890625 0.003209821875 0.5430518140625 0.9975937500000001 0.5430518140625 0.9975937500000001 0.0037253890625