8 0.22683482187499998 0.153061453125 0.1927366078125 0.153061453125 0.1927366078125 0.27365363125000003 0.22683482187499998 0.27365363125000003 0.22683482187499998 0.153061453125
8 0.25796874999999997 0.26994413437500003 0.2335044640625 0.26994413437500003 0.2335044640625 0.3024134078125 0.25796874999999997 0.3024134078125 0.25796874999999997 0.26994413437500003
8 0.2075625 0.29592178750000003 0.1875446421875 0.29592178750000003 0.1875446421875 0.32467597812500004 0.2075625 0.32467597812500004 0.2075625 0.29592178750000003
8 0.2498125 0.3181843578125 0.213491071875 0.3181843578125 0.213491071875 0.3460111734375 0.2498125 0.3460111734375 0.2498125 0.3181843578125
8 0.298741071875 0.176251396875 0.2557455359375 0.176251396875 0.2557455359375 0.245826815625 0.298741071875 0.245826815625 0.298741071875 0.176251396875
8 0.35359375000000004 0.02411731875 0.2194196421875 0.02411731875 0.2194196421875 0.12894413437500002 0.35359375000000004 0.12894413437500002 0.35359375000000004 0.02411731875
8 0.3187544640625 0.26067039062499997 0.2742767859375 0.26067039062499997 0.2742767859375 0.33766480468750004 0.3187544640625 0.33766480468750004 0.3187544640625 0.26067039062499997
8 0.3387678578125 0.3070502796875 0.31653125000000004 0.3070502796875 0.31653125000000004 0.347865921875 0.3387678578125 0.347865921875 0.3387678578125 0.3070502796875
8 0.3469241078125 0.363636871875 0.32171875 0.363636871875 0.32171875 0.4202234640625 0.3469241078125 0.4202234640625 0.3469241078125 0.363636871875
8 0.3454419640625 0.45640223437499994 0.32542410781250003 0.45640223437499994 0.32542410781250003 0.487016759375 0.3454419640625 0.487016759375 0.3454419640625 0.45640223437499994
8 0.36249107187499996 0.49350837968750005 0.3365446421875 0.49350837968750005 0.3365446421875 0.5547318437500001 0.36249107187499996 0.5547318437500001 0.36249107187499996 0.49350837968750005
8 0.392883928125 0.34322905000000004 0.3565625 0.34322905000000004 0.3565625 0.495363128125 0.392883928125 0.495363128125 0.392883928125 0.34322905000000004
8 0.2157142859375 0.4591843578125 0.19051339218750002 0.4591843578125 0.19051339218750002 0.49721787656250005 0.2157142859375 0.49721787656250005 0.2157142859375 0.4591843578125
8 0.2053392859375 0.53896089375 0.13862053593749998 0.53896089375 0.13862053593749998 0.6623407828125 0.2053392859375 0.6623407828125 0.2053392859375 0.53896089375
8 0.1119330359375 0.718927375 0.089696428125 0.718927375 0.089696428125 0.7513966484375 0.1119330359375 0.7513966484375 0.1119330359375 0.718927375
8 0.081540178125 0.7513966484375 0.05337499999999999 0.7513966484375 0.05337499999999999 0.7801508375 0.081540178125 0.7801508375 0.081540178125 0.7513966484375
8 0.077834821875 0.7977765359375 0.057821428125 0.7977765359375 0.057821428125 0.8348826812500001 0.077834821875 0.8348826812500001 0.077834821875 0.7977765359375
8 0.0296517859375 0.730061453125 0.0103794640625 0.730061453125 0.0103794640625 0.7736592171875001 0.0296517859375 0.7736592171875001 0.0296517859375 0.730061453125
8 0.15566964218749998 0.7198547484375 0.1319508921875 0.7198547484375 0.1319508921875 0.75788826875 0.15566964218749998 0.75788826875 0.15566964218749998 0.7198547484375
8 0.1564107140625 0.7820055859374999 0.1149017859375 0.7820055859374999 0.1149017859375 0.8348826812500001 0.1564107140625 0.8348826812500001 0.1564107140625 0.7820055859374999
8 0.203852678125 0.7430446921875 0.1519642859375 0.7430446921875 0.1519642859375 0.838592178125 0.203852678125 0.838592178125 0.203852678125 0.7430446921875
8 0.2327633921875 0.8562178765624999 0.1423258921875 0.8562178765624999 0.1423258921875 0.9749553078125001 0.2327633921875 0.9749553078125001 0.2327633921875 0.8562178765624999
8 0.2794642859375 0.910022346875 0.23499107187499998 0.910022346875 0.23499107187499998 0.940636871875 0.2794642859375 0.940636871875 0.2794642859375 0.910022346875
8 0.2794642859375 0.9341396640624999 0.21793749999999998 0.9341396640624999 0.21793749999999998 0.995363128125 0.2794642859375 0.995363128125 0.2794642859375 0.9341396640624999
8 0.39066071406249997 0.9304301671875 0.33728571406249996 0.9304301671875 0.33728571406249996 0.9888715078124999 0.39066071406249997 0.9888715078124999 0.39066071406249997 0.9304301671875
8 0.44699999999999995 0.893324021875 0.37879910781250004 0.893324021875 0.37879910781250004 0.9879441343750001 0.44699999999999995 0.9879441343750001 0.44699999999999995 0.893324021875
8 0.3387678578125 0.691094971875 0.3098571421875 0.691094971875 0.3098571421875 0.7282011171875 0.3387678578125 0.7282011171875 0.3387678578125 0.691094971875
8 0.303928571875 0.78850279375 0.2794642859375 0.78850279375 0.2794642859375 0.8534357546875 0.303928571875 0.8534357546875 0.303928571875 0.78850279375
8 0.36249107187499996 0.769022346875 0.32171875 0.769022346875 0.32171875 0.8645698328125 0.36249107187499996 0.8645698328125 0.36249107187499996 0.769022346875
8 0.352852678125 0.628016759375 0.3239419640625 0.628016759375 0.3239419640625 0.666977653125 0.352852678125 0.666977653125 0.352852678125 0.628016759375
8 0.613790178125 0.29777653593750003 0.5455892859375 0.29777653593750003 0.5455892859375 0.4462011171875 0.613790178125 0.4462011171875 0.613790178125 0.29777653593750003
8 0.727946428125 0.3367374296875 0.70496875 0.3367374296875 0.70496875 0.36734636875 0.727946428125 0.36734636875 0.727946428125 0.3367374296875
8 0.7857678578125 0.3460111734375 0.6805044640625 0.3460111734375 0.6805044640625 0.4888715078125 0.7857678578125 0.4888715078125 0.7857678578125 0.3460111734375
8 0.6797633921874999 0.589055865625 0.6597500000000001 0.589055865625 0.6597500000000001 0.6261620109375 0.6797633921874999 0.6261620109375 0.6797633921874999 0.589055865625
8 0.548553571875 0.628016759375 0.5263169640625 0.628016759375 0.5263169640625 0.6753296093750001 0.548553571875 0.6753296093750001 0.548553571875 0.628016759375
8 0.5848794640625 0.6178156421875001 0.560415178125 0.6178156421875001 0.560415178125 0.6716145250000001 0.5848794640625 0.6716145250000001 0.5848794640625 0.6178156421875001
8 0.7694598218750001 0.26994413437500003 0.754633928125 0.26994413437500003 0.754633928125 0.29592178750000003 0.7694598218750001 0.29592178750000003 0.7694598218750001 0.26994413437500003
8 0.8169017859375 0.3070502796875 0.7916964281250001 0.3070502796875 0.7916964281250001 0.359 0.8169017859375 0.359 0.8169017859375 0.3070502796875
8 0.8858392859374999 0.33488268125 0.836915178125 0.33488268125 0.836915178125 0.4434134078125 0.8858392859374999 0.4434134078125 0.8858392859374999 0.33488268125
8 0.9399553578125 0.44526815624999994 0.895477678125 0.44526815624999994 0.895477678125 0.5417486031250001 0.9399553578125 0.5417486031250001 0.9399553578125 0.44526815624999994
8 0.9933303578125001 0.35250837968750004 0.972571428125 0.35250837968750004 0.972571428125 0.4155865921875 0.9933303578125001 0.4155865921875 0.9933303578125001 0.35250837968750004
8 0.9933303578125001 0.12708938593750002 0.910303571875 0.12708938593750002 0.910303571875 0.25696089375 0.9933303578125001 0.25696089375 0.9933303578125001 0.12708938593750002
8 0.868790178125 0.0760670390625 0.851741071875 0.0760670390625 0.851741071875 0.104826815625 0.868790178125 0.104826815625 0.868790178125 0.0760670390625
3 0.6982946421875 0.000927375 0.5589330359375 0.000927375 0.5589330359375 0.10111173124999999 0.6982946421875 0.10111173124999999 0.6982946421875 0.000927375
5 0.5707946421875 0.152134078125 0.533727678125 0.152134078125 0.533727678125 0.22449162031249997 0.5707946421875 0.22449162031249997 0.5707946421875 0.152134078125
1 0.701258928125 0.016698323437500003 0.5359508921875 0.016698323437500003 0.5359508921875 0.1354357546875 0.701258928125 0.1354357546875 0.701258928125 0.016698323437500003
1 0.8087455359375 0.2439720671875 0.647147321875 0.2439720671875 0.647147321875 0.48608938593750006 0.8087455359375 0.48608938593750006 0.8087455359375 0.2439720671875
1 0.6530758921875 0.3061229046875 0.5329866078125 0.3061229046875 0.5329866078125 0.5018547484375 0.6530758921875 0.5018547484375 0.6530758921875 0.3061229046875
8 0.8139375 0.604826815625 0.7753883921875 0.604826815625 0.7753883921875 0.6428603359375 0.8139375 0.6428603359375 0.8139375 0.604826815625
8 0.8028169640625 0.6873854749999999 0.7835446421875 0.6873854749999999 0.7835446421875 0.721709496875 0.8028169640625 0.721709496875 0.8028169640625 0.6873854749999999
8 0.22683482187499998 0.4619664796875 0.180133928125 0.4619664796875 0.180133928125 0.5102067046875 0.22683482187499998 0.5102067046875 0.22683482187499998 0.4619664796875
3 0 0.23005586562499997 0.0244642859375 0.23005586562499997 0.0244642859375 0.1901675984375 0 0.1901675984375 0 0.23005586562499997
3 0.5181607140625 0.6382234640625 0.49666517812500005 0.6382234640625 0.49666517812500005 0.6716145250000001 0.5181607140625 0.6716145250000001 0.5181607140625 0.6382234640625
3 0.225352678125 0.159553071875 0.19940625 0.159553071875 0.19940625 0.187385475 0.225352678125 0.187385475 0.225352678125 0.159553071875
3 0.2965178578125 0.1233798875 0.2698303578125 0.1233798875 0.2698303578125 0.153061453125 0.2965178578125 0.153061453125 0.2965178578125 0.1233798875
3 0.8724999999999999 0.0714301671875 0.8487767859375 0.0714301671875 0.8487767859375 0.104826815625 0.8724999999999999 0.104826815625 0.8724999999999999 0.0714301671875
3 0.9962946421875 0.34322905000000004 0.9696071421875001 0.34322905000000004 0.9696071421875001 0.41836871562500005 0.9962946421875 0.41836871562500005 0.9962946421875 0.34322905000000004
3 0.9785044640624999 0.4239329609375 0.960709821875 0.4239329609375 0.960709821875 0.4545474859375 0.9785044640624999 0.4545474859375 0.9785044640624999 0.4239329609375
3 0.942178571875 0.44155865937499994 0.8977008921875 0.44155865937499994 0.8977008921875 0.546385475 0.942178571875 0.546385475 0.942178571875 0.44155865937499994
3 0.8213482140625 0.5955474859375001 0.7746473218750001 0.5955474859375001 0.7746473218750001 0.64842458125 0.8213482140625 0.64842458125 0.8213482140625 0.5955474859375001
8 0.025205357812500002 0.7940670390625 0.0029642859375 0.7940670390625 0.0029642859375 0.8265363125 0.025205357812500002 0.8265363125 0.025205357812500002 0.7940670390625
8 0.637508928125 0.18274860312500002 0.6182366078125 0.18274860312500002 0.6182366078125 0.199446928125 0.637508928125 0.199446928125 0.637508928125 0.18274860312500002
8 0.0148258921875 0.2003743015625 0.0037053578125 0.2003743015625 0.0037053578125 0.21985474843750002 0.0148258921875 0.21985474843750002 0.0148258921875 0.2003743015625
8 0.510008928125 0.64749720625 0.5011116078125 0.64749720625 0.5011116078125 0.6697597765625 0.510008928125 0.6697597765625 0.510008928125 0.64749720625
8 0.43365625 0.64842458125 0.4188303578125 0.64842458125 0.4188303578125 0.6641955312500001 0.43365625 0.6641955312500001 0.43365625 0.64842458125
8 0.419571428125 0.20315642500000003 0.4091919640625 0.20315642500000003 0.4091919640625 0.2291284921875 0.419571428125 0.2291284921875 0.419571428125 0.20315642500000003
8 0.3817633921875 0.000927375 0.36175 0.000927375 0.36175 0.02318994375 0.3817633921875 0.02318994375 0.3817633921875 0.000927375
8 0.29503124999999997 0.0018547484375 0.26241517812500004 0.0018547484375 0.26241517812500004 0.0139162015625 0.29503124999999997 0.0139162015625 0.29503124999999997 0.0018547484375
8 0.4091919640625 0.014843575000000001 0.2787232140625 0.014843575000000001 0.2787232140625 0.1743966484375 0.4091919640625 0.1743966484375 0.4091919640625 0.014843575000000001
8 0.42994642812499995 0.1725419 0.4106741078125 0.1725419 0.4106741078125 0.192022346875 0.42994642812499995 0.192022346875 0.42994642812499995 0.1725419
3 0.484803571875 0.7133631281249999 0.447741071875 0.7133631281249999 0.447741071875 0.777368715625 0.484803571875 0.777368715625 0.484803571875 0.7133631281249999
3 0.5144553578125 0.72727374375 0.489991071875 0.72727374375 0.489991071875 0.7699497203125001 0.5144553578125 0.7699497203125001 0.5144553578125 0.72727374375