4 0 0.9888715078124999 0.0437366078125 0.9888715078124999 0.0437366078125 0.9072402234375 0 0.9072402234375 0 0.9888715078124999
3 0.4203125 0.14564245781250001 0.37954017812499996 0.14564245781250001 0.37954017812499996 0.21150279374999997 0.4203125 0.21150279374999997 0.4203125 0.14564245781250001
8 0.7753883921875 0.6688324015625 0.7575982140625 0.6688324015625 0.7575982140625 0.6855307265625 0.7753883921875 0.6855307265625 0.7753883921875 0.6688324015625
8 0.7531517859375 0.6651229046875 0.733875 0.6651229046875 0.733875 0.6855307265625 0.7531517859375 0.6855307265625 0.7531517859375 0.6651229046875
8 0.76871875 0.6391508375 0.7494419640625 0.6391508375 0.7494419640625 0.6614134078125 0.76871875 0.6614134078125 0.76871875 0.6391508375
8 0.7235 0.6410055859375 0.70496875 0.6410055859375 0.70496875 0.6651229046875 0.7235 0.6651229046875 0.7235 0.6410055859375
8 0.756116071875 0.5909106140625 0.714602678125 0.5909106140625 0.714602678125 0.6372960890625 0.756116071875 0.6372960890625 0.756116071875 0.5909106140625
8 0.6664196421875 0.5278324015625 0.647147321875 0.5278324015625 0.647147321875 0.546385475 0.6664196421875 0.546385475 0.6664196421875 0.5278324015625
8 0.6856919640625 0.5241229046875 0.669383928125 0.5241229046875 0.669383928125 0.5445307265625 0.6856919640625 0.5445307265625 0.6856919640625 0.5241229046875
8 0.6856919640625 0.5445307265625 0.664196428125 0.5445307265625 0.664196428125 0.564938546875 0.6856919640625 0.564938546875 0.6856919640625 0.5445307265625
8 0.637508928125 0.5176256984375 0.5967366078125 0.5176256984375 0.5967366078125 0.5519497203125 0.637508928125 0.5519497203125 0.637508928125 0.5176256984375
8 0.6449241078125 0.60111731875 0.6293571421874999 0.60111731875 0.6293571421874999 0.6307988828125 0.6449241078125 0.6307988828125 0.6449241078125 0.60111731875
8 0.4633080359375 0.5306145250000001 0.44699999999999995 0.5306145250000001 0.44699999999999995 0.550094971875 0.4633080359375 0.550094971875 0.4633080359375 0.5306145250000001
8 0.6419553578125 0.32931284843749997 0.6212008921875001 0.32931284843749997 0.6212008921875001 0.36734636875 0.6419553578125 0.36734636875 0.6419553578125 0.32931284843749997
8 0.6419553578125 0.3812625703125 0.61971875 0.3812625703125 0.61971875 0.4155865921875 0.6419553578125 0.4155865921875 0.6419553578125 0.3812625703125
8 0.6034107140625 0.246754190625 0.5885848218749999 0.246754190625 0.5885848218749999 0.2680893859375 0.6034107140625 0.2680893859375 0.6034107140625 0.246754190625
8 0.6449241078125 0.8951787703124999 0.6293571421874999 0.8951787703124999 0.6293571421874999 0.9146592171875 0.6449241078125 0.9146592171875 0.6449241078125 0.8951787703124999
8 0.52928125 0.0751396640625 0.5129732140625001 0.0751396640625 0.5129732140625001 0.097402234375 0.52928125 0.097402234375 0.52928125 0.0751396640625
7 0.1704955359375 0.044525139062500003 0.0022232140625000002 0.044525139062500003 0.0022232140625000002 0.6957374296875 0.1704955359375 0.6957374296875 0.1704955359375 0.044525139062500003
1 0.6953303578125001 0.6734748609375 0.5248348218750001 0.6734748609375 0.5248348218750001 0.9693910609374999 0.6953303578125001 0.9693910609374999 0.6953303578125001 0.6734748609375
8 0.394366071875 0.16790502812500002 0.3832455359375 0.16790502812500002 0.3832455359375 0.192022346875 0.394366071875 0.192022346875 0.394366071875 0.16790502812500002
8 0.4151205359375 0.1781061453125 0.4040044640625 0.1781061453125 0.4040044640625 0.19573184375 0.4151205359375 0.19573184375 0.4151205359375 0.1781061453125
1 0.5937723218750001 0.652134078125 0.556709821875 0.652134078125 0.556709821875 0.706865921875 0.5937723218750001 0.706865921875 0.5937723218750001 0.652134078125
1 0.891772321875 0.7504692734375 0.7524107140625 0.7504692734375 0.7524107140625 0.9434189937499999 0.891772321875 0.9434189937499999 0.891772321875 0.7504692734375
1 0.6634553578125 0.0482402234375 0.492959821875 0.0482402234375 0.492959821875 0.49072625625 0.6634553578125 0.49072625625 0.6634553578125 0.0482402234375
8 0.12008928593749998 0.3311675984375 0.10007589218749999 0.3311675984375 0.10007589218749999 0.35250837968750004 0.12008928593749998 0.35250837968750004 0.12008928593749998 0.3311675984375
8 0.6530758921875 0.47681005625 0.6338035718749999 0.47681005625 0.6338035718749999 0.514843575 0.6530758921875 0.514843575 0.6530758921875 0.47681005625
8 0.6397321421875 0.45176536250000005 0.6315803578125 0.45176536250000005 0.6315803578125 0.4666089390625 0.6397321421875 0.4666089390625 0.6397321421875 0.45176536250000005
8 0.5478125 0.3033407828125 0.535209821875 0.3033407828125 0.535209821875 0.32467597812500004 0.5478125 0.32467597812500004 0.5478125 0.3033407828125
8 0.6478883921875 0.205938546875 0.637508928125 0.205938546875 0.637508928125 0.21892737499999998 0.6478883921875 0.21892737499999998 0.6478883921875 0.205938546875