3 0.9351205359374999 0.3266134015625 0.7240491078125 0.3266134015625 0.7240491078125 0.570329896875 0.9351205359374999 0.570329896875 0.9351205359374999 0.3266134015625
4 0.1410044640625 0.517391753125 0.10726785781249999 0.517391753125 0.10726785781249999 0.6002938140625 0.1410044640625 0.6002938140625 0.1410044640625 0.517391753125
4 0.1634955359375 0.8370154640624999 0.0856383921875 0.8370154640624999 0.0856383921875 0.8859536078125 0.1634955359375 0.8859536078125 0.1634955359375 0.8370154640624999
4 0.5449821421875 0.8859536078125 0.4455 0.8859536078125 0.4455 0.9748505156249999 0.5449821421875 0.9748505156249999 0.5449821421875 0.8859536078125
4 0.455883928125 0.8130412375 0.363321428125 0.8130412375 0.363321428125 0.8819587625 0.455883928125 0.8819587625 0.455883928125 0.8130412375
4 0.048441964062499995 0.7441237109375 0.025084821875000003 0.7441237109375 0.025084821875000003 0.775087628125 0.048441964062499995 0.775087628125 0.048441964062499995 0.7441237109375
3 0.117647321875 0.2027628859375 0.0622857140625 0.2027628859375 0.0622857140625 0.25769587656250004 0.117647321875 0.25769587656250004 0.117647321875 0.2027628859375
5 0.658303571875 0.4274948453125 0.025084821875000003 0.4274948453125 0.025084821875000003 0.9728556703125 0.658303571875 0.9728556703125 0.658303571875 0.4274948453125
4 0.734428571875 0.6262628859375 0.6271607140625 0.6262628859375 0.6271607140625 0.8839587625 0.734428571875 0.8839587625 0.734428571875 0.6262628859375
4 0.8070937499999999 0.0319639171875 0.710209821875 0.0319639171875 0.710209821875 0.1388350515625 0.8070937499999999 0.1388350515625 0.8070937499999999 0.0319639171875
3 0.0743928578125 0.5383659796875 0.036330357812500005 0.5383659796875 0.036330357812500005 0.5813144328125001 0.0743928578125 0.5813144328125001 0.0743928578125 0.5383659796875
7 0.3053616078125 0.002 0.060553571875000003 0.002 0.060553571875000003 0.1727938140625 0.3053616078125 0.1727938140625 0.3053616078125 0.002
4 0.8304508921875 0.8719742265624999 0.710209821875 0.8719742265624999 0.710209821875 0.9878350515625 0.8304508921875 0.9878350515625 0.8304508921875 0.8719742265624999
4 0.717991071875 0.5443608249999999 0.6003482140624999 0.5443608249999999 0.6003482140624999 0.670211340625 0.717991071875 0.670211340625 0.717991071875 0.5443608249999999
4 0.9342544640625 0.32761340156249996 0.7231830359375 0.32761340156249996 0.7231830359375 0.5713247421875 0.9342544640625 0.5713247421875 0.9342544640625 0.32761340156249996
4 0.7993080359375 0.5653350515625 0.7162633921875 0.5653350515625 0.7162633921875 0.6322525765625 0.7993080359375 0.6322525765625 0.7993080359375 0.5653350515625
3 0.7949821421875 0.9358969078125 0.7750848218749999 0.9358969078125 0.7750848218749999 0.959871134375 0.7949821421875 0.959871134375 0.7949821421875 0.9358969078125