8 0.9238303578125 0.2128928578125 0.87109375 0.2128928578125 0.87109375 0.26953125 0.9238303578125 0.26953125 0.9238303578125 0.2128928578125
8 0.98046875 0.41211160781249995 0.9394553578125 0.41211160781249995 0.9394553578125 0.48828125 0.98046875 0.48828125 0.98046875 0.41211160781249995
4 0.3339866078125 0.8828125 0.1484375 0.8828125 0.1484375 0.9921875 0.3339866078125 0.9921875 0.3339866078125 0.8828125
4 0.2128928578125 0.6191428578125 0.125 0.6191428578125 0.125 0.69140625 0.2128928578125 0.69140625 0.2128928578125 0.6191428578125
5 0.70703125 0.1386741078125 0.1621116078125 0.1386741078125 0.1621116078125 0.78515625 0.70703125 0.78515625 0.70703125 0.1386741078125
4 0.8046875 0.04296875 0.7558616078125 0.04296875 0.7558616078125 0.0917991078125 0.8046875 0.0917991078125 0.8046875 0.04296875
4 0.7871116078125 0.2109375 0.73828125 0.2109375 0.73828125 0.2636741078125 0.7871116078125 0.2636741078125 0.7871116078125 0.2109375
4 0.8378928578125 0.19140625 0.79296875 0.19140625 0.79296875 0.2324241078125 0.8378928578125 0.2324241078125 0.8378928578125 0.19140625
4 0.890625 0.5722678578125 0.859375 0.5722678578125 0.859375 0.61328125 0.890625 0.61328125 0.890625 0.5722678578125
4 0.5371116078125 0.6328125 0.484375 0.6328125 0.484375 0.71484375 0.5371116078125 0.71484375 0.5371116078125 0.6328125
7 0.9355491078125 0.8808616078125 0.71875 0.8808616078125 0.71875 0.9921875 0.9355491078125 0.9921875 0.9355491078125 0.8808616078125