7 0 0.9609375 0.2792991078125 0.9609375 0.2792991078125 0.00390625 0 0.00390625 0 0.9609375
7 0.7167991078125 0.84765625 0.0957053578125 0.84765625 0.0957053578125 0.99609375 0.7167991078125 0.99609375 0.7167991078125 0.84765625
4 0.9824241078125 0.0703125 0.9082053578125 0.0703125 0.9082053578125 0.1660178578125 0.9824241078125 0.1660178578125 0.9824241078125 0.0703125
4 0.9980491078125 0.16796875 0.9550803578125 0.16796875 0.9550803578125 0.296875 0.9980491078125 0.296875 0.9980491078125 0.16796875
4 0.79296875 0 0.79296875 0.0566428578125 0.84375 0.0566428578125 0.84375 0 0.79296875 0
4 0.8828125 0.0566428578125 0.8515625 0.0566428578125 0.8515625 0.1035178578125 0.8828125 0.1035178578125 0.8828125 0.0566428578125
4 0.5703125 0.328125 0.53125 0.328125 0.53125 0.3691428578125 0.5703125 0.3691428578125 0.5703125 0.328125
4 0.59765625 0.37109375 0.55859375 0.37109375 0.55859375 0.41601785781249995 0.59765625 0.41601785781249995 0.59765625 0.37109375
4 0.7714866078125 0.17578125 0.7011741078125 0.17578125 0.7011741078125 0.2167991078125 0.7714866078125 0.2167991078125 0.7714866078125 0.17578125
2 0.9433616078125 0.0097678578125 0.2402366078125 0.0097678578125 0.2402366078125 0.8457053578125 0.9433616078125 0.8457053578125 0.9433616078125 0.0097678578125
4 0.6308616078125 0.1269553578125 0.5839866078125 0.1269553578125 0.5839866078125 0.1933616078125 0.6308616078125 0.1933616078125 0.6308616078125 0.1269553578125
4 0.6464866078125 0.0761741078125 0.5703125 0.0761741078125 0.5703125 0.2109375 0.6464866078125 0.2109375 0.6464866078125 0.0761741078125