8 0.1608616078125 0.0324692734375 0.10304017812499999 0.0324692734375 0.10304017812499999 0.0788491625 0.1608616078125 0.0788491625 0.1608616078125 0.0324692734375
8 0.5633794640625001 0.3914692734375 0.47590625 0.3914692734375 0.47590625 0.46382122968750006 0.5633794640625001 0.46382122968750006 0.5633794640625001 0.3914692734375
8 0.6545580359375001 0.1354357546875 0.6271294640625 0.1354357546875 0.6271294640625 0.1660502796875 0.6545580359375001 0.1660502796875 0.6545580359375001 0.1354357546875
8 0.1593794640625 0.34322905000000004 0.1052633921875 0.34322905000000004 0.1052633921875 0.386826815625 0.1593794640625 0.386826815625 0.1593794640625 0.34322905000000004
8 0.29429017812499997 0.5807094968750001 0.2609330359375 0.5807094968750001 0.2609330359375 0.6224525140625 0.29429017812499997 0.6224525140625 0.29429017812499997 0.5807094968750001
8 0.26760714218750004 0.604826815625 0.24017857187499997 0.604826815625 0.24017857187499997 0.6372960890625 0.26760714218750004 0.6372960890625 0.26760714218750004 0.604826815625
8 0.0600446421875 0.4499106140625 0.01853125 0.4499106140625 0.01853125 0.5064972062499999 0.0600446421875 0.5064972062499999 0.0600446421875 0.4499106140625
8 0.387696428125 0.17996089375 0.3350625 0.17996089375 0.3350625 0.21243016718750002 0.387696428125 0.21243016718750002 0.387696428125 0.17996089375
8 0.26241517812500004 0.22634636874999997 0.2335044640625 0.22634636874999997 0.2335044640625 0.25788826875000004 0.26241517812500004 0.25788826875000004 0.26241517812500004 0.22634636874999997
8 0.2194196421875 0.3330279328125 0.1882857140625 0.3330279328125 0.1882857140625 0.3534357546875 0.2194196421875 0.3534357546875 0.2194196421875 0.3330279328125
8 0.34247767812499996 0.21428491562500002 0.266125 0.21428491562500002 0.266125 0.2801508375 0.34247767812499996 0.2801508375 0.34247767812499996 0.21428491562500002
2 0.9940714281249999 0.0064916203125 0.005187499999999999 0.0064916203125 0.005187499999999999 0.9833072625 0.9940714281249999 0.9833072625 0.9940714281249999 0.0064916203125
3 0.606375 0.7513966484375 0.5730178578125 0.7513966484375 0.5730178578125 0.807983240625 0.606375 0.807983240625 0.606375 0.7513966484375
3 0.42327678593750007 0.4359944140625 0.352852678125 0.4359944140625 0.352852678125 0.5064972062499999 0.42327678593750007 0.5064972062499999 0.42327678593750007 0.4359944140625
3 0.3684196421875 0.5018547484375 0.312084821875 0.5018547484375 0.312084821875 0.63265363125 0.3684196421875 0.63265363125 0.3684196421875 0.5018547484375
3 0.064491071875 0.44805586562500005 0.017790178125 0.44805586562500005 0.017790178125 0.5083519546875 0.064491071875 0.5083519546875 0.064491071875 0.44805586562500005
8 0.37138839218749997 0.5176256984375 0.3187544640625 0.5176256984375 0.3187544640625 0.620597765625 0.37138839218749997 0.620597765625 0.37138839218749997 0.5176256984375
8 0.3988125 0.4397039109375 0.357303571875 0.4397039109375 0.357303571875 0.49443575468749995 0.3988125 0.49443575468749995 0.3988125 0.4397039109375
8 0.6226830359375 0.1345083796875 0.59821875 0.1345083796875 0.59821875 0.159553071875 0.6226830359375 0.159553071875 0.6226830359375 0.1345083796875