7 0.2632678578125 0.7964166671874999 0.0750178578125 0.7964166671874999 0.0750178578125 0.9568273812499999 0.2632678578125 0.9568273812499999 0.2632678578125 0.7964166671874999
7 0.22859375 0.6746845234375 0.1620669640625 0.6746845234375 0.1620669640625 0.7558392859375 0.22859375 0.7558392859375 0.22859375 0.6746845234375
4 0.9731071421875 0.00754761875 0.9483348218750001 0.00754761875 0.9483348218750001 0.0283095234375 0.9731071421875 0.0283095234375 0.9731071421875 0.00754761875
4 0.008491071875 0.0349166671875 0.001415178125 0.0349166671875 0.001415178125 0.056619046875 0.008491071875 0.056619046875 0.008491071875 0.0349166671875
4 0.0488303578125 0.11795238125 0.0169866078125 0.11795238125 0.0169866078125 0.144375 0.0488303578125 0.144375 0.0488303578125 0.11795238125
4 0.07997321406249999 0.14720238125000001 0.002125 0.14720238125000001 0.002125 0.22929761875 0.07997321406249999 0.22929761875 0.07997321406249999 0.14720238125000001
4 0.1401294640625 0.318 0.000709821875 0.318 0.000709821875 0.3717857140625 0.1401294640625 0.3717857140625 0.1401294640625 0.318
4 0.057325892187500005 0.40480952343750004 0.001415178125 0.40480952343750004 0.001415178125 0.4274583328125 0.057325892187500005 0.4274583328125 0.057325892187500005 0.40480952343750004
5 0.8266116078125 0.0047202375 0.1726830359375 0.0047202375 0.1726830359375 0.247226190625 0.8266116078125 0.247226190625 0.8266116078125 0.0047202375
5 0.8839330359375 0.6303392859375 0.6503883921875 0.6303392859375 0.6503883921875 0.8700178578125 0.8839330359375 0.8700178578125 0.8839330359375 0.6303392859375
2 0.8365178578125001 1 0.8365178578125001 0.31045238125 0.0629866078125 0.31045238125 0.0629866078125 1 0.8365178578125001 1