4 0.72265625 0.37890625 0.5058616078125 0.37890625 0.5058616078125 0.5800803578125 0.72265625 0.5800803578125 0.72265625 0.37890625
4 0.9902366078125 0.2558616078125 0.8691428578125 0.2558616078125 0.8691428578125 0.5332053578125 0.9902366078125 0.5332053578125 0.9902366078125 0.2558616078125
4 0.9589866078125 0.6015625 0.8496116078125 0.6015625 0.8496116078125 0.7792991078125 0.9589866078125 0.7792991078125 0.9589866078125 0.6015625
4 0.7109375 0.7636741078125 0.6484375 0.7636741078125 0.6484375 0.8417991078125 0.7109375 0.8417991078125 0.7109375 0.7636741078125
4 0.7890625 0.58984375 0.7480491078125 0.58984375 0.7480491078125 0.6425803578125 0.7890625 0.6425803578125 0.7890625 0.58984375
4 0.5019553578125 0.90234375 0.3769553578125 0.90234375 0.3769553578125 0.9902366078125 0.5019553578125 0.9902366078125 0.5019553578125 0.90234375
4 0.2402366078125 0.35546875 0.01171875 0.35546875 0.01171875 0.7050803578125 0.2402366078125 0.7050803578125 0.2402366078125 0.35546875
4 0.09765625 0.1660178578125 0.015625 0.1660178578125 0.015625 0.3066428578125 0.09765625 0.3066428578125 0.09765625 0.1660178578125
4 0.23828125 0.0175803578125 0.1425803578125 0.0175803578125 0.1425803578125 0.1269553578125 0.23828125 0.1269553578125 0.23828125 0.0175803578125
3 0.9589866078125 0.046875 0.6699241078125 0.046875 0.6699241078125 0.4765625 0.9589866078125 0.4765625 0.9589866078125 0.046875
2 0.91796875 0.0371116078125 0.029299107812500003 0.0371116078125 0.029299107812500003 0.9316428578125 0.91796875 0.9316428578125 0.91796875 0.0371116078125
4 0.87109375 0.2128928578125 0.84375 0.2128928578125 0.84375 0.2480491078125 0.87109375 0.2480491078125 0.87109375 0.2128928578125
4 0.8496116078125 0.2480491078125 0.8300803578125 0.2480491078125 0.8300803578125 0.28125 0.8496116078125 0.28125 0.8496116078125 0.2480491078125
8 0.86328125 0.21875 0.8457053578125 0.21875 0.8457053578125 0.25 0.86328125 0.25 0.86328125 0.21875
8 0.9433616078125 0.43945535781249995 0.87890625 0.43945535781249995 0.87890625 0.5078125 0.9433616078125 0.5078125 0.9433616078125 0.43945535781249995
8 0.9707053578125 0.421875 0.94140625 0.421875 0.94140625 0.43945535781249995 0.9707053578125 0.43945535781249995 0.9707053578125 0.421875
8 0.9902366078125 0.234375 0.9375 0.234375 0.9375 0.3261741078125 0.9902366078125 0.3261741078125 0.9902366078125 0.234375