6 0.26816517812499996 0.5584615390625001 0.0025937499999999997 0.5584615390625001 0.0025937499999999997 0.8943282046875 0.26816517812499996 0.8943282046875 0.26816517812499996 0.5584615390625001
8 0.1358125 0.154025640625 0.1055357140625 0.154025640625 0.1055357140625 0.1987384609375 0.1358125 0.1987384609375 0.1358125 0.154025640625
8 0.208477678125 0.1987384609375 0.130625 0.1987384609375 0.130625 0.2871794875 0.208477678125 0.2871794875 0.208477678125 0.1987384609375
8 0.21712946406250003 0.061610256249999995 0.1505178578125 0.061610256249999995 0.1505178578125 0.1262 0.21712946406250003 0.1262 0.21712946406250003 0.061610256249999995
5 0.9506919640625 0.28221025625 0.29065625 0.28221025625 0.29065625 0.890353846875 0.9506919640625 0.890353846875 0.9506919640625 0.28221025625
5 0.417821428125 0.7104974359375 0.22923660781250002 0.7104974359375 0.22923660781250002 0.9897282046875 0.417821428125 0.9897282046875 0.417821428125 0.7104974359375
7 0.2672991078125 0.000994871875 0.0008660718749999999 0.000994871875 0.0008660718749999999 0.352764103125 0.2672991078125 0.352764103125 0.2672991078125 0.000994871875
8 0.1358125 0.6210615390625 0.07871875 0.6210615390625 0.07871875 0.6498820515625 0.1358125 0.6498820515625 0.1358125 0.6210615390625
8 0.13667857187500002 0.6767076921874999 0.10812946406249999 0.6767076921874999 0.10812946406249999 0.7005589750000001 0.13667857187500002 0.7005589750000001 0.13667857187500002 0.6767076921874999
8 0.212803571875 0.6290102562500001 0.2015580359375 0.6290102562500001 0.2015580359375 0.6439179484374999 0.212803571875 0.6439179484374999 0.212803571875 0.6290102562500001
8 0.1228392859375 0.75521025625 0.10380803593750002 0.75521025625 0.10380803593750002 0.7800564109375 0.1228392859375 0.7800564109375 0.1228392859375 0.75521025625
8 0.0743928578125 0.6518666671875 0.034602678125 0.6518666671875 0.034602678125 0.7293743593750001 0.0743928578125 0.7293743593750001 0.0743928578125 0.6518666671875