5 0.9903616078124999 0.0129888265625 0.819125 0.0129888265625 0.819125 0.9675363125 0.9903616078124999 0.9675363125 0.9903616078124999 0.0129888265625
7 0.026687499999999996 0.674402234375 0.0022232140625000002 0.674402234375 0.0022232140625000002 0.8218938546875 0.026687499999999996 0.8218938546875 0.026687499999999996 0.674402234375
7 0.5366919640625001 0.815402234375 0.0229821421875 0.815402234375 0.0229821421875 0.9990782125000001 0.5366919640625001 0.9990782125000001 0.5366919640625001 0.815402234375
8 0.213491071875 0.6818212296875 0.16827232187500002 0.6818212296875 0.16827232187500002 0.74211731875 0.213491071875 0.74211731875 0.213491071875 0.6818212296875
8 0.249071428125 0.746754190625 0.174946428125 0.746754190625 0.174946428125 0.8413743015625 0.249071428125 0.8413743015625 0.249071428125 0.746754190625
8 0.298 0.7968491625 0.2765 0.7968491625 0.2765 0.8321005593749999 0.298 0.8321005593749999 0.298 0.7968491625
8 0.12305357187499999 0.6799664796875 0.0733883921875 0.6799664796875 0.0733883921875 0.74211731875 0.12305357187499999 0.74211731875 0.12305357187499999 0.6799664796875
8 0.0570803578125 0.26994413437500003 0.0281696421875 0.26994413437500003 0.0281696421875 0.3181843578125 0.0570803578125 0.3181843578125 0.0570803578125 0.26994413437500003
8 0.11341517812499999 0.3033407828125 0.0807991078125 0.3033407828125 0.0807991078125 0.3423016765625 0.11341517812499999 0.3423016765625 0.11341517812499999 0.3033407828125
8 0.16234375 0.479592178125 0.134915178125 0.479592178125 0.134915178125 0.534324021875 0.16234375 0.534324021875 0.16234375 0.479592178125
8 0.6664196421875 0.799631284375 0.64640625 0.799631284375 0.64640625 0.8256089390625 0.6664196421875 0.8256089390625 0.6664196421875 0.799631284375
8 0.6931071421875 0.791284915625 0.669383928125 0.791284915625 0.669383928125 0.815402234375 0.6931071421875 0.815402234375 0.6931071421875 0.791284915625
3 0.6916249999999999 0.7866424578125 0.6545580359375001 0.7866424578125 0.6545580359375001 0.8237486031250001 0.6916249999999999 0.8237486031250001 0.6916249999999999 0.7866424578125
3 0.37879910781250004 0.2912793296875 0.35878571406250004 0.2912793296875 0.35878571406250004 0.316329609375 0.37879910781250004 0.316329609375 0.37879910781250004 0.2912793296875
8 0.3832455359375 0.2912793296875 0.36249107187499996 0.2912793296875 0.36249107187499996 0.32003910625 0.3832455359375 0.32003910625 0.3832455359375 0.2912793296875
8 0.8391383921875001 0.3923966484375 0.8287633921875001 0.3923966484375 0.8287633921875001 0.41744134062500005 0.8391383921875001 0.41744134062500005 0.8391383921875001 0.3923966484375
8 0.8391383921875001 0.4471284921875 0.8146785718749999 0.4471284921875 0.8146785718749999 0.48979888281250006 0.8391383921875001 0.48979888281250006 0.8391383921875001 0.4471284921875
8 0.7954017859375 0.25139106093749997 0.77390625 0.25139106093749997 0.77390625 0.285715084375 0.7954017859375 0.285715084375 0.7954017859375 0.25139106093749997
3 0.8406205359375001 0.014843575000000001 0.819866071875 0.014843575000000001 0.819866071875 0.0491675984375 0.8406205359375001 0.0491675984375 0.8406205359375001 0.014843575000000001
3 0.9065982140625 0.6224525140625 0.8524821421875 0.6224525140625 0.8524821421875 0.6901675984375 0.9065982140625 0.6901675984375 0.9065982140625 0.6224525140625
3 0.963678571875 0.07050279375 0.845071428125 0.07050279375 0.845071428125 0.26994413437500003 0.963678571875 0.26994413437500003 0.963678571875 0.07050279375
8 0.8999241078125 0.128016759375 0.8850982140625 0.128016759375 0.8850982140625 0.1465698328125 0.8999241078125 0.1465698328125 0.8999241078125 0.128016759375
8 0.5945133921875 0 0.5945133921875 0.012061453125 0.6078571421875 0.012061453125 0.6078571421875 0 0.5945133921875 0
8 0.8339508921875 0.0556592171875 0.8272812500000001 0.0556592171875 0.8272812500000001 0.0667932953125 0.8339508921875 0.0667932953125 0.8339508921875 0.0556592171875