3 0.9550803578125 0.1035178578125 0.7324241078125 0.1035178578125 0.7324241078125 0.3808616078125 0.9550803578125 0.3808616078125 0.9550803578125 0.1035178578125
3 0.73828125 0.2832053578125 0.66796875 0.2832053578125 0.66796875 0.40039285781249995 0.73828125 0.40039285781249995 0.73828125 0.2832053578125
3 0.875 0.7597678578125 0.8222678578125 0.7597678578125 0.8222678578125 0.8378928578125 0.875 0.8378928578125 0.875 0.7597678578125
3 0.90234375 0.8515625 0.84765625 0.8515625 0.84765625 0.9160178578125 0.90234375 0.9160178578125 0.90234375 0.8515625
3 0.70703125 0.9160178578125 0.6308616078125 0.9160178578125 0.6308616078125 0.96484375 0.70703125 0.96484375 0.70703125 0.9160178578125
3 0.4375 0.95703125 0.3730491078125 0.95703125 0.3730491078125 0.9980491078125 0.4375 0.9980491078125 0.4375 0.95703125
3 0.625 0.82421875 0.5683616078125 0.82421875 0.5683616078125 0.8828125 0.625 0.8828125 0.625 0.82421875
3 0.99609375 0.3964866078125 0.921875 0.3964866078125 0.921875 0.48046875 0.99609375 0.48046875 0.99609375 0.3964866078125
3 0.9355491078125 0.47265625 0.9160178578125 0.47265625 0.9160178578125 0.4921875 0.9355491078125 0.4921875 0.9355491078125 0.47265625
3 0.6171875 0.7285178578125 0.5957053578125 0.7285178578125 0.5957053578125 0.75390625 0.6171875 0.75390625 0.6171875 0.7285178578125
3 0.5761741078125 0.7792991078125 0.5488303578125 0.7792991078125 0.5488303578125 0.80859375 0.5761741078125 0.80859375 0.5761741078125 0.7792991078125
3 0.3300803578125 0.7988303578125 0.30078125 0.7988303578125 0.30078125 0.8261741078125 0.3300803578125 0.8261741078125 0.3300803578125 0.7988303578125
3 0.0527366078125 0.5722678578125 0.0136741078125 0.5722678578125 0.0136741078125 0.6464866078125 0.0527366078125 0.6464866078125 0.0527366078125 0.5722678578125
3 0.1015625 0.5800803578125 0.0527366078125 0.5800803578125 0.0527366078125 0.640625 0.1015625 0.640625 0.1015625 0.5800803578125
3 0.1816428578125 0.5625 0.12890625 0.5625 0.12890625 0.5996116078125 0.1816428578125 0.5996116078125 0.1816428578125 0.5625
3 0.6503928578125 0.1015625 0.6171875 0.1015625 0.6171875 0.1484375 0.6503928578125 0.1484375 0.6503928578125 0.1015625
3 0.65234375 0.0097678578125 0.6191428578125 0.0097678578125 0.6191428578125 0.0488303578125 0.65234375 0.0488303578125 0.65234375 0.0097678578125
3 0.9824241078125 0.19140625 0.9316428578125 0.19140625 0.9316428578125 0.27734375 0.9824241078125 0.27734375 0.9824241078125 0.19140625
3 0.8496116078125 0.359375 0.8105491078125 0.359375 0.8105491078125 0.41211160781249995 0.8496116078125 0.41211160781249995 0.8496116078125 0.359375
3 0.7246116078125 0.62109375 0.7011741078125 0.62109375 0.7011741078125 0.6484375 0.7246116078125 0.6484375 0.7246116078125 0.62109375
3 0.7578125 0.6542991078125 0.73046875 0.6542991078125 0.73046875 0.6796875 0.7578125 0.6796875 0.7578125 0.6542991078125
3 0.97265625 0.64453125 0.94921875 0.64453125 0.94921875 0.6738303578125 0.97265625 0.6738303578125 0.97265625 0.64453125
3 0.9941428578125 0.7578125 0.9824241078125 0.7578125 0.9824241078125 0.79296875 0.9941428578125 0.79296875 0.9941428578125 0.7578125
3 0.89453125 0.9316428578125 0.8457053578125 0.9316428578125 0.8457053578125 0.9589866078125 0.89453125 0.9589866078125 0.89453125 0.9316428578125
3 0.3964866078125 0.8144553578125 0.3730491078125 0.8144553578125 0.3730491078125 0.8378928578125 0.3964866078125 0.8378928578125 0.3964866078125 0.8144553578125
3 0.7480491078125 0.7480491078125 0.7246116078125 0.7480491078125 0.7246116078125 0.7734375 0.7480491078125 0.7734375 0.7480491078125 0.7480491078125
3 0.83984375 0.7207053578125 0.8046875 0.7207053578125 0.8046875 0.75 0.83984375 0.75 0.83984375 0.7207053578125
3 0.6660178578125 0.5390625 0.6425803578125 0.5390625 0.6425803578125 0.5722678578125 0.6660178578125 0.5722678578125 0.6660178578125 0.5390625
8 0.9121116078125 0.12109375 0.8964866078125 0.12109375 0.8964866078125 0.1582053578125 0.9121116078125 0.1582053578125 0.9121116078125 0.12109375
8 0.9355491078125 0.15234375 0.9160178578125 0.15234375 0.9160178578125 0.171875 0.9355491078125 0.171875 0.9355491078125 0.15234375
8 0.9609375 0.171875 0.9296875 0.171875 0.9296875 0.2363303578125 0.9609375 0.2363303578125 0.9609375 0.171875
5 0.546875 0.3261741078125 0.41992410781249995 0.3261741078125 0.41992410781249995 0.3652366078125 0.546875 0.3652366078125 0.546875 0.3261741078125