8 0.4937008921875 0.78757541875 0.46849553593750004 0.78757541875 0.46849553593750004 0.8283910609375 0.4937008921875 0.8283910609375 0.4937008921875 0.78757541875
8 0.5389196421875 0.8098379890625 0.516678571875 0.8098379890625 0.516678571875 0.838592178125 0.5389196421875 0.838592178125 0.5389196421875 0.8098379890625
8 0.580428571875 0.78850279375 0.5455892859375 0.78850279375 0.5455892859375 0.838592178125 0.580428571875 0.838592178125 0.580428571875 0.78850279375
8 0.5596741078125 0.8645698328125 0.5359508921875 0.8645698328125 0.5359508921875 0.8905419 0.5596741078125 0.8905419 0.5596741078125 0.8645698328125
8 0.6434375 0.78757541875 0.6048928578125 0.78757541875 0.6048928578125 0.8237486031250001 0.6434375 0.8237486031250001 0.6434375 0.78757541875
8 0.669383928125 0.7736592171875001 0.64640625 0.7736592171875001 0.64640625 0.8024134078125 0.669383928125 0.8024134078125 0.669383928125 0.7736592171875001
8 0.7138616078125 0.73377095 0.669383928125 0.73377095 0.669383928125 0.776441340625 0.7138616078125 0.776441340625 0.7138616078125 0.73377095
8 0.6916249999999999 0.8970335203124999 0.664196428125 0.8970335203124999 0.664196428125 0.933212290625 0.6916249999999999 0.933212290625 0.6916249999999999 0.8970335203124999
8 0.9073392859375 0.8729162015625 0.8754642859375 0.8729162015625 0.8754642859375 0.9072402234375 0.9073392859375 0.9072402234375 0.9073392859375 0.8729162015625
8 0.8094866078124999 0.48608938593750006 0.7916964281250001 0.48608938593750006 0.7916964281250001 0.5102067046875 0.8094866078124999 0.5102067046875 0.8094866078124999 0.48608938593750006
8 0.819125 0.520407821875 0.7916964281250001 0.520407821875 0.7916964281250001 0.546385475 0.819125 0.546385475 0.819125 0.520407821875
8 0.53446875 0.5157709500000001 0.48925 0.5157709500000001 0.48925 0.564938546875 0.53446875 0.564938546875 0.53446875 0.5157709500000001
8 0.6545580359375001 0.5946201125 0.6034107140625 0.5946201125 0.6034107140625 0.628944134375 0.6545580359375001 0.628944134375 0.6545580359375001 0.5946201125
8 0.8220892859375001 0.1493519546875 0.6723482140625 0.1493519546875 0.6723482140625 0.1781061453125 0.8220892859375001 0.1781061453125 0.8220892859375001 0.1493519546875
8 0.6582633921875 0.16326815625 0.580428571875 0.16326815625 0.580428571875 0.187385475 0.6582633921875 0.187385475 0.6582633921875 0.16326815625
8 0.9777633921875 0.1493519546875 0.9429196421875 0.1493519546875 0.9429196421875 0.21243016718750002 0.9777633921875 0.21243016718750002 0.9777633921875 0.1493519546875
8 0.9295758921875 0.1781061453125 0.9117857140625001 0.1781061453125 0.9117857140625001 0.2003743015625 0.9295758921875 0.2003743015625 0.9295758921875 0.1781061453125
8 0.547071428125 0.21243016718750002 0.515196428125 0.21243016718750002 0.515196428125 0.25231843593750003 0.547071428125 0.25231843593750003 0.547071428125 0.21243016718750002
8 0.5922901781250001 0.2179944140625 0.5581919640625 0.2179944140625 0.5581919640625 0.245826815625 0.5922901781250001 0.245826815625 0.5922901781250001 0.2179944140625
8 0.272053571875 0.6029720671875001 0.24314285781249997 0.6029720671875001 0.24314285781249997 0.644715084375 0.272053571875 0.644715084375 0.272053571875 0.6029720671875001
8 0.302446428125 0.589055865625 0.2750178578125 0.589055865625 0.2750178578125 0.6252346375 0.302446428125 0.6252346375 0.302446428125 0.589055865625
8 0.3239419640625 0.5565865921875 0.2816919640625 0.5565865921875 0.2816919640625 0.58627374375 0.3239419640625 0.58627374375 0.3239419640625 0.5565865921875
8 0.30466964218750003 0.49814525156249995 0.25796874999999997 0.49814525156249995 0.25796874999999997 0.5519497203125 0.30466964218750003 0.5519497203125 0.30466964218750003 0.49814525156249995
8 0.357303571875 0.525977653125 0.3335803578125 0.525977653125 0.3335803578125 0.5565865921875 0.357303571875 0.5565865921875 0.357303571875 0.525977653125
8 0.44699999999999995 0.4053798875 0.40845089218749997 0.4053798875 0.40845089218749997 0.457329609375 0.44699999999999995 0.457329609375 0.44699999999999995 0.4053798875
8 0.416602678125 0.4591843578125 0.39140178593749997 0.4591843578125 0.39140178593749997 0.487944134375 0.416602678125 0.487944134375 0.416602678125 0.4591843578125
8 0.13713839218749999 0.6428603359375 0.095625 0.6428603359375 0.095625 0.699446928125 0.13713839218749999 0.699446928125 0.13713839218749999 0.6428603359375
8 0.1564107140625 0.6066815640625001 0.13862053593749998 0.6066815640625001 0.13862053593749998 0.635441340625 0.1564107140625 0.635441340625 0.1564107140625 0.6066815640625001
8 0.606375 0.3367374296875 0.5885848218749999 0.3367374296875 0.5885848218749999 0.359 0.606375 0.359 0.606375 0.3367374296875
8 0.4633080359375 0.2940670390625 0.44403125 0.2940670390625 0.44403125 0.3107597765625 0.4633080359375 0.3107597765625 0.4633080359375 0.2940670390625
8 0.4840625 0.312614525 0.4633080359375 0.312614525 0.4633080359375 0.3330279328125 0.4840625 0.3330279328125 0.4840625 0.312614525
8 0.5196428578125001 0.2708715078125 0.4959241078125 0.2708715078125 0.4959241078125 0.2968491625 0.5196428578125001 0.2968491625 0.5196428578125001 0.2708715078125
8 0.5967366078125 0.9350670390625 0.5774642859375 0.9350670390625 0.5774642859375 0.95918994375 0.5967366078125 0.95918994375 0.5967366078125 0.9350670390625
8 0.20608035781249998 0.00834636875 0.17420089218749998 0.00834636875 0.17420089218749998 0.042670390625 0.20608035781249998 0.042670390625 0.20608035781249998 0.00834636875
8 0.2416607140625 0.0528770953125 0.217196428125 0.0528770953125 0.217196428125 0.0769944140625 0.2416607140625 0.0769944140625 0.2416607140625 0.0528770953125
8 0.265383928125 0.014843575000000001 0.2483303578125 0.014843575000000001 0.2483303578125 0.051022346875 0.265383928125 0.051022346875 0.265383928125 0.014843575000000001
8 0.2868794640625 0.0129888265625 0.266125 0.0129888265625 0.266125 0.034324021875 0.2868794640625 0.034324021875 0.2868794640625 0.0129888265625
8 0.13862053593749998 0.11781005625 0.11416071406249999 0.11781005625 0.11416071406249999 0.141 0.13862053593749998 0.141 0.13862053593749998 0.11781005625
8 0.14158482187500002 0.1660502796875 0.117866071875 0.1660502796875 0.117866071875 0.20222905 0.14158482187500002 0.20222905 0.14158482187500002 0.1660502796875
8 0.7820625 0.66326815625 0.76871875 0.66326815625 0.76871875 0.6855307265625 0.7820625 0.6855307265625 0.7820625 0.66326815625
8 0.7575982140625 0.717072625 0.7449955359375 0.717072625 0.7449955359375 0.7393351953125 0.7575982140625 0.7393351953125 0.7575982140625 0.717072625
8 0.8302455359375 0.703156425 0.793178571875 0.703156425 0.793178571875 0.745826815625 0.8302455359375 0.745826815625 0.8302455359375 0.703156425
7 0.37138839218749997 0.4842346375 0.217196428125 0.4842346375 0.217196428125 0.659558659375 0.37138839218749997 0.659558659375 0.37138839218749997 0.4842346375
7 0.49073214218750005 0.362709496875 0.317272321875 0.362709496875 0.317272321875 0.5176256984375 0.49073214218750005 0.5176256984375 0.49073214218750005 0.362709496875
7 0.265383928125 0.6372960890625 0.14677678593750002 0.6372960890625 0.14677678593750002 0.7560335203124999 0.265383928125 0.7560335203124999 0.265383928125 0.6372960890625
3 0.45070535781250004 0.80426815625 0.4217946421875 0.80426815625 0.4217946421875 0.838592178125 0.45070535781250004 0.838592178125 0.45070535781250004 0.80426815625
3 0.9696071421875001 0.6372960890625 0.942178571875 0.6372960890625 0.942178571875 0.6688324015625 0.9696071421875001 0.6688324015625 0.9696071421875001 0.6372960890625
3 0.9377321421874999 0.6614134078125 0.9184598218750001 0.6614134078125 0.9184598218750001 0.6892402234375 0.9377321421874999 0.6892402234375 0.9377321421874999 0.6614134078125
3 0.9117857140625001 0.659558659375 0.8925133921875 0.659558659375 0.8925133921875 0.6855307265625 0.9117857140625001 0.6855307265625 0.9117857140625001 0.659558659375
3 0.19940625 0.9267206703124999 0.1452946421875 0.9267206703124999 0.1452946421875 0.9851620109375 0.19940625 0.9851620109375 0.19940625 0.9267206703124999
3 0.73684375 0.5018547484375 0.6982946421875 0.5018547484375 0.6982946421875 0.525977653125 0.73684375 0.525977653125 0.73684375 0.5018547484375
3 0.28836160781250003 0.8627094968750001 0.263897321875 0.8627094968750001 0.263897321875 0.8970335203124999 0.28836160781250003 0.8970335203124999 0.28836160781250003 0.8627094968750001
3 0.70496875 0.8265363125 0.6738303578125 0.8265363125 0.6738303578125 0.8747709499999999 0.70496875 0.8747709499999999 0.70496875 0.8265363125
3 0.818383928125 0.7653072625 0.7902142859375 0.7653072625 0.7902142859375 0.799631284375 0.818383928125 0.799631284375 0.818383928125 0.7653072625
3 0.5537455359375001 0.9833072625 0.5248348218750001 0.9833072625 0.5248348218750001 0.9990782125000001 0.5537455359375001 0.9990782125000001 0.5537455359375001 0.9833072625
3 0.65678125 0.0129888265625 0.6338035718749999 0.0129888265625 0.6338035718749999 0.038960893749999996 0.65678125 0.038960893749999996 0.65678125 0.0129888265625
8 0.6078571421875 0.659558659375 0.561897321875 0.659558659375 0.561897321875 0.6975921781250001 0.6078571421875 0.6975921781250001 0.6078571421875 0.659558659375
8 0.7998526781249999 0.6252346375 0.7820625 0.6252346375 0.7820625 0.6549217875 0.7998526781249999 0.6549217875 0.7998526781249999 0.6252346375
3 0.7850267859375 0.6651229046875 0.7642678578125001 0.6651229046875 0.7642678578125001 0.6855307265625 0.7850267859375 0.6855307265625 0.7850267859375 0.6651229046875
3 0.7605625 0.718 0.742772321875 0.718 0.742772321875 0.74118994375 0.7605625 0.74118994375 0.7605625 0.718
3 0.8317276781249999 0.7013016765625 0.793178571875 0.7013016765625 0.793178571875 0.7476815640625001 0.8317276781249999 0.7476815640625001 0.8317276781249999 0.7013016765625
3 0.8042991078125 0.6233798875 0.7820625 0.6233798875 0.7820625 0.6549217875 0.8042991078125 0.6549217875 0.8042991078125 0.6233798875
3 0.6501116078125 0.8441620109375 0.632321428125 0.8441620109375 0.632321428125 0.8645698328125 0.6501116078125 0.8645698328125 0.6501116078125 0.8441620109375
3 0.665678571875 0.8664245812500001 0.632321428125 0.8664245812500001 0.632321428125 0.8951787703124999 0.665678571875 0.8951787703124999 0.665678571875 0.8664245812500001
3 0.5707946421875 0.89888826875 0.5515178578125 0.89888826875 0.5515178578125 0.9165139671875 0.5707946421875 0.9165139671875 0.5707946421875 0.89888826875
3 0.42327678593750007 0.846944134375 0.39955357187499996 0.846944134375 0.39955357187499996 0.8645698328125 0.42327678593750007 0.8645698328125 0.42327678593750007 0.846944134375
3 0.6034107140625 0.659558659375 0.5596741078125 0.659558659375 0.5596741078125 0.6938826812500001 0.6034107140625 0.6938826812500001 0.6034107140625 0.659558659375
3 0.841366071875 0.16419553125 0.8287633921875001 0.16419553125 0.8287633921875001 0.183675978125 0.841366071875 0.183675978125 0.841366071875 0.16419553125
5 0.6753169640625 0.502787709375 0.5663437499999999 0.502787709375 0.5663437499999999 0.5936927375 0.6753169640625 0.5936927375 0.6753169640625 0.502787709375
3 0.051147321875 0.1883128484375 0.0029642859375 0.1883128484375 0.0029642859375 0.26437988749999997 0.051147321875 0.26437988749999997 0.051147321875 0.1883128484375
3 0.17420089218749998 0.5936927375 0.089696428125 0.5936927375 0.089696428125 0.703156425 0.17420089218749998 0.703156425 0.17420089218749998 0.5936927375
3 0.1393616078125 0.1651229046875 0.11860714218749999 0.1651229046875 0.11860714218749999 0.20130167656250003 0.1393616078125 0.20130167656250003 0.1393616078125 0.1651229046875
3 0.1393616078125 0.11317318437499999 0.11564285781250001 0.11317318437499999 0.11564285781250001 0.141927375 0.1393616078125 0.141927375 0.1393616078125 0.11317318437499999
3 0.2409196421875 0.0482402234375 0.2164553578125 0.0482402234375 0.2164553578125 0.0760670390625 0.2409196421875 0.0760670390625 0.2409196421875 0.0482402234375
3 0.289102678125 0.00927374375 0.24758928593750001 0.00927374375 0.24758928593750001 0.0454525140625 0.289102678125 0.0454525140625 0.289102678125 0.00927374375