8 0.5208348218750001 0.39409523750000003 0.416665178125 0.39409523750000003 0.416665178125 0.5729166671875 0.5208348218750001 0.5729166671875 0.5208348218750001 0.39409523750000003
8 0.5872410718750001 0.24132142812500001 0.5481785718750001 0.24132142812500001 0.5481785718750001 0.296875 0.5872410718750001 0.296875 0.5872410718750001 0.24132142812500001
8 0.427084821875 0.6597202375 0.375 0.6597202375 0.375 0.7048630953125 0.427084821875 0.7048630953125 0.427084821875 0.6597202375
5 0.9388035718750001 0.3802083328125 0.7864598218750001 0.3802083328125 0.7864598218750001 0.8107619046875 0.9388035718750001 0.8107619046875 0.9388035718750001 0.3802083328125
8 0.8138035718750001 0.125 0.7630223218750001 0.125 0.7630223218750001 0.1545119046875 0.8138035718750001 0.1545119046875 0.8138035718750001 0.125
8 0.39322767812500004 0.8020833328125001 0.36197767812500004 0.8020833328125001 0.36197767812500004 0.8333333328125001 0.39322767812500004 0.8333333328125001 0.39322767812500004 0.8020833328125001
8 0.4765625 0.600696428125 0.421875 0.600696428125 0.421875 0.6736130953125 0.4765625 0.6736130953125 0.4765625 0.600696428125
8 0.408852678125 0.5295119046875 0.38671875 0.5295119046875 0.38671875 0.5572916671875 0.408852678125 0.5572916671875 0.408852678125 0.5295119046875
8 0.39974107187499996 0.5763869046875 0.38020982187499996 0.5763869046875 0.38020982187499996 0.5989583328125 0.39974107187499996 0.5989583328125 0.39974107187499996 0.5763869046875
8 0.609375 0.3454880953125 0.58984375 0.3454880953125 0.58984375 0.375 0.609375 0.375 0.609375 0.3454880953125
4 0.220053571875 0.1197916671875 0.05859375 0.1197916671875 0.05859375 0.9253452375 0.220053571875 0.9253452375 0.220053571875 0.1197916671875