5 0.945883928125 0.018553071875 0.484803571875 0.018553071875 0.484803571875 0.49814525156249995 0.945883928125 0.49814525156249995 0.945883928125 0.018553071875
3 0.29429017812499997 0.011134078125 0.0733883921875 0.011134078125 0.0733883921875 0.15862569843750002 0.29429017812499997 0.15862569843750002 0.29429017812499997 0.011134078125
3 0.1971830359375 0.14564245781250001 0.1601205359375 0.14564245781250001 0.1601205359375 0.2003743015625 0.1971830359375 0.2003743015625 0.1971830359375 0.14564245781250001
3 0.34766517812500003 0.16419553125 0.312084821875 0.16419553125 0.312084821875 0.20686592187500003 0.34766517812500003 0.20686592187500003 0.34766517812500003 0.16419553125
3 0.443290178125 0.525977653125 0.407709821875 0.525977653125 0.407709821875 0.5667932953125 0.443290178125 0.5667932953125 0.443290178125 0.525977653125
3 0.716084821875 0.67811173125 0.656040178125 0.67811173125 0.656040178125 0.7244916203125 0.716084821875 0.7244916203125 0.716084821875 0.67811173125
3 0.7175669640625 0.799631284375 0.6931071421875 0.799631284375 0.6931071421875 0.84972625625 0.7175669640625 0.84972625625 0.7175669640625 0.799631284375
3 0.74721875 0.5287597765625 0.6738303578125 0.5287597765625 0.6738303578125 0.6938826812500001 0.74721875 0.6938826812500001 0.74721875 0.5287597765625
3 0.7405491078125 0.362709496875 0.665678571875 0.362709496875 0.665678571875 0.4656815640625 0.7405491078125 0.4656815640625 0.7405491078125 0.362709496875
3 0.6419553578125 0.33024022343750004 0.5596741078125 0.33024022343750004 0.5596741078125 0.4471284921875 0.6419553578125 0.4471284921875 0.6419553578125 0.33024022343750004
3 0.729428571875 0.21521229062499997 0.6478883921875 0.21521229062499997 0.6478883921875 0.3061229046875 0.729428571875 0.3061229046875 0.729428571875 0.21521229062499997
3 0.9117857140625001 0.12616201093749999 0.8176428578125 0.12616201093749999 0.8176428578125 0.18274860312500002 0.9117857140625001 0.18274860312500002 0.9117857140625001 0.12616201093749999
8 0.7531517859375 0.016698323437500003 0.6664196421875 0.016698323437500003 0.6664196421875 0.10946368749999999 0.7531517859375 0.10946368749999999 0.7531517859375 0.016698323437500003
8 0.7968883921875001 0.06493296093749999 0.7694598218750001 0.06493296093749999 0.7694598218750001 0.0872011171875 0.7968883921875001 0.0872011171875 0.7968883921875001 0.06493296093749999
8 0.7968883921875001 0.089983240625 0.77909375 0.089983240625 0.77909375 0.11224580937499999 0.7968883921875001 0.11224580937499999 0.7968883921875001 0.089983240625
8 0.74721875 0.3886871515625 0.6997767859375 0.3886871515625 0.6997767859375 0.45176536250000005 0.74721875 0.45176536250000005 0.74721875 0.3886871515625
3 0.5418839281250001 0.4146592171875 0.498147321875 0.4146592171875 0.498147321875 0.481446928125 0.5418839281250001 0.481446928125 0.5418839281250001 0.4146592171875
3 0.6026696421875 0.10389385468750001 0.5062991078125 0.10389385468750001 0.5062991078125 0.277368715625 0.6026696421875 0.277368715625 0.6026696421875 0.10389385468750001
1 0.98146875 0.0463798875 0.4358794640625 0.0463798875 0.4358794640625 0.49443575468749995 0.98146875 0.49443575468749995 0.98146875 0.0463798875
7 0.06226785781250001 0.28849720625 0.0014821421875 0.28849720625 0.0014821421875 0.6512067046875 0.06226785781250001 0.6512067046875 0.06226785781250001 0.28849720625
7 0.4366205359375 0.4851620109375 0.06375 0.4851620109375 0.06375 0.9990782125000001 0.4366205359375 0.9990782125000001 0.4366205359375 0.4851620109375
8 0.43513839218749994 0.5417486031250001 0.4188303578125 0.5417486031250001 0.4188303578125 0.5584413406250001 0.43513839218749994 0.5584413406250001 0.43513839218749994 0.5417486031250001
8 0.6108214281250001 0.7903575421875 0.59821875 0.7903575421875 0.59821875 0.8209664796875 0.6108214281250001 0.8209664796875 0.6108214281250001 0.7903575421875
8 0.7138616078125 0.8172569828125 0.7071919640625 0.8172569828125 0.7071919640625 0.8274636875000001 0.7138616078125 0.8274636875000001 0.7138616078125 0.8172569828125
8 0.7071919640625 0.8218938546875 0.6982946421875 0.8218938546875 0.6982946421875 0.8376648046874999 0.7071919640625 0.8376648046874999 0.7071919640625 0.8218938546875
8 0.9310580359375 0.604826815625 0.9199419640625001 0.604826815625 0.9199419640625001 0.6233798875 0.9310580359375 0.6233798875 0.9310580359375 0.604826815625
8 0.7079330359375 0.5482402234375 0.701258928125 0.5482402234375 0.701258928125 0.5593743015625 0.7079330359375 0.5593743015625 0.7079330359375 0.5482402234375
8 0.6819866078125 0.6901675984375 0.6723482140625 0.6901675984375 0.6723482140625 0.703156425 0.6819866078125 0.703156425 0.6819866078125 0.6901675984375
8 0.670866071875 0.6985195531249999 0.6634553578125 0.6985195531249999 0.6634553578125 0.7152178765625 0.670866071875 0.7152178765625 0.670866071875 0.6985195531249999
8 0.6108214281250001 0.359 0.6048928578125 0.359 0.6048928578125 0.371061453125 0.6108214281250001 0.371061453125 0.6108214281250001 0.359
8 0.6241651781249999 0.36641899375000003 0.61453125 0.36641899375000003 0.61453125 0.378480446875 0.6241651781249999 0.378480446875 0.6241651781249999 0.36641899375000003
8 0.6041517859375001 0.3729162015625 0.5945133921875 0.3729162015625 0.5945133921875 0.393324021875 0.6041517859375001 0.393324021875 0.6041517859375001 0.3729162015625
8 0.7138616078125 0.22263687187499998 0.6990357140625 0.22263687187499998 0.6990357140625 0.23933519531249997 0.7138616078125 0.23933519531249997 0.7138616078125 0.22263687187499998
8 0.716084821875 0.2439720671875 0.6945892859375 0.2439720671875 0.6945892859375 0.26437988749999997 0.716084821875 0.26437988749999997 0.716084821875 0.2439720671875
8 0.6945892859375 0.2476815640625 0.6797633921874999 0.2476815640625 0.6797633921874999 0.2662346375 0.6945892859375 0.2662346375 0.6945892859375 0.2476815640625
8 0.6767991078125 0.2365474859375 0.6634553578125 0.2365474859375 0.6634553578125 0.25974301718750004 0.6767991078125 0.25974301718750004 0.6767991078125 0.2365474859375
8 0.670866071875 0.21243016718750002 0.6590044640625 0.21243016718750002 0.6590044640625 0.22727374375 0.670866071875 0.22727374375 0.670866071875 0.21243016718750002
8 0.687915178125 0.21613966406250001 0.6767991078125 0.21613966406250001 0.6767991078125 0.23005586562499997 0.687915178125 0.23005586562499997 0.687915178125 0.21613966406250001
8 0.6760580359375 0.18645810000000002 0.6545580359375001 0.18645810000000002 0.6545580359375001 0.21335754218749997 0.6760580359375 0.21335754218749997 0.6760580359375 0.18645810000000002
8 0.6590044640625 0.25231843593750003 0.6493705359375 0.25231843593750003 0.6493705359375 0.2680893859375 0.6590044640625 0.2680893859375 0.6590044640625 0.25231843593750003
8 0.8776875000000001 0.15677095000000002 0.8435892859375 0.15677095000000002 0.8435892859375 0.1781061453125 0.8776875000000001 0.1781061453125 0.8776875000000001 0.15677095000000002
8 0.9065982140625 0.1512067046875 0.8969598218750001 0.1512067046875 0.8969598218750001 0.16883240156249998 0.9065982140625 0.16883240156249998 0.9065982140625 0.1512067046875
8 0.8850982140625 0.1233798875 0.859897321875 0.1233798875 0.859897321875 0.140072625 0.8850982140625 0.140072625 0.8850982140625 0.1233798875
8 0.83246875 0.14749720625 0.8169017859375 0.14749720625 0.8169017859375 0.1725419 0.83246875 0.1725419 0.83246875 0.14749720625
8 0.606375 0.00741899375 0.5774642859375 0.00741899375 0.5774642859375 0.036178770312500004 0.606375 0.036178770312500004 0.606375 0.00741899375
8 0.533727678125 0.42115083750000004 0.5181607140625 0.42115083750000004 0.5181607140625 0.45176536250000005 0.533727678125 0.45176536250000005 0.533727678125 0.42115083750000004
8 0.521866071875 0.43228491562500004 0.5055580359375 0.43228491562500004 0.5055580359375 0.45640223437499994 0.521866071875 0.45640223437499994 0.521866071875 0.43228491562500004
8 0.5945133921875 0.2291284921875 0.5841383921875 0.2291284921875 0.5841383921875 0.24118994374999997 0.5945133921875 0.24118994374999997 0.5945133921875 0.2291284921875
8 0.5463303578125001 0.2476815640625 0.538178571875 0.2476815640625 0.538178571875 0.26159776562500003 0.5463303578125001 0.26159776562500003 0.5463303578125001 0.2476815640625
8 0.796147321875 0.40259776562500005 0.7842857140625 0.40259776562500005 0.7842857140625 0.4192960890625 0.796147321875 0.4192960890625 0.796147321875 0.40259776562500005
8 0.9473705359375 0.39888826875 0.93625 0.39888826875 0.93625 0.4118770953125 0.9473705359375 0.4118770953125 0.9473705359375 0.39888826875
8 0.9444017859375 0.4192960890625 0.9369910718750001 0.4192960890625 0.9369910718750001 0.4313575421875 0.9444017859375 0.4313575421875 0.9444017859375 0.4192960890625
8 0.962196428125 0.245826815625 0.9525580359375001 0.245826815625 0.9525580359375001 0.26067039062499997 0.962196428125 0.26067039062499997 0.962196428125 0.245826815625
8 0.8080044640624999 0.205938546875 0.7991116078125 0.205938546875 0.7991116078125 0.21335754218749997 0.8080044640624999 0.21335754218749997 0.8080044640624999 0.205938546875
8 0.163084821875 0.0788491625 0.1504821421875 0.0788491625 0.1504821421875 0.0927653625 0.163084821875 0.0927653625 0.163084821875 0.0788491625
8 0.22016517812499997 0.089983240625 0.21275 0.089983240625 0.21275 0.0992569828125 0.22016517812499997 0.0992569828125 0.22016517812499997 0.089983240625
8 0.2297991078125 0.0955474859375 0.22090625 0.0955474859375 0.22090625 0.105754190625 0.2297991078125 0.105754190625 0.2297991078125 0.0955474859375
8 0.2246116078125 0.10296647968749999 0.21793749999999998 0.10296647968749999 0.21793749999999998 0.11224580937499999 0.2246116078125 0.11224580937499999 0.2246116078125 0.10296647968749999
8 0.1452946421875 0.10111173124999999 0.1289866078125 0.10111173124999999 0.1289866078125 0.11224580937499999 0.1452946421875 0.11224580937499999 0.1452946421875 0.10111173124999999
8 0.1252767859375 0.06957541874999999 0.11564285781250001 0.06957541874999999 0.11564285781250001 0.082558659375 0.1252767859375 0.082558659375 0.1252767859375 0.06957541874999999
8 0.1119330359375 0.038960893749999996 0.10452232187499999 0.038960893749999996 0.10452232187499999 0.0482402234375 0.1119330359375 0.0482402234375 0.1119330359375 0.038960893749999996
8 0.0882142859375 0.0788491625 0.08228125 0.0788491625 0.08228125 0.0918379890625 0.0882142859375 0.0918379890625 0.0882142859375 0.0788491625
8 0.11638392812500001 0.1159553078125 0.1060044640625 0.1159553078125 0.1060044640625 0.1252346375 0.11638392812500001 0.1252346375 0.11638392812500001 0.1159553078125
8 0.1104508921875 0.08534636875 0.1008169640625 0.08534636875 0.1008169640625 0.098329609375 0.1104508921875 0.098329609375 0.1104508921875 0.08534636875