3 0.3535178578125 0.078125 0.23828125 0.078125 0.23828125 0.3359375 0.3535178578125 0.3359375 0.3535178578125 0.078125
3 0.47265625 0.00390625 0.37890625 0.00390625 0.37890625 0.09375 0.47265625 0.09375 0.47265625 0.00390625
3 0.48046875 0.11328125 0.41601785781249995 0.11328125 0.41601785781249995 0.5058616078125 0.48046875 0.5058616078125 0.48046875 0.11328125
8 0.07421875 0.40429910781249995 0.0058616078125 0.40429910781249995 0.0058616078125 0.55078125 0.07421875 0.55078125 0.07421875 0.40429910781249995
8 0.13671875 0.3847678578125 0.0878928578125 0.3847678578125 0.0878928578125 0.49023660781249995 0.13671875 0.49023660781249995 0.13671875 0.3847678578125
8 0.23828125 0.2753928578125 0.1660178578125 0.2753928578125 0.1660178578125 0.45508035781249995 0.23828125 0.45508035781249995 0.23828125 0.2753928578125
8 0.09375 0.5839866078125 0.0234375 0.5839866078125 0.0234375 0.7910178578125 0.09375 0.7910178578125 0.09375 0.5839866078125
3 0.1699241078125 0.7011741078125 0.109375 0.7011741078125 0.109375 0.8125 0.1699241078125 0.8125 0.1699241078125 0.7011741078125
8 0.2949241078125 0.59375 0.2578125 0.59375 0.2578125 0.6816428578125 0.2949241078125 0.6816428578125 0.2949241078125 0.59375
8 0.2988303578125 0.6875 0.2441428578125 0.6875 0.2441428578125 0.8652366078125 0.2988303578125 0.8652366078125 0.2988303578125 0.6875
8 0.33203125 0.9042991078125 0.2871116078125 0.9042991078125 0.2871116078125 0.9902366078125 0.33203125 0.9902366078125 0.33203125 0.9042991078125
8 0.3984375 0.5449241078125 0.33203125 0.5449241078125 0.33203125 0.6542991078125 0.3984375 0.6542991078125 0.3984375 0.5449241078125
8 0.46679910781249995 0.54296875 0.42773660781249995 0.54296875 0.42773660781249995 0.62109375 0.46679910781249995 0.62109375 0.46679910781249995 0.54296875
8 0.5917991078125 0.7285178578125 0.41992410781249995 0.7285178578125 0.41992410781249995 0.890625 0.5917991078125 0.890625 0.5917991078125 0.7285178578125
8 0.6855491078125 0.578125 0.6015625 0.578125 0.6015625 0.6972678578125 0.6855491078125 0.6972678578125 0.6855491078125 0.578125
8 0.8203125 0.5292991078125 0.7128928578125 0.5292991078125 0.7128928578125 0.5800803578125 0.8203125 0.5800803578125 0.8203125 0.5292991078125
8 0.7636741078125 0.1386741078125 0.51953125 0.1386741078125 0.51953125 0.3359375 0.7636741078125 0.3359375 0.7636741078125 0.1386741078125
8 0.625 0.3886741078125 0.546875 0.3886741078125 0.546875 0.5019553578125 0.625 0.5019553578125 0.625 0.3886741078125
8 0.8046875 0.5957053578125 0.7441428578125 0.5957053578125 0.7441428578125 0.7207053578125 0.8046875 0.7207053578125 0.8046875 0.5957053578125
8 0.9628928578125 0.65625 0.85546875 0.65625 0.85546875 0.7421875 0.9628928578125 0.7421875 0.9628928578125 0.65625
8 0.73046875 0.8964866078125 0.6640625 0.8964866078125 0.6640625 0.9707053578125 0.73046875 0.9707053578125 0.73046875 0.8964866078125
8 0.796875 0.3613303578125 0.734375 0.3613303578125 0.734375 0.41796875 0.796875 0.41796875 0.796875 0.3613303578125
8 0.8515625 0.42773660781249995 0.80859375 0.42773660781249995 0.80859375 0.49023660781249995 0.8515625 0.49023660781249995 0.8515625 0.42773660781249995
3 0.9824241078125 0.38671875 0.90625 0.38671875 0.90625 0.46484375 0.9824241078125 0.46484375 0.9824241078125 0.38671875
4 0.40234375 0.3769553578125 0.3378928578125 0.3769553578125 0.3378928578125 0.44726785781249995 0.40234375 0.44726785781249995 0.40234375 0.3769553578125
5 0.40234375 0.390625 0.2910178578125 0.390625 0.2910178578125 0.5058616078125 0.40234375 0.5058616078125 0.40234375 0.390625
4 0.7519553578125 0.1484375 0.5703125 0.1484375 0.5703125 0.3261741078125 0.7519553578125 0.3261741078125 0.7519553578125 0.1484375
8 0.5058616078125 0.00390625 0.46679910781249995 0.00390625 0.46679910781249995 0.0410178578125 0.5058616078125 0.0410178578125 0.5058616078125 0.00390625
8 0.54296875 0 0.54296875 0.015625 0.5722678578125 0.015625 0.5722678578125 0 0.54296875 0
8 0.7089866078125 0.41601785781249995 0.6816428578125 0.41601785781249995 0.6816428578125 0.44336160781249995 0.7089866078125 0.44336160781249995 0.7089866078125 0.41601785781249995
8 0.5527366078125 0.2636741078125 0.46484375 0.2636741078125 0.46484375 0.2988303578125 0.5527366078125 0.2988303578125 0.5527366078125 0.2636741078125
3 0.5234375 0.3203125 0.46679910781249995 0.3203125 0.46679910781249995 0.34375 0.5234375 0.34375 0.5234375 0.3203125
3 0.2265625 0.45898660781249995 0.16015625 0.45898660781249995 0.16015625 0.5058616078125 0.2265625 0.5058616078125 0.2265625 0.45898660781249995
3 0.53125 0.1191428578125 0.49804910781249995 0.1191428578125 0.49804910781249995 0.1972678578125 0.53125 0.1972678578125 0.53125 0.1191428578125
8 0.1074241078125 0.78515625 0.0644553578125 0.78515625 0.0644553578125 0.8183616078125 0.1074241078125 0.8183616078125 0.1074241078125 0.78515625
8 0.1640625 0.703125 0.1152366078125 0.703125 0.1152366078125 0.8046875 0.1640625 0.8046875 0.1640625 0.703125
8 0.22265625 0.54296875 0.1640625 0.54296875 0.1640625 0.5917991078125 0.22265625 0.5917991078125 0.22265625 0.54296875
8 0.26953125 0.5800803578125 0.25390625 0.5800803578125 0.25390625 0.609375 0.26953125 0.609375 0.26953125 0.5800803578125
8 0.48633035781249995 0.44726785781249995 0.45898660781249995 0.44726785781249995 0.45898660781249995 0.5097678578125 0.48633035781249995 0.5097678578125 0.48633035781249995 0.44726785781249995
8 0.3886741078125 0.2675803578125 0.3535178578125 0.2675803578125 0.3535178578125 0.30859375 0.3886741078125 0.30859375 0.3886741078125 0.2675803578125
8 0.390625 0.1953125 0.36328125 0.1953125 0.36328125 0.2363303578125 0.390625 0.2363303578125 0.390625 0.1953125
8 0.35546875 0.05078125 0.3105491078125 0.05078125 0.3105491078125 0.1074241078125 0.35546875 0.1074241078125 0.35546875 0.05078125
8 0.29296875 0.2675803578125 0.23828125 0.2675803578125 0.23828125 0.3339866078125 0.29296875 0.3339866078125 0.29296875 0.2675803578125
8 0.12890625 0.2050803578125 0.09375 0.2050803578125 0.09375 0.2402366078125 0.12890625 0.2402366078125 0.12890625 0.2050803578125
4 0.07421875 0.40820535781249995 0.0058616078125 0.40820535781249995 0.0058616078125 0.5410178578125 0.07421875 0.5410178578125 0.07421875 0.40820535781249995
4 0.6464866078125 0.8222678578125 0.6191428578125 0.8222678578125 0.6191428578125 0.875 0.6464866078125 0.875 0.6464866078125 0.8222678578125