6 0.328125 0.546875 0.0019553578125 0.546875 0.0019553578125 0.890625 0.328125 0.890625 0.328125 0.546875
8 0.1484375 0.64453125 0.0839866078125 0.64453125 0.0839866078125 0.7285178578125 0.1484375 0.7285178578125 0.1484375 0.64453125
8 0.2285178578125 0.5996116078125 0.1328125 0.5996116078125 0.1328125 0.6699241078125 0.2285178578125 0.6699241078125 0.2285178578125 0.5996116078125
8 0.30859375 0.5761741078125 0.27734375 0.5761741078125 0.27734375 0.6191428578125 0.30859375 0.6191428578125 0.30859375 0.5761741078125
8 0.2734375 0.59375 0.2363303578125 0.59375 0.2363303578125 0.640625 0.2734375 0.640625 0.2734375 0.59375
4 0.9980491078125 0.4609375 0.94140625 0.4609375 0.94140625 0.5332053578125 0.9980491078125 0.5332053578125 0.9980491078125 0.4609375
4 0.7558616078125 0.3417991078125 0.70703125 0.3417991078125 0.70703125 0.3886741078125 0.7558616078125 0.3886741078125 0.7558616078125 0.3417991078125
5 0.4375 0.2128928578125 0.3261741078125 0.2128928578125 0.3261741078125 0.36328125 0.4375 0.36328125 0.4375 0.2128928578125
7 0.7519553578125 0.9042991078125 0.37890625 0.9042991078125 0.37890625 0.99609375 0.7519553578125 0.99609375 0.7519553578125 0.9042991078125
4 0.39453125 0.24609375 0.3378928578125 0.24609375 0.3378928578125 0.2871116078125 0.39453125 0.2871116078125 0.39453125 0.24609375
4 0.33203125 0.2558616078125 0.30859375 0.2558616078125 0.30859375 0.2871116078125 0.33203125 0.2871116078125 0.33203125 0.2558616078125
4 0.0625 0.609375 0.0332053578125 0.609375 0.0332053578125 0.6328125 0.0625 0.6328125 0.0625 0.609375