8 0.21423214218750003 0.6567765359375 0.194959821875 0.6567765359375 0.194959821875 0.6855307265625 0.21423214218750003 0.6855307265625 0.21423214218750003 0.6567765359375
8 0.2735357140625 0.589055865625 0.25278125 0.589055865625 0.25278125 0.63265363125 0.2735357140625 0.63265363125 0.2735357140625 0.589055865625
8 0.303928571875 0.5723575421875 0.2802053578125 0.5723575421875 0.2802053578125 0.604826815625 0.303928571875 0.604826815625 0.303928571875 0.5723575421875
8 0.2542633921875 0.5565865921875 0.22831696406250002 0.5565865921875 0.22831696406250002 0.5825642453125 0.2542633921875 0.5825642453125 0.2542633921875 0.5565865921875
8 0.2335044640625 0.534324021875 0.2097857140625 0.534324021875 0.2097857140625 0.5547318437500001 0.2335044640625 0.5547318437500001 0.2335044640625 0.534324021875
8 0.5581919640625 0.386826815625 0.516678571875 0.386826815625 0.516678571875 0.41373184375000005 0.5581919640625 0.41373184375000005 0.5581919640625 0.386826815625
8 0.4937008921875 0.57050279375 0.44106696406249996 0.57050279375 0.44106696406249996 0.612245809375 0.4937008921875 0.612245809375 0.4937008921875 0.57050279375
8 0.501852678125 0.8580726249999999 0.46849553593750004 0.8580726249999999 0.46849553593750004 0.8905419 0.501852678125 0.8905419 0.501852678125 0.8580726249999999
8 0.5374330359374999 0.838592178125 0.510008928125 0.838592178125 0.510008928125 0.8747709499999999 0.5374330359374999 0.8747709499999999 0.5374330359374999 0.838592178125
8 0.5774642859375 0.8487988828124999 0.5537455359375001 0.8487988828124999 0.5537455359375001 0.878480446875 0.5774642859375 0.878480446875 0.5774642859375 0.8487988828124999
8 0.59821875 0.846944134375 0.5811696421875 0.846944134375 0.5811696421875 0.8645698328125 0.59821875 0.8645698328125 0.59821875 0.846944134375
8 0.6664196421875 0.7903575421875 0.638991071875 0.7903575421875 0.638991071875 0.8237486031250001 0.6664196421875 0.8237486031250001 0.6664196421875 0.7903575421875
8 0.511491071875 0.909094971875 0.48925 0.909094971875 0.48925 0.9313575421875001 0.511491071875 0.9313575421875001 0.511491071875 0.909094971875
8 0.4455133921875 0.83581005625 0.424758928125 0.83581005625 0.424758928125 0.8627094968750001 0.4455133921875 0.8627094968750001 0.4455133921875 0.83581005625
8 0.6404732140625 0.9536201125 0.61453125 0.9536201125 0.61453125 0.9777430171875 0.6404732140625 0.9777430171875 0.6404732140625 0.9536201125
8 0.868790178125 0.933212290625 0.8398794640625 0.933212290625 0.8398794640625 0.9675363125 0.868790178125 0.9675363125 0.868790178125 0.933212290625
8 0.7724241078125 0.546385475 0.756116071875 0.546385475 0.756116071875 0.5667932953125 0.7724241078125 0.5667932953125 0.7724241078125 0.546385475
8 0.7820625 0.5723575421875 0.756116071875 0.5723575421875 0.756116071875 0.60018994375 0.7820625 0.60018994375 0.7820625 0.5723575421875
8 0.9503348218750001 0.21150279374999997 0.8850982140625 0.21150279374999997 0.8850982140625 0.2588156421875 0.9503348218750001 0.2588156421875 0.9503348218750001 0.21150279374999997
8 0.9570044640625 0.1781061453125 0.9377321421874999 0.1781061453125 0.9377321421874999 0.21243016718750002 0.9570044640625 0.21243016718750002 0.9570044640625 0.1781061453125
8 0.8057812500000001 0.1938770953125 0.73684375 0.1938770953125 0.73684375 0.22356424531250002 0.8057812500000001 0.22356424531250002 0.8057812500000001 0.1938770953125
8 0.8169017859375 0.30426815625 0.7946607140624999 0.30426815625 0.7946607140624999 0.32467597812500004 0.8169017859375 0.32467597812500004 0.8169017859375 0.30426815625
8 0.7242410718750001 0.1883128484375 0.6664196421875 0.1883128484375 0.6664196421875 0.2179944140625 0.7242410718750001 0.2179944140625 0.7242410718750001 0.1883128484375
8 0.6627142859374999 0.1938770953125 0.6226830359375 0.1938770953125 0.6226830359375 0.21985474843750002 0.6627142859374999 0.21985474843750002 0.6627142859374999 0.1938770953125
8 0.61971875 0.2003743015625 0.587102678125 0.2003743015625 0.587102678125 0.22449162031249997 0.61971875 0.22449162031249997 0.61971875 0.2003743015625
8 0.5826517859375 0.21150279374999997 0.56115625 0.21150279374999997 0.56115625 0.22634636874999997 0.5826517859375 0.22634636874999997 0.5826517859375 0.21150279374999997
8 0.5581919640625 0.26252513906249997 0.521125 0.26252513906249997 0.521125 0.2903519546875 0.5581919640625 0.2903519546875 0.5581919640625 0.26252513906249997
8 0.4951830359375 0.26067039062499997 0.47442410781250005 0.26067039062499997 0.47442410781250005 0.28293296093750003 0.4951830359375 0.28293296093750003 0.4951830359375 0.26067039062499997
8 0.510008928125 0.32653072656250004 0.4937008921875 0.32653072656250004 0.4937008921875 0.340446928125 0.510008928125 0.340446928125 0.510008928125 0.32653072656250004
8 0.47442410781250005 0.3534357546875 0.45663392812500003 0.3534357546875 0.45663392812500003 0.379407821875 0.47442410781250005 0.379407821875 0.47442410781250005 0.3534357546875
8 0.352852678125 0.5102067046875 0.3380267859375 0.5102067046875 0.3380267859375 0.534324021875 0.352852678125 0.534324021875 0.352852678125 0.5102067046875
8 0.3684196421875 0.48979888281250006 0.3461830359375 0.48979888281250006 0.3461830359375 0.5064972062499999 0.3684196421875 0.5064972062499999 0.3684196421875 0.48979888281250006
8 0.3988125 0.44805586562500005 0.3639732140625 0.44805586562500005 0.3639732140625 0.47588268125 0.3988125 0.47588268125 0.3988125 0.44805586562500005
8 0.07635267812499999 0.6975921781250001 0.0518883921875 0.6975921781250001 0.0518883921875 0.73377095 0.07635267812499999 0.73377095 0.07635267812499999 0.6975921781250001
8 0.094883928125 0.6753296093750001 0.0696830359375 0.6753296093750001 0.0696830359375 0.699446928125 0.094883928125 0.699446928125 0.094883928125 0.6753296093750001
8 0.580428571875 0.658631284375 0.5596741078125 0.658631284375 0.5596741078125 0.6827486031250001 0.580428571875 0.6827486031250001 0.580428571875 0.658631284375
8 0.6130446421875 0.6493519546875001 0.5885848218749999 0.6493519546875001 0.5885848218749999 0.666977653125 0.6130446421875 0.666977653125 0.6130446421875 0.6493519546875001
8 0.578946428125 0.635441340625 0.56115625 0.635441340625 0.56115625 0.64749720625 0.578946428125 0.64749720625 0.578946428125 0.635441340625
8 0.6160133921875001 0.6029720671875001 0.59821875 0.6029720671875001 0.59821875 0.6233798875 0.6160133921875001 0.6233798875 0.6160133921875001 0.6029720671875001
8 0.7753883921875 0.8302458093749999 0.7575982140625 0.8302458093749999 0.7575982140625 0.8506536312499999 0.7753883921875 0.8506536312499999 0.7753883921875 0.8302458093749999
8 0.778352678125 0.7541787703125 0.756116071875 0.7541787703125 0.756116071875 0.7820055859374999 0.778352678125 0.7820055859374999 0.778352678125 0.7541787703125
8 0.7894732140625 0.785715084375 0.778352678125 0.785715084375 0.778352678125 0.8116927374999999 0.7894732140625 0.8116927374999999 0.7894732140625 0.785715084375
8 0.7220178578125 0.7736592171875001 0.70496875 0.7736592171875001 0.70496875 0.7940670390625 0.7220178578125 0.7940670390625 0.7220178578125 0.7736592171875001
8 0.7627857140625001 0.6688324015625 0.733133928125 0.6688324015625 0.733133928125 0.7013016765625 0.7627857140625001 0.7013016765625 0.7627857140625001 0.6688324015625
8 0.746477678125 0.721709496875 0.733133928125 0.721709496875 0.733133928125 0.74211731875 0.746477678125 0.74211731875 0.746477678125 0.721709496875
8 0.40845089218749997 0.8525083796875 0.37954017812499996 0.8525083796875 0.37954017812499996 0.8766256984374999 0.40845089218749997 0.8766256984374999 0.40845089218749997 0.8525083796875
8 0.2194196421875 0.018553071875 0.1979241078125 0.018553071875 0.1979241078125 0.044525139062500003 0.2194196421875 0.044525139062500003 0.2194196421875 0.018553071875
8 0.21126785781250002 0.0834860328125 0.1979241078125 0.0834860328125 0.1979241078125 0.10760893906249999 0.21126785781250002 0.10760893906249999 0.21126785781250002 0.0834860328125
8 0.163084821875 0.051022346875 0.13862053593749998 0.051022346875 0.13862053593749998 0.0714301671875 0.163084821875 0.0714301671875 0.163084821875 0.051022346875
8 0.140102678125 0.089055865625 0.1223125 0.089055865625 0.1223125 0.11131843593749999 0.140102678125 0.11131843593749999 0.140102678125 0.089055865625
8 0.11267410781250001 0.1539888265625 0.0874732140625 0.1539888265625 0.0874732140625 0.17161452500000002 0.11267410781250001 0.17161452500000002 0.11267410781250001 0.1539888265625
8 0.1067455359375 0.21613966406250001 0.0919196421875 0.21613966406250001 0.0919196421875 0.238407821875 0.1067455359375 0.238407821875 0.1067455359375 0.21613966406250001
8 0.556709821875 0.717072625 0.5418839281250001 0.717072625 0.5418839281250001 0.74118994375 0.556709821875 0.74118994375 0.556709821875 0.717072625
8 0.352852678125 0.66326815625 0.34247767812499996 0.66326815625 0.34247767812499996 0.6855307265625 0.352852678125 0.6855307265625 0.352852678125 0.66326815625
8 0.4054866078125 0.34137430156250004 0.39140178593749997 0.34137430156250004 0.39140178593749997 0.3654916203125 0.4054866078125 0.3654916203125 0.4054866078125 0.34137430156250004
8 0.424758928125 0.3571452515625 0.4091919640625 0.3571452515625 0.4091919640625 0.379407821875 0.424758928125 0.379407821875 0.424758928125 0.3571452515625
8 0.6849508921874999 0.5603016765625 0.6597500000000001 0.5603016765625 0.6597500000000001 0.589055865625 0.6849508921874999 0.589055865625 0.6849508921874999 0.5603016765625
3 0.1882857140625 0.761597765625 0.1564107140625 0.761597765625 0.1564107140625 0.8005586593749999 0.1882857140625 0.8005586593749999 0.1882857140625 0.761597765625
3 0.65159375 0.900748603125 0.606375 0.900748603125 0.606375 0.9415642453125 0.65159375 0.9415642453125 0.65159375 0.900748603125
3 0.779834821875 0.8218938546875 0.7175669640625 0.8218938546875 0.7175669640625 0.8664245812500001 0.779834821875 0.8664245812500001 0.779834821875 0.8218938546875
3 0.76871875 0.6270893859375 0.7175669640625 0.6270893859375 0.7175669640625 0.753251396875 0.76871875 0.753251396875 0.76871875 0.6270893859375
3 0.40845089218749997 0.8487988828124999 0.3780580359375 0.8487988828124999 0.3780580359375 0.8831229046875 0.40845089218749997 0.8831229046875 0.40845089218749997 0.8487988828124999
3 0.56115625 0.7077932953125 0.5389196421875 0.7077932953125 0.5389196421875 0.7513966484375 0.56115625 0.7513966484375 0.56115625 0.7077932953125
3 0.501852678125 0.7319162015625 0.4729419640625 0.7319162015625 0.4729419640625 0.846944134375 0.501852678125 0.846944134375 0.501852678125 0.7319162015625
3 0.2609330359375 0.525977653125 0.200147321875 0.525977653125 0.200147321875 0.5983351953125 0.2609330359375 0.5983351953125 0.2609330359375 0.525977653125
3 0.1319508921875 0.6391508375 0.0437366078125 0.6391508375 0.0437366078125 0.74211731875 0.1319508921875 0.74211731875 0.1319508921875 0.6391508375
3 0.478133928125 0.2987039109375 0.424758928125 0.2987039109375 0.424758928125 0.35250837968750004 0.478133928125 0.35250837968750004 0.478133928125 0.2987039109375
3 0.8154196421875 0.9508379890624999 0.7976294640625 0.9508379890624999 0.7976294640625 0.9749553078125001 0.8154196421875 0.9749553078125001 0.8154196421875 0.9508379890624999
3 0.8361741078125 0.918368715625 0.8169017859375 0.918368715625 0.8169017859375 0.9434189937499999 0.8361741078125 0.9434189937499999 0.8361741078125 0.918368715625
8 0.4633080359375 0.316329609375 0.43958482187500003 0.316329609375 0.43958482187500003 0.34508379843750003 0.4633080359375 0.34508379843750003 0.4633080359375 0.316329609375
8 0.2594508921875 0.0324692734375 0.2238705359375 0.0324692734375 0.2238705359375 0.0788491625 0.2594508921875 0.0788491625 0.2594508921875 0.0324692734375
5 0.638991071875 0.5556592171875 0.528540178125 0.5556592171875 0.528540178125 0.6382234640625 0.638991071875 0.6382234640625 0.638991071875 0.5556592171875
3 0.1149017859375 0.141927375 0.085991071875 0.141927375 0.085991071875 0.1790335203125 0.1149017859375 0.1790335203125 0.1149017859375 0.141927375
3 0.2616741078125 0.030614524999999997 0.230540178125 0.030614524999999997 0.230540178125 0.0630782125 0.2616741078125 0.0630782125 0.2616741078125 0.030614524999999997
3 0.221647321875 0.00927374375 0.18680357187500002 0.00927374375 0.18680357187500002 0.050094971875000005 0.221647321875 0.050094971875000005 0.221647321875 0.00927374375
3 0.16604910781249999 0.041743017187499995 0.1326919640625 0.041743017187499995 0.1326919640625 0.0769944140625 0.16604910781249999 0.0769944140625 0.16604910781249999 0.041743017187499995
3 0.208303571875 0.0844134078125 0.19051339218750002 0.0844134078125 0.19051339218750002 0.105754190625 0.208303571875 0.105754190625 0.208303571875 0.0844134078125
3 0.1438080359375 0.0844134078125 0.11638392812500001 0.0844134078125 0.11638392812500001 0.11410055937500001 0.1438080359375 0.11410055937500001 0.1438080359375 0.0844134078125