4 0.11328125 0.00390625 0.0390625 0.00390625 0.0390625 0.1074241078125 0.11328125 0.1074241078125 0.11328125 0.00390625
4 0.1269553578125 0.1425803578125 0.029299107812500003 0.1425803578125 0.029299107812500003 0.30078125 0.1269553578125 0.30078125 0.1269553578125 0.1425803578125
4 0.2714866078125 0.0878928578125 0.1425803578125 0.0878928578125 0.1425803578125 0.2363303578125 0.2714866078125 0.2363303578125 0.2714866078125 0.0878928578125
4 0.2265625 0.2167991078125 0.0917991078125 0.2167991078125 0.0917991078125 0.44336160781249995 0.2265625 0.44336160781249995 0.2265625 0.2167991078125
4 0.1796875 0.44336160781249995 0.01953125 0.44336160781249995 0.01953125 0.7324241078125 0.1796875 0.7324241078125 0.1796875 0.44336160781249995
4 0.1621116078125 0.8300803578125 0.0488303578125 0.8300803578125 0.0488303578125 0.984375 0.1621116078125 0.984375 0.1621116078125 0.8300803578125
4 0.3066428578125 0.87109375 0.1875 0.87109375 0.1875 0.9941428578125 0.3066428578125 0.9941428578125 0.3066428578125 0.87109375
4 0.29296875 0.3730491078125 0.171875 0.3730491078125 0.171875 0.76171875 0.29296875 0.76171875 0.29296875 0.3730491078125
4 0.40625 0.1855491078125 0.27734375 0.1855491078125 0.27734375 0.3691428578125 0.40625 0.3691428578125 0.40625 0.1855491078125
4 0.4921875 0.046875 0.3730491078125 0.046875 0.3730491078125 0.1777366078125 0.4921875 0.1777366078125 0.4921875 0.046875
4 0.5214866078125 0.1777366078125 0.4609375 0.1777366078125 0.4609375 0.23828125 0.5214866078125 0.23828125 0.5214866078125 0.1777366078125
4 0.5449241078125 0.265625 0.3613303578125 0.265625 0.3613303578125 0.4765625 0.5449241078125 0.4765625 0.5449241078125 0.265625
4 0.57421875 0.3515625 0.5292991078125 0.3515625 0.5292991078125 0.5175803578125 0.57421875 0.5175803578125 0.57421875 0.3515625
4 0.45117410781249995 0.48828125 0.34765625 0.48828125 0.34765625 0.8496116078125 0.45117410781249995 0.8496116078125 0.45117410781249995 0.48828125
4 0.58203125 0.8222678578125 0.47461160781249995 0.8222678578125 0.47461160781249995 0.9921875 0.58203125 0.9921875 0.58203125 0.8222678578125
4 0.7675803578125 0.2089866078125 0.6855491078125 0.2089866078125 0.6855491078125 0.3671875 0.7675803578125 0.3671875 0.7675803578125 0.2089866078125
4 0.8222678578125 0.33203125 0.609375 0.33203125 0.609375 0.6386741078125 0.8222678578125 0.6386741078125 0.8222678578125 0.33203125
5 0.98828125 0.0332053578125 0.828125 0.0332053578125 0.828125 0.6015625 0.98828125 0.6015625 0.98828125 0.0332053578125
2 0.9921875 0.0058616078125 0.2441428578125 0.0058616078125 0.2441428578125 0.9863303578125 0.9921875 0.9863303578125 0.9921875 0.0058616078125