7 0.1816428578125 0.63671875 0.0058616078125 0.63671875 0.0058616078125 0.98828125 0.1816428578125 0.98828125 0.1816428578125 0.63671875
7 0.9238303578125 0.8828125 0.7910178578125 0.8828125 0.7910178578125 0.9902366078125 0.9238303578125 0.9902366078125 0.9238303578125 0.8828125
4 0.66015625 0.33984375 0.5839866078125 0.33984375 0.5839866078125 0.5683616078125 0.66015625 0.5683616078125 0.66015625 0.33984375
4 0.6875 0.58984375 0.5214866078125 0.58984375 0.5214866078125 0.734375 0.6875 0.734375 0.6875 0.58984375
4 0.45898660781249995 0.3808616078125 0.3378928578125 0.3808616078125 0.3378928578125 0.5644553578125 0.45898660781249995 0.5644553578125 0.45898660781249995 0.3808616078125
2 0.9941428578125 0.00390625 0.0058616078125 0.00390625 0.0058616078125 0.9941428578125 0.9941428578125 0.9941428578125 0.9941428578125 0.00390625
4 0.2890625 0.48633035781249995 0.2480491078125 0.48633035781249995 0.2480491078125 0.5371116078125 0.2890625 0.5371116078125 0.2890625 0.48633035781249995
4 0.30078125 0.421875 0.2597678578125 0.421875 0.2597678578125 0.46875 0.30078125 0.46875 0.30078125 0.421875
4 0.1269553578125 0.6738303578125 0.08984375 0.6738303578125 0.08984375 0.7285178578125 0.1269553578125 0.7285178578125 0.1269553578125 0.6738303578125
4 0.1484375 0.7734375 0.0625 0.7734375 0.0625 0.8613303578125 0.1484375 0.8613303578125 0.1484375 0.7734375
4 0 0.6640625 0.2890625 0.6640625 0.2890625 0.40820535781249995 0 0.40820535781249995 0 0.6640625