5 0.88671875 0.1171875 0.05078125 0.1171875 0.05078125 0.7402366078125 0.88671875 0.7402366078125 0.88671875 0.1171875
4 0.15234375 0.5058616078125 0.0703125 0.5058616078125 0.0703125 0.6230491078125 0.15234375 0.6230491078125 0.15234375 0.5058616078125
4 0.28515625 0.3964866078125 0.2167991078125 0.3964866078125 0.2167991078125 0.5625 0.28515625 0.5625 0.28515625 0.3964866078125
4 0.5078125 0.2675803578125 0.43164285781249995 0.2675803578125 0.43164285781249995 0.3535178578125 0.5078125 0.3535178578125 0.5078125 0.2675803578125
4 0.6386741078125 0.16796875 0.5332053578125 0.16796875 0.5332053578125 0.2636741078125 0.6386741078125 0.2636741078125 0.6386741078125 0.16796875
4 0.49804910781249995 0.0703125 0.33203125 0.0703125 0.33203125 0.1640625 0.49804910781249995 0.1640625 0.49804910781249995 0.0703125
7 0.98046875 0.82421875 0.78515625 0.82421875 0.78515625 0.9941428578125 0.98046875 0.9941428578125 0.98046875 0.82421875
2 0.97265625 0.0566428578125 0.0527366078125 0.0566428578125 0.0527366078125 0.96484375 0.97265625 0.96484375 0.97265625 0.0566428578125
4 0.0625 0.4921875 0.0410178578125 0.4921875 0.0410178578125 0.5605491078125 0.0625 0.5605491078125 0.0625 0.4921875
4 0.36328125 0.11328125 0.3183616078125 0.11328125 0.3183616078125 0.2285178578125 0.36328125 0.2285178578125 0.36328125 0.11328125
4 0.3417991078125 0.27734375 0.31640625 0.27734375 0.31640625 0.2988303578125 0.3417991078125 0.2988303578125 0.3417991078125 0.27734375
4 0.296875 0.3828125 0.28125 0.3828125 0.28125 0.41992410781249995 0.296875 0.41992410781249995 0.296875 0.3828125
4 0.234375 0.5390625 0.1933616078125 0.5390625 0.1933616078125 0.58203125 0.234375 0.58203125 0.234375 0.5390625