8 0.7050803578125 0.0136741078125 0.3574241078125 0.0136741078125 0.3574241078125 0.2109375 0.7050803578125 0.2109375 0.7050803578125 0.0136741078125
4 0.6894553578125 0.8417991078125 0.64453125 0.8417991078125 0.64453125 0.9042991078125 0.6894553578125 0.9042991078125 0.6894553578125 0.8417991078125
5 0.90625 0.2519553578125 0.61328125 0.2519553578125 0.61328125 0.50390625 0.90625 0.50390625 0.90625 0.2519553578125
4 0.6894553578125 0.0058616078125 0.359375 0.0058616078125 0.359375 0.2089866078125 0.6894553578125 0.2089866078125 0.6894553578125 0.0058616078125
4 0.7597678578125 0 0.7597678578125 0.1171875 0.9277366078125 0.1171875 0.9277366078125 0 0.7597678578125 0
4 0.96484375 0.06640625 0.84765625 0.06640625 0.84765625 0.171875 0.96484375 0.171875 0.96484375 0.06640625
4 0.9941428578125 0.0878928578125 0.9042991078125 0.0878928578125 0.9042991078125 0.2597678578125 0.9941428578125 0.2597678578125 0.9941428578125 0.0878928578125
4 0.99609375 0.24609375 0.96484375 0.24609375 0.96484375 0.42578125 0.99609375 0.42578125 0.99609375 0.24609375
4 0.46875 0.36328125 0.32421875 0.36328125 0.32421875 0.52734375 0.46875 0.52734375 0.46875 0.36328125
8 0.9238303578125 0.00390625 0.7597678578125 0.00390625 0.7597678578125 0.11328125 0.9238303578125 0.11328125 0.9238303578125 0.00390625
8 0.9785178578125 0.05859375 0.84765625 0.05859375 0.84765625 0.1582053578125 0.9785178578125 0.1582053578125 0.9785178578125 0.05859375
8 0.9921875 0.0839866078125 0.90625 0.0839866078125 0.90625 0.2480491078125 0.9921875 0.2480491078125 0.9921875 0.0839866078125
8 0.9921875 0.1855491078125 0.9589866078125 0.1855491078125 0.9589866078125 0.421875 0.9921875 0.421875 0.9921875 0.1855491078125
8 0.46289285781249995 0.3613303578125 0.3261741078125 0.3613303578125 0.3261741078125 0.515625 0.46289285781249995 0.515625 0.46289285781249995 0.3613303578125
8 0.41211160781249995 0.5292991078125 0.3652366078125 0.5292991078125 0.3652366078125 0.5527366078125 0.41211160781249995 0.5527366078125 0.41211160781249995 0.5292991078125
8 0.47851785781249995 0.5527366078125 0.421875 0.5527366078125 0.421875 0.5722678578125 0.47851785781249995 0.5722678578125 0.47851785781249995 0.5527366078125
4 0.05078125 0.7207053578125 0.0097678578125 0.7207053578125 0.0097678578125 0.765625 0.05078125 0.765625 0.05078125 0.7207053578125
4 0.17578125 0.0019553578125 0.109375 0.0019553578125 0.109375 0.0546875 0.17578125 0.0546875 0.17578125 0.0019553578125
4 0.03125 0.32421875 0.0019553578125 0.32421875 0.0019553578125 0.37109375 0.03125 0.37109375 0.03125 0.32421875
4 0.7988303578125 0.2578125 0.6191428578125 0.2578125 0.6191428578125 0.3066428578125 0.7988303578125 0.3066428578125 0.7988303578125 0.2578125
4 0.9980491078125 0.4453125 0.97265625 0.4453125 0.97265625 0.52734375 0.9980491078125 0.52734375 0.9980491078125 0.4453125