6 0.8033839281249999 0.5972202375 0.6223973218750001 0.5972202375 0.6223973218750001 0.921875 0.8033839281249999 0.921875 0.8033839281249999 0.5972202375
7 0.80078125 0.8680535718750001 0.6588526781249999 0.8680535718750001 0.6588526781249999 0.921875 0.80078125 0.921875 0.80078125 0.8680535718750001
8 0.407553571875 0.4583333328125 0.34505357187499996 0.4583333328125 0.34505357187499996 0.6302083328125 0.407553571875 0.6302083328125 0.407553571875 0.4583333328125
8 0.458334821875 0.40972023750000003 0.41796875 0.40972023750000003 0.41796875 0.460071428125 0.458334821875 0.460071428125 0.458334821875 0.40972023750000003
8 0.375 0.649303571875 0.32942857187499996 0.649303571875 0.32942857187499996 0.7048630953125 0.375 0.7048630953125 0.375 0.649303571875
4 0.223959821875 0.1197916671875 0.0546875 0.1197916671875 0.0546875 0.921875 0.223959821875 0.921875 0.223959821875 0.1197916671875
8 0.7669285718750001 0.164928571875 0.7109375 0.164928571875 0.7109375 0.23090476249999997 0.7669285718750001 0.23090476249999997 0.7669285718750001 0.164928571875
8 0.6822901781249999 0.1857619046875 0.6640625 0.1857619046875 0.6640625 0.20833333281250002 0.6822901781249999 0.20833333281250002 0.6822901781249999 0.1857619046875
8 0.6979151781249999 0.09375 0.6744776781249999 0.09375 0.6744776781249999 0.1232619046875 0.6979151781249999 0.1232619046875 0.6979151781249999 0.09375
8 0.5234375 0.3020833328125 0.5013035718750001 0.3020833328125 0.5013035718750001 0.3229166671875 0.5234375 0.3229166671875 0.5234375 0.3020833328125
8 0.5546875 0.26909523750000003 0.5377589281249999 0.26909523750000003 0.5377589281249999 0.2829880953125 0.5546875 0.2829880953125 0.5546875 0.26909523750000003
8 0.6236964281249999 0.25 0.6106785718750001 0.25 0.6106785718750001 0.2638869046875 0.6236964281249999 0.2638869046875 0.6236964281249999 0.25