4 0.57421875 0.3984375 0.5136741078125 0.3984375 0.5136741078125 0.47070535781249995 0.57421875 0.47070535781249995 0.57421875 0.3984375
4 0.7597678578125 0.1796875 0.66015625 0.1796875 0.66015625 0.27734375 0.7597678578125 0.27734375 0.7597678578125 0.1796875
4 0.6328125 0.48242410781249995 0.55859375 0.48242410781249995 0.55859375 0.55078125 0.6328125 0.55078125 0.6328125 0.48242410781249995
4 0.6015625 0.7441428578125 0.5488303578125 0.7441428578125 0.5488303578125 0.828125 0.6015625 0.828125 0.6015625 0.7441428578125
4 0.4609375 0.6777366078125 0.41601785781249995 0.6777366078125 0.41601785781249995 0.7578125 0.4609375 0.7578125 0.4609375 0.6777366078125
4 0.3808616078125 0.75390625 0.2832053578125 0.75390625 0.2832053578125 0.921875 0.3808616078125 0.921875 0.3808616078125 0.75390625
4 0.31640625 0.16015625 0.05859375 0.16015625 0.05859375 0.5 0.31640625 0.5 0.31640625 0.16015625
4 0.3964866078125 0.0175803578125 0.1582053578125 0.0175803578125 0.1582053578125 0.2558616078125 0.3964866078125 0.2558616078125 0.3964866078125 0.0175803578125
4 0.5625 0.2246116078125 0.42383035781249995 0.2246116078125 0.42383035781249995 0.3828125 0.5625 0.3828125 0.5625 0.2246116078125
4 0.97265625 0.3652366078125 0.8515625 0.3652366078125 0.8515625 0.53515625 0.97265625 0.53515625 0.97265625 0.3652366078125
4 0.7871116078125 0.46484375 0.7246116078125 0.46484375 0.7246116078125 0.5136741078125 0.7871116078125 0.5136741078125 0.7871116078125 0.46484375
4 0.83203125 0.42383035781249995 0.7949241078125 0.42383035781249995 0.7949241078125 0.46484375 0.83203125 0.46484375 0.83203125 0.42383035781249995
4 0.8613303578125 0.52734375 0.765625 0.52734375 0.765625 0.61328125 0.8613303578125 0.61328125 0.8613303578125 0.52734375
4 0.7675803578125 0.515625 0.6796875 0.515625 0.6796875 0.70703125 0.7675803578125 0.70703125 0.7675803578125 0.515625
4 0.9121116078125 0.71875 0.83984375 0.71875 0.83984375 0.84765625 0.9121116078125 0.84765625 0.9121116078125 0.71875
4 0.94140625 0.59765625 0.8652366078125 0.59765625 0.8652366078125 0.6542991078125 0.94140625 0.6542991078125 0.94140625 0.59765625
4 0.43359375 0.47070535781249995 0.40429910781249995 0.47070535781249995 0.40429910781249995 0.5332053578125 0.43359375 0.5332053578125 0.43359375 0.47070535781249995
4 0.3691428578125 0.6386741078125 0.3222678578125 0.6386741078125 0.3222678578125 0.70703125 0.3691428578125 0.70703125 0.3691428578125 0.6386741078125
4 0.42578125 0.0019553578125 0.3847678578125 0.0019553578125 0.3847678578125 0.0136741078125 0.42578125 0.0136741078125 0.42578125 0.0019553578125
4 0.1582053578125 0.5546875 0.12890625 0.5546875 0.12890625 0.58984375 0.1582053578125 0.58984375 0.1582053578125 0.5546875
4 0.28125 0.5800803578125 0.26171875 0.5800803578125 0.26171875 0.6074241078125 0.28125 0.6074241078125 0.28125 0.5800803578125
4 0.3203125 0.5761741078125 0.3046875 0.5761741078125 0.3046875 0.6015625 0.3203125 0.6015625 0.3203125 0.5761741078125
4 0.2753928578125 0.6894553578125 0.2578125 0.6894553578125 0.2578125 0.71875 0.2753928578125 0.71875 0.2753928578125 0.6894553578125
4 0.3769553578125 0.7285178578125 0.3496116078125 0.7285178578125 0.3496116078125 0.765625 0.3769553578125 0.765625 0.3769553578125 0.7285178578125
4 0.53125 0.0390625 0.48828125 0.0390625 0.48828125 0.1386741078125 0.53125 0.1386741078125 0.53125 0.0390625
4 0.1503928578125 0.0214866078125 0.1035178578125 0.0214866078125 0.1035178578125 0.06640625 0.1503928578125 0.06640625 0.1503928578125 0.0214866078125
4 0.3261741078125 0.45703125 0.2441428578125 0.45703125 0.2441428578125 0.51953125 0.3261741078125 0.51953125 0.3261741078125 0.45703125
4 0.02734375 0.4453125 0.0058616078125 0.4453125 0.0058616078125 0.4765625 0.02734375 0.4765625 0.02734375 0.4453125
4 0.65625 0.8886741078125 0.6152366078125 0.8886741078125 0.6152366078125 0.9277366078125 0.65625 0.9277366078125 0.65625 0.8886741078125