5 0.5900669640625 0.0102067046875 0.035580357812500005 0.0102067046875 0.035580357812500005 0.6577039109375 0.5900669640625 0.6577039109375 0.5900669640625 0.0102067046875
7 0.7664955359375 0.7866424578125 0.339508928125 0.7866424578125 0.339508928125 0.9935083796875 0.7664955359375 0.9935083796875 0.7664955359375 0.7866424578125
8 0.144553571875 0.0528770953125 0.077834821875 0.0528770953125 0.077834821875 0.12616201093749999 0.144553571875 0.12616201093749999 0.144553571875 0.0528770953125
8 0.2023705359375 0.0371061453125 0.180133928125 0.0371061453125 0.180133928125 0.06493296093749999 0.2023705359375 0.06493296093749999 0.2023705359375 0.0371061453125
8 0.34914732187499997 0.10389385468750001 0.315790178125 0.10389385468750001 0.315790178125 0.1382178765625 0.34914732187499997 0.1382178765625 0.34914732187499997 0.10389385468750001
3 0.42994642812499995 0.105754190625 0.392883928125 0.105754190625 0.392883928125 0.16048044687500002 0.42994642812499995 0.16048044687500002 0.42994642812499995 0.105754190625
3 0.4640491078125 0.105754190625 0.4284642859375 0.105754190625 0.4284642859375 0.16419553125 0.4640491078125 0.16419553125 0.4640491078125 0.105754190625
3 0.43810267812500003 0.1502793296875 0.40103571406249994 0.1502793296875 0.40103571406249994 0.20686592187500003 0.43810267812500003 0.20686592187500003 0.43810267812500003 0.1502793296875
8 0.28836160781250003 0.5306145250000001 0.2609330359375 0.5306145250000001 0.2609330359375 0.5630837984375 0.28836160781250003 0.5630837984375 0.28836160781250003 0.5306145250000001
8 0.3721294640625 0.3905419 0.3461830359375 0.3905419 0.3461830359375 0.4397039109375 0.3721294640625 0.4397039109375 0.3721294640625 0.3905419
8 0.2957767859375 0.2820055859375 0.263897321875 0.2820055859375 0.263897321875 0.332100559375 0.2957767859375 0.332100559375 0.2957767859375 0.2820055859375
8 0.22683482187499998 0.7810782125 0.203852678125 0.7810782125 0.203852678125 0.8116927374999999 0.22683482187499998 0.8116927374999999 0.22683482187499998 0.7810782125
8 0.1971830359375 0.815402234375 0.1704955359375 0.815402234375 0.1704955359375 0.8395195531249999 0.1971830359375 0.8395195531249999 0.1971830359375 0.815402234375
8 0.1704955359375 0.83581005625 0.1527053578125 0.83581005625 0.1527053578125 0.8664245812500001 0.1704955359375 0.8664245812500001 0.1704955359375 0.83581005625
8 0.07487053593750001 0.8738435750000001 0.05337499999999999 0.8738435750000001 0.05337499999999999 0.9044581 0.07487053593750001 0.9044581 0.07487053593750001 0.8738435750000001
8 0.3335803578125 0.32003910625 0.312084821875 0.32003910625 0.312084821875 0.338592178125 0.3335803578125 0.338592178125 0.3335803578125 0.32003910625
8 0.32987500000000003 0.34879329531250003 0.31060267812500003 0.34879329531250003 0.31060267812500003 0.3645642453125 0.32987500000000003 0.3645642453125 0.32987500000000003 0.34879329531250003
8 0.32171875 0.362709496875 0.29948214218749997 0.362709496875 0.29948214218749997 0.3849720671875 0.32171875 0.3849720671875 0.32171875 0.362709496875
8 0.354334821875 0.3423016765625 0.3283928578125 0.3423016765625 0.3283928578125 0.3766256984375 0.354334821875 0.3766256984375 0.354334821875 0.3423016765625
8 0.26241517812500004 0.21613966406250001 0.2461071421875 0.21613966406250001 0.2461071421875 0.2365474859375 0.26241517812500004 0.2365474859375 0.26241517812500004 0.21613966406250001
8 0.28762053593750003 0.2040837984375 0.2735357140625 0.2040837984375 0.2735357140625 0.22634636874999997 0.28762053593750003 0.22634636874999997 0.28762053593750003 0.2040837984375
8 0.208303571875 0.1938770953125 0.19421875 0.1938770953125 0.19421875 0.22634636874999997 0.208303571875 0.22634636874999997 0.208303571875 0.1938770953125
3 0.21275 0.192022346875 0.1957008921875 0.192022346875 0.1957008921875 0.22820111718749997 0.21275 0.22820111718749997 0.21275 0.192022346875
8 0.285397321875 0.40723463750000005 0.275758928125 0.40723463750000005 0.275758928125 0.4276480453125 0.285397321875 0.4276480453125 0.285397321875 0.40723463750000005
8 0.30466964218750003 0.39796089375 0.28836160781250003 0.39796089375 0.28836160781250003 0.4146592171875 0.30466964218750003 0.4146592171875 0.30466964218750003 0.39796089375
8 0.2157142859375 0.5250502796875 0.1979241078125 0.5250502796875 0.1979241078125 0.5408212296875 0.2157142859375 0.5408212296875 0.2157142859375 0.5250502796875
8 0.22609374999999998 0.5491675984375 0.2053392859375 0.5491675984375 0.2053392859375 0.5732849156250001 0.22609374999999998 0.5732849156250001 0.22609374999999998 0.5491675984375
8 0.25055803593750003 0.574212290625 0.232022321875 0.574212290625 0.232022321875 0.60018994375 0.25055803593750003 0.60018994375 0.25055803593750003 0.574212290625
8 0.28465625 0.48237430156250005 0.266125 0.48237430156250005 0.266125 0.5120614531250001 0.28465625 0.5120614531250001 0.28465625 0.48237430156250005
8 0.492959821875 0.2949944140625 0.46849553593750004 0.2949944140625 0.46849553593750004 0.32282122968750004 0.492959821875 0.32282122968750004 0.492959821875 0.2949944140625
2 0.819866071875 0.0528770953125 0.61453125 0.0528770953125 0.61453125 0.5584413406250001 0.819866071875 0.5584413406250001 0.819866071875 0.0528770953125
3 0.07487053593750001 0.379407821875 0.04521875 0.379407821875 0.04521875 0.41744134062500005 0.07487053593750001 0.41744134062500005 0.07487053593750001 0.379407821875
3 0.144553571875 0.338592178125 0.1289866078125 0.338592178125 0.1289866078125 0.3645642453125 0.144553571875 0.3645642453125 0.144553571875 0.338592178125
3 0.18235714218750002 0.393324021875 0.16530803593750001 0.393324021875 0.16530803593750001 0.41744134062500005 0.18235714218750002 0.41744134062500005 0.18235714218750002 0.393324021875
3 0.1119330359375 0.1985139671875 0.0489241078125 0.1985139671875 0.0489241078125 0.2708715078125 0.1119330359375 0.2708715078125 0.1119330359375 0.1985139671875
3 0.0229821421875 0.30426815625 0.0074107140625 0.30426815625 0.0074107140625 0.3311675984375 0.0229821421875 0.3311675984375 0.0229821421875 0.30426815625
3 0.0689419640625 0.141 0.045959821875 0.141 0.045959821875 0.1660502796875 0.0689419640625 0.1660502796875 0.0689419640625 0.141