3 0.96875 0.1074241078125 0.67578125 0.1074241078125 0.67578125 0.27734375 0.96875 0.27734375 0.96875 0.1074241078125
2 0.9160178578125 0.1152366078125 0.12890625 0.1152366078125 0.12890625 0.9550803578125 0.9160178578125 0.9550803578125 0.9160178578125 0.1152366078125
3 0.5644553578125 0.7675803578125 0.45703125 0.7675803578125 0.45703125 0.9785178578125 0.5644553578125 0.9785178578125 0.5644553578125 0.7675803578125
3 0.625 0.60546875 0.5566428578125 0.60546875 0.5566428578125 0.76171875 0.625 0.76171875 0.625 0.60546875
3 0.92578125 0.40820535781249995 0.78515625 0.40820535781249995 0.78515625 0.5410178578125 0.92578125 0.5410178578125 0.92578125 0.40820535781249995
3 0.9921875 0.54296875 0.9375 0.54296875 0.9375 0.66796875 0.9921875 0.66796875 0.9921875 0.54296875
3 0.26171875 0.6621116078125 0.1699241078125 0.6621116078125 0.1699241078125 0.7753928578125 0.26171875 0.7753928578125 0.26171875 0.6621116078125
3 0.6464866078125 0.78515625 0.6035178578125 0.78515625 0.6035178578125 0.8417991078125 0.6464866078125 0.8417991078125 0.6464866078125 0.78515625
3 0.5546875 0.6503928578125 0.5136741078125 0.6503928578125 0.5136741078125 0.7089866078125 0.5546875 0.7089866078125 0.5546875 0.6503928578125
7 0.9941428578125 0.7753928578125 0.7519553578125 0.7753928578125 0.7519553578125 0.9980491078125 0.9941428578125 0.9980491078125 0.9941428578125 0.7753928578125
4 0.25 0.66796875 0.19921875 0.66796875 0.19921875 0.73046875 0.25 0.73046875 0.25 0.66796875
4 0.8417991078125 0.45117410781249995 0.8066428578125 0.45117410781249995 0.8066428578125 0.49414285781249995 0.8417991078125 0.49414285781249995 0.8417991078125 0.45117410781249995
4 0.9140625 0.49414285781249995 0.8886741078125 0.49414285781249995 0.8886741078125 0.5292991078125 0.9140625 0.5292991078125 0.9140625 0.49414285781249995
4 0.9042991078125 0.1503928578125 0.8769553578125 0.1503928578125 0.8769553578125 0.1816428578125 0.9042991078125 0.1816428578125 0.9042991078125 0.1503928578125
4 0.77734375 0.1425803578125 0.7421875 0.1425803578125 0.7421875 0.1660178578125 0.77734375 0.1660178578125 0.77734375 0.1425803578125
4 0.8808616078125 0.07421875 0.8417991078125 0.07421875 0.8417991078125 0.0996116078125 0.8808616078125 0.0996116078125 0.8808616078125 0.07421875