4 0.5917991078125 0.1230491078125 0.3828125 0.1230491078125 0.3828125 0.29296875 0.5917991078125 0.29296875 0.5917991078125 0.1230491078125
4 0.1542991078125 0.0566428578125 0.025392857812500003 0.0566428578125 0.025392857812500003 0.1953125 0.1542991078125 0.1953125 0.1542991078125 0.0566428578125
4 0.8535178578125 0.2421875 0.7871116078125 0.2421875 0.7871116078125 0.3515625 0.8535178578125 0.3515625 0.8535178578125 0.2421875
4 0.99609375 0.52734375 0.96484375 0.52734375 0.96484375 0.6328125 0.99609375 0.6328125 0.99609375 0.52734375
4 0.7480491078125 0.3378928578125 0.7011741078125 0.3378928578125 0.7011741078125 0.3886741078125 0.7480491078125 0.3886741078125 0.7480491078125 0.3378928578125
4 0.53125 0.3515625 0.49023660781249995 0.3515625 0.49023660781249995 0.3847678578125 0.53125 0.3847678578125 0.53125 0.3515625
4 0.5449241078125 0.43554910781249995 0.50390625 0.43554910781249995 0.50390625 0.47461160781249995 0.5449241078125 0.47461160781249995 0.5449241078125 0.43554910781249995
4 0.84765625 0.0644553578125 0.6503928578125 0.0644553578125 0.6503928578125 0.1621116078125 0.84765625 0.1621116078125 0.84765625 0.0644553578125
4 0.9941428578125 0.703125 0.9746116078125 0.703125 0.9746116078125 0.8300803578125 0.9941428578125 0.8300803578125 0.9941428578125 0.703125
7 0.96875 0.8105491078125 0.85546875 0.8105491078125 0.85546875 0.9375 0.96875 0.9375 0.96875 0.8105491078125
5 0.41015625 0.4609375 0.0371116078125 0.4609375 0.0371116078125 0.9707053578125 0.41015625 0.9707053578125 0.41015625 0.4609375