3 0.9980491078125 0.2050803578125 0.7441428578125 0.2050803578125 0.7441428578125 0.37109375 0.9980491078125 0.37109375 0.9980491078125 0.2050803578125
3 0.74609375 0.76171875 0.59765625 0.76171875 0.59765625 0.984375 0.74609375 0.984375 0.74609375 0.76171875
3 0.37109375 0.6269553578125 0.1875 0.6269553578125 0.1875 0.8066428578125 0.37109375 0.8066428578125 0.37109375 0.6269553578125
3 0.7734375 0.6796875 0.6894553578125 0.6796875 0.6894553578125 0.7441428578125 0.7734375 0.7441428578125 0.7734375 0.6796875
3 0.74609375 0.6191428578125 0.6621116078125 0.6191428578125 0.6621116078125 0.67578125 0.74609375 0.67578125 0.74609375 0.6191428578125
7 0.7480491078125 0.9042991078125 0.6035178578125 0.9042991078125 0.6035178578125 0.9921875 0.7480491078125 0.9921875 0.7480491078125 0.9042991078125
5 0.81640625 0.1894553578125 0.234375 0.1894553578125 0.234375 0.57421875 0.81640625 0.57421875 0.81640625 0.1894553578125
3 0.8984375 0.3769553578125 0.859375 0.3769553578125 0.859375 0.453125 0.8984375 0.453125 0.8984375 0.3769553578125
3 0.9355491078125 0.45898660781249995 0.8691428578125 0.45898660781249995 0.8691428578125 0.52734375 0.9355491078125 0.52734375 0.9355491078125 0.45898660781249995
3 0.9550803578125 0.5253928578125 0.9277366078125 0.5253928578125 0.9277366078125 0.55859375 0.9550803578125 0.55859375 0.9550803578125 0.5253928578125
3 0.9824241078125 0.5488303578125 0.9628928578125 0.5488303578125 0.9628928578125 0.5722678578125 0.9824241078125 0.5722678578125 0.9824241078125 0.5488303578125
3 0.45703125 0.5996116078125 0.40429910781249995 0.5996116078125 0.40429910781249995 0.63671875 0.45703125 0.63671875 0.45703125 0.5996116078125
3 0.41601785781249995 0.7246116078125 0.3886741078125 0.7246116078125 0.3886741078125 0.7480491078125 0.41601785781249995 0.7480491078125 0.41601785781249995 0.7246116078125
3 0.796875 0.8144553578125 0.7578125 0.8144553578125 0.7578125 0.8417991078125 0.796875 0.8417991078125 0.796875 0.8144553578125
4 0.328125 0.6699241078125 0.28515625 0.6699241078125 0.28515625 0.76171875 0.328125 0.76171875 0.328125 0.6699241078125
4 0.30078125 0.7285178578125 0.25390625 0.7285178578125 0.25390625 0.7675803578125 0.30078125 0.7675803578125 0.30078125 0.7285178578125
4 0.2363303578125 0.7207053578125 0.19921875 0.7207053578125 0.19921875 0.796875 0.2363303578125 0.796875 0.2363303578125 0.7207053578125
4 0.6699241078125 0.78125 0.6308616078125 0.78125 0.6308616078125 0.8222678578125 0.6699241078125 0.8222678578125 0.6699241078125 0.78125
4 0.9355491078125 0.21875 0.87109375 0.21875 0.87109375 0.2519553578125 0.9355491078125 0.2519553578125 0.9355491078125 0.21875
8 0.0683616078125 0.8027366078125 0.05078125 0.8027366078125 0.05078125 0.8613303578125 0.0683616078125 0.8613303578125 0.0683616078125 0.8027366078125
8 0.1035178578125 0.87890625 0.0722678578125 0.87890625 0.0722678578125 0.9042991078125 0.1035178578125 0.9042991078125 0.1035178578125 0.87890625
4 0.75390625 0.69140625 0.70703125 0.69140625 0.70703125 0.73046875 0.75390625 0.73046875 0.75390625 0.69140625
4 0.1484375 0.1855491078125 0.12890625 0.1855491078125 0.12890625 0.2089866078125 0.1484375 0.2089866078125 0.1484375 0.1855491078125
4 0 0.2441428578125 0.01171875 0.2441428578125 0.01171875 0.22265625 0 0.22265625 0 0.2441428578125