4 0.0703125 0.6171875 0.0078125 0.6171875 0.0078125 0.6855491078125 0.0703125 0.6855491078125 0.0703125 0.6171875
4 0.04296875 0.73046875 0.0078125 0.73046875 0.0078125 0.80078125 0.04296875 0.80078125 0.04296875 0.73046875
4 0.953125 0.0175803578125 0.8574241078125 0.0175803578125 0.8574241078125 0.14453125 0.953125 0.14453125 0.953125 0.0175803578125
4 0.9765625 0.0839866078125 0.81640625 0.0839866078125 0.81640625 0.3496116078125 0.9765625 0.3496116078125 0.9765625 0.0839866078125
4 0.9296875 0.3222678578125 0.8515625 0.3222678578125 0.8515625 0.41796875 0.9296875 0.41796875 0.9296875 0.3222678578125
4 0.7871116078125 0.3339866078125 0.7050803578125 0.3339866078125 0.7050803578125 0.42773660781249995 0.7871116078125 0.42773660781249995 0.7871116078125 0.3339866078125
4 0.5546875 0.06640625 0.46679910781249995 0.06640625 0.46679910781249995 0.1484375 0.5546875 0.1484375 0.5546875 0.06640625
4 0.47461160781249995 0.21875 0.3671875 0.21875 0.3671875 0.3066428578125 0.47461160781249995 0.3066428578125 0.47461160781249995 0.21875
4 0.3671875 0.3183616078125 0.3105491078125 0.3183616078125 0.3105491078125 0.38671875 0.3671875 0.38671875 0.3671875 0.3183616078125
4 0.3574241078125 0.40820535781249995 0.2734375 0.40820535781249995 0.2734375 0.47851785781249995 0.3574241078125 0.47851785781249995 0.3574241078125 0.40820535781249995
3 0.41992410781249995 0.484375 0.19921875 0.484375 0.19921875 0.65625 0.41992410781249995 0.65625 0.41992410781249995 0.484375
4 0.2636741078125 0.5234375 0.06640625 0.5234375 0.06640625 0.671875 0.2636741078125 0.671875 0.2636741078125 0.5234375
5 0.83203125 0.0371116078125 0.52734375 0.0371116078125 0.52734375 0.4140625 0.83203125 0.4140625 0.83203125 0.0371116078125
5 0.28125 0.0097678578125 0.0078125 0.0097678578125 0.0078125 0.1933616078125 0.28125 0.1933616078125 0.28125 0.0097678578125
4 0.51953125 0.44921875 0.453125 0.44921875 0.453125 0.52734375 0.51953125 0.52734375 0.51953125 0.44921875
4 0.8261741078125 0.2636741078125 0.7890625 0.2636741078125 0.7890625 0.2949241078125 0.8261741078125 0.2949241078125 0.8261741078125 0.2636741078125
4 0.16796875 0.375 0.09375 0.375 0.09375 0.44726785781249995 0.16796875 0.44726785781249995 0.16796875 0.375
4 0.8730491078125 0.7285178578125 0.8125 0.7285178578125 0.8125 0.7890625 0.8730491078125 0.7890625 0.8730491078125 0.7285178578125
3 0.8203125 0.4921875 0.7792991078125 0.4921875 0.7792991078125 0.5292991078125 0.8203125 0.5292991078125 0.8203125 0.4921875
3 0.2558616078125 0.2578125 0.234375 0.2578125 0.234375 0.27734375 0.2558616078125 0.27734375 0.2558616078125 0.2578125
3 0.6855491078125 0.8457053578125 0.6484375 0.8457053578125 0.6484375 0.8984375 0.6855491078125 0.8984375 0.6855491078125 0.8457053578125