4 0.1269553578125 0.2050803578125 0.00390625 0.2050803578125 0.00390625 0.33203125 0.1269553578125 0.33203125 0.1269553578125 0.2050803578125
4 0.2128928578125 0.3730491078125 0.12109375 0.3730491078125 0.12109375 0.5292991078125 0.2128928578125 0.5292991078125 0.2128928578125 0.3730491078125
4 0.93359375 0.0917991078125 0.79296875 0.0917991078125 0.79296875 0.21875 0.93359375 0.21875 0.93359375 0.0917991078125
4 0.9316428578125 0.30859375 0.8125 0.30859375 0.8125 0.5332053578125 0.9316428578125 0.5332053578125 0.9316428578125 0.30859375
4 0.99609375 0.5703125 0.9277366078125 0.5703125 0.9277366078125 0.63671875 0.99609375 0.63671875 0.99609375 0.5703125
8 0.0410178578125 0.71484375 0.0078125 0.71484375 0.0078125 0.7558616078125 0.0410178578125 0.7558616078125 0.0410178578125 0.71484375
8 0.23828125 0.546875 0.19140625 0.546875 0.19140625 0.5839866078125 0.23828125 0.5839866078125 0.23828125 0.546875
4 0.21875 0.625 0.1328125 0.625 0.1328125 0.7128928578125 0.21875 0.7128928578125 0.21875 0.625
4 0.48242410781249995 0.0097678578125 0.40234375 0.0097678578125 0.40234375 0.0488303578125 0.48242410781249995 0.0488303578125 0.48242410781249995 0.0097678578125
5 0.8457053578125 0.0839866078125 0.5214866078125 0.0839866078125 0.5214866078125 0.76953125 0.8457053578125 0.76953125 0.8457053578125 0.0839866078125
4 0.796875 0.01953125 0.73046875 0.01953125 0.73046875 0.07421875 0.796875 0.07421875 0.796875 0.01953125
7 0.9628928578125 0.8144553578125 0.6796875 0.8144553578125 0.6796875 0.9863303578125 0.9628928578125 0.9863303578125 0.9628928578125 0.8144553578125
4 0.1875 0.7207053578125 0.16796875 0.7207053578125 0.16796875 0.7558616078125 0.1875 0.7558616078125 0.1875 0.7207053578125
8 0.078125 0.6621116078125 0.05859375 0.6621116078125 0.05859375 0.6796875 0.078125 0.6796875 0.078125 0.6621116078125