4 0 0 0 0.9980491078125 0.9980491078125 0.9980491078125 0.9980491078125 0 0 0
4 0.19921875 0.3105491078125 0.1035178578125 0.3105491078125 0.1035178578125 0.5703125 0.19921875 0.5703125 0.19921875 0.3105491078125
4 0.3964866078125 0.7597678578125 0.3417991078125 0.7597678578125 0.3417991078125 0.8417991078125 0.3964866078125 0.8417991078125 0.3964866078125 0.7597678578125
4 0.4609375 0.8222678578125 0.3984375 0.8222678578125 0.3984375 0.9003928578125 0.4609375 0.9003928578125 0.4609375 0.8222678578125
4 0.6855491078125 0.8613303578125 0.5878928578125 0.8613303578125 0.5878928578125 0.96875 0.6855491078125 0.96875 0.6855491078125 0.8613303578125
4 0.7714866078125 0.7402366078125 0.5683616078125 0.7402366078125 0.5683616078125 0.8496116078125 0.7714866078125 0.8496116078125 0.7714866078125 0.7402366078125
4 0.9921875 0.25 0.859375 0.25 0.859375 0.3535178578125 0.9921875 0.3535178578125 0.9921875 0.25
4 0.984375 0.3574241078125 0.9121116078125 0.3574241078125 0.9121116078125 0.41992410781249995 0.984375 0.41992410781249995 0.984375 0.3574241078125
4 0.7949241078125 0.078125 0.68359375 0.078125 0.68359375 0.2285178578125 0.7949241078125 0.2285178578125 0.7949241078125 0.078125
4 0.5917991078125 0.27734375 0.47461160781249995 0.27734375 0.47461160781249995 0.37109375 0.5917991078125 0.37109375 0.5917991078125 0.27734375
4 0.7128928578125 0.16796875 0.5917991078125 0.16796875 0.5917991078125 0.28125 0.7128928578125 0.28125 0.7128928578125 0.16796875
4 0.1875 0 0.1875 0.0917991078125 0.2734375 0.0917991078125 0.2734375 0 0.1875 0
4 0.35546875 0.66796875 0.28515625 0.66796875 0.28515625 0.796875 0.35546875 0.796875 0.35546875 0.66796875
4 0.70703125 0.3828125 0.5566428578125 0.3828125 0.5566428578125 0.6171875 0.70703125 0.6171875 0.70703125 0.3828125
4 0.42383035781249995 0.1777366078125 0.3066428578125 0.1777366078125 0.3066428578125 0.2910178578125 0.42383035781249995 0.2910178578125 0.42383035781249995 0.1777366078125
4 0.55078125 0.0410178578125 0.3730491078125 0.0410178578125 0.3730491078125 0.2441428578125 0.55078125 0.2441428578125 0.55078125 0.0410178578125
4 0.3496116078125 0.10546875 0.140625 0.10546875 0.140625 0.2597678578125 0.3496116078125 0.2597678578125 0.3496116078125 0.10546875
4 0.41015625 0.5078125 0.30078125 0.5078125 0.30078125 0.65234375 0.41015625 0.65234375 0.41015625 0.5078125
4 0.328125 0.40234375 0.0058616078125 0.40234375 0.0058616078125 0.65625 0.328125 0.65625 0.328125 0.40234375
4 0.6152366078125 0.0019553578125 0.4765625 0.0019553578125 0.4765625 0.0644553578125 0.6152366078125 0.0644553578125 0.6152366078125 0.0019553578125
8 0.9941428578125 0.41992410781249995 0.87109375 0.41992410781249995 0.87109375 0.546875 0.9941428578125 0.546875 0.9941428578125 0.41992410781249995
7 0.9980491078125 0.5058616078125 0.8359375 0.5058616078125 0.8359375 0.9394553578125 0.9980491078125 0.9394553578125 0.9980491078125 0.5058616078125
4 0.5878928578125 0.80078125 0.46875 0.80078125 0.46875 0.94140625 0.5878928578125 0.94140625 0.5878928578125 0.80078125
4 0.08203125 0.7792991078125 0.01171875 0.7792991078125 0.01171875 0.8730491078125 0.08203125 0.8730491078125 0.08203125 0.7792991078125