4 0.9707053578125 0.43359375 0.92578125 0.43359375 0.92578125 0.4921875 0.9707053578125 0.4921875 0.9707053578125 0.43359375
4 0.9003928578125 0.25390625 0.8535178578125 0.25390625 0.8535178578125 0.3066428578125 0.9003928578125 0.3066428578125 0.9003928578125 0.25390625
4 0.9609375 0.3261741078125 0.90625 0.3261741078125 0.90625 0.3828125 0.9609375 0.3828125 0.9609375 0.3261741078125
4 0.1308616078125 0 0.1308616078125 0.0488303578125 0.2441428578125 0.0488303578125 0.2441428578125 0 0.1308616078125 0
4 0.45508035781249995 0 0.45508035781249995 0.0390625 0.6269553578125 0.0390625 0.6269553578125 0 0.45508035781249995 0
4 0.6425803578125 0.0410178578125 0.5761741078125 0.0410178578125 0.5761741078125 0.0761741078125 0.6425803578125 0.0761741078125 0.6425803578125 0.0410178578125
4 0.8261741078125 0.0058616078125 0.6503928578125 0.0058616078125 0.6503928578125 0.1328125 0.8261741078125 0.1328125 0.8261741078125 0.0058616078125
4 0.34765625 0.3125 0.28515625 0.3125 0.28515625 0.35546875 0.34765625 0.35546875 0.34765625 0.3125
4 0.3984375 0.3339866078125 0.36328125 0.3339866078125 0.36328125 0.3847678578125 0.3984375 0.3847678578125 0.3984375 0.3339866078125
4 0.40429910781249995 0.3984375 0.35546875 0.3984375 0.35546875 0.43945535781249995 0.40429910781249995 0.43945535781249995 0.40429910781249995 0.3984375
5 0.6640625 0.5566428578125 0.0722678578125 0.5566428578125 0.0722678578125 0.9941428578125 0.6640625 0.9941428578125 0.6640625 0.5566428578125
7 0.9707053578125 0.7753928578125 0.7421875 0.7753928578125 0.7421875 0.9941428578125 0.9707053578125 0.9941428578125 0.9707053578125 0.7753928578125