8 0.6015625 0.2832053578125 0.55859375 0.2832053578125 0.55859375 0.3574241078125 0.6015625 0.3574241078125 0.6015625 0.2832053578125
8 0.6777366078125 0.25390625 0.6152366078125 0.25390625 0.6152366078125 0.3828125 0.6777366078125 0.3828125 0.6777366078125 0.25390625
8 0.6425803578125 0.3828125 0.5683616078125 0.3828125 0.5683616078125 0.46679910781249995 0.6425803578125 0.46679910781249995 0.6425803578125 0.3828125
8 0.796875 0.75390625 0.7128928578125 0.75390625 0.7128928578125 0.84375 0.796875 0.84375 0.796875 0.75390625
8 0.8378928578125 0.70703125 0.7753928578125 0.70703125 0.7753928578125 0.76171875 0.8378928578125 0.76171875 0.8378928578125 0.70703125
8 0.97265625 0.5917991078125 0.92578125 0.5917991078125 0.92578125 0.65625 0.97265625 0.65625 0.97265625 0.5917991078125
8 0.8925803578125 0.77734375 0.84375 0.77734375 0.84375 0.8417991078125 0.8925803578125 0.8417991078125 0.8925803578125 0.77734375
8 0.7402366078125 0.59765625 0.6738303578125 0.59765625 0.6738303578125 0.6484375 0.7402366078125 0.6484375 0.7402366078125 0.59765625
8 0.5859375 0.5683616078125 0.54296875 0.5683616078125 0.54296875 0.61328125 0.5859375 0.61328125 0.5859375 0.5683616078125
8 0.90234375 0.0097678578125 0.8359375 0.0097678578125 0.8359375 0.0878928578125 0.90234375 0.0878928578125 0.90234375 0.0097678578125
5 0.6386741078125 0.0371116078125 0.40234375 0.0371116078125 0.40234375 0.3183616078125 0.6386741078125 0.3183616078125 0.6386741078125 0.0371116078125
4 0.9433616078125 0.69921875 0.8828125 0.69921875 0.8828125 0.7558616078125 0.9433616078125 0.7558616078125 0.9433616078125 0.69921875
8 0.9980491078125 0.7128928578125 0.9609375 0.7128928578125 0.9609375 0.76171875 0.9980491078125 0.76171875 0.9980491078125 0.7128928578125
8 0.9121116078125 0.6425803578125 0.890625 0.6425803578125 0.890625 0.66015625 0.9121116078125 0.66015625 0.9121116078125 0.6425803578125
8 0.99609375 0.4921875 0.9628928578125 0.4921875 0.9628928578125 0.5644553578125 0.99609375 0.5644553578125 0.99609375 0.4921875
8 0.91796875 0.14453125 0.8828125 0.14453125 0.8828125 0.1777366078125 0.91796875 0.1777366078125 0.91796875 0.14453125
8 0.7578125 0.6308616078125 0.7324241078125 0.6308616078125 0.7324241078125 0.6582053578125 0.7578125 0.6582053578125 0.7578125 0.6308616078125
8 0.86328125 0.6777366078125 0.8359375 0.6777366078125 0.8359375 0.7089866078125 0.86328125 0.7089866078125 0.86328125 0.6777366078125
8 0.9511741078125 0.69921875 0.875 0.69921875 0.875 0.7558616078125 0.9511741078125 0.7558616078125 0.9511741078125 0.69921875