6 0.26953125 0.5449241078125 0.0019553578125 0.5449241078125 0.0019553578125 0.8730491078125 0.26953125 0.8730491078125 0.26953125 0.5449241078125
8 0.16796875 0.63671875 0.1171875 0.63671875 0.1171875 0.6933616078125 0.16796875 0.6933616078125 0.16796875 0.63671875
8 0.1386741078125 0.57421875 0.08203125 0.57421875 0.08203125 0.62890625 0.1386741078125 0.62890625 0.1386741078125 0.57421875
8 0.19921875 0.5410178578125 0.15625 0.5410178578125 0.15625 0.59765625 0.19921875 0.59765625 0.19921875 0.5410178578125
8 0.234375 0.5410178578125 0.19921875 0.5410178578125 0.19921875 0.5839866078125 0.234375 0.5839866078125 0.234375 0.5410178578125
2 0.26953125 0.5449241078125 0.0019553578125 0.5449241078125 0.0019553578125 0.8730491078125 0.26953125 0.8730491078125 0.26953125 0.5449241078125
5 0.2832053578125 0.4140625 0.109375 0.4140625 0.109375 0.5605491078125 0.2832053578125 0.5605491078125 0.2832053578125 0.4140625
1 0.8300803578125 0.5 0.5605491078125 0.5 0.5605491078125 0.71484375 0.8300803578125 0.71484375 0.8300803578125 0.5
1 0.9785178578125 0.0761741078125 0.796875 0.0761741078125 0.796875 0.6269553578125 0.9785178578125 0.6269553578125 0.9785178578125 0.0761741078125
1 0.62109375 0.0136741078125 0.4296875 0.0136741078125 0.4296875 0.2324241078125 0.62109375 0.2324241078125 0.62109375 0.0136741078125
1 0.6230491078125 0 0.6230491078125 0.50390625 0.81640625 0.50390625 0.81640625 0 0.6230491078125 0
1 0 0.2636741078125 0.13671875 0.2636741078125 0.13671875 0.03125 0 0.03125 0 0.2636741078125