3 0.98828125 0.1542991078125 0.7988303578125 0.1542991078125 0.7988303578125 0.41211160781249995 0.98828125 0.41211160781249995 0.98828125 0.1542991078125
4 0.6582053578125 0.0078125 0.359375 0.0078125 0.359375 0.1035178578125 0.6582053578125 0.1035178578125 0.6582053578125 0.0078125
4 0.1738303578125 0.029299107812500003 0.0410178578125 0.029299107812500003 0.0410178578125 0.1464866078125 0.1738303578125 0.1464866078125 0.1738303578125 0.029299107812500003
4 0.8222678578125 0.0097678578125 0.5019553578125 0.0097678578125 0.5019553578125 0.2109375 0.8222678578125 0.2109375 0.8222678578125 0.0097678578125
5 0.65234375 0.23828125 0.35546875 0.23828125 0.35546875 0.45508035781249995 0.65234375 0.45508035781249995 0.65234375 0.23828125
3 0.7089866078125 0.5546875 0.625 0.5546875 0.625 0.625 0.7089866078125 0.625 0.7089866078125 0.5546875
3 0.80859375 0.578125 0.77734375 0.578125 0.77734375 0.6191428578125 0.80859375 0.6191428578125 0.80859375 0.578125
3 0.88671875 0.6542991078125 0.84375 0.6542991078125 0.84375 0.6933616078125 0.88671875 0.6933616078125 0.88671875 0.6542991078125
3 0.9453125 0.6621116078125 0.9042991078125 0.6621116078125 0.9042991078125 0.7050803578125 0.9453125 0.7050803578125 0.9453125 0.6621116078125
3 0.6855491078125 0.7109375 0.6503928578125 0.7109375 0.6503928578125 0.7597678578125 0.6855491078125 0.7597678578125 0.6855491078125 0.7109375
3 0.7246116078125 0.7324241078125 0.6816428578125 0.7324241078125 0.6816428578125 0.7792991078125 0.7246116078125 0.7792991078125 0.7246116078125 0.7324241078125
4 0.68359375 0.2597678578125 0.49609375 0.2597678578125 0.49609375 0.3105491078125 0.68359375 0.3105491078125 0.68359375 0.2597678578125
4 0.46484375 0.3046875 0.41601785781249995 0.3046875 0.41601785781249995 0.3339866078125 0.46484375 0.3339866078125 0.46484375 0.3046875
4 0.9863303578125 0.1542991078125 0.9296875 0.1542991078125 0.9296875 0.21875 0.9863303578125 0.21875 0.9863303578125 0.1542991078125
4 0.99609375 0.21875 0.9609375 0.21875 0.9609375 0.31640625 0.99609375 0.31640625 0.99609375 0.21875
4 0.98828125 0.40625 0.9160178578125 0.40625 0.9160178578125 0.43359375 0.98828125 0.43359375 0.98828125 0.40625
4 0.0566428578125 0.1113303578125 0.0136741078125 0.1113303578125 0.0136741078125 0.1464866078125 0.0566428578125 0.1464866078125 0.0566428578125 0.1113303578125
3 0.6582053578125 0.1171875 0.6152366078125 0.1171875 0.6152366078125 0.1484375 0.6582053578125 0.1484375 0.6582053578125 0.1171875
3 0.62890625 0.16796875 0.5859375 0.16796875 0.5859375 0.2050803578125 0.62890625 0.2050803578125 0.62890625 0.16796875