5 0.8203125 0.0625 0.2597678578125 0.0625 0.2597678578125 0.5527366078125 0.8203125 0.5527366078125 0.8203125 0.0625
4 0.2011741078125 0.671875 0.0097678578125 0.671875 0.0097678578125 0.98828125 0.2011741078125 0.98828125 0.2011741078125 0.671875
3 0.9824241078125 0.51953125 0.83203125 0.51953125 0.83203125 0.6035178578125 0.9824241078125 0.6035178578125 0.9824241078125 0.51953125
3 0.6386741078125 0.6015625 0.54296875 0.6015625 0.54296875 0.7207053578125 0.6386741078125 0.7207053578125 0.6386741078125 0.6015625
4 0.5644553578125 0.8691428578125 0.48828125 0.8691428578125 0.48828125 0.921875 0.5644553578125 0.921875 0.5644553578125 0.8691428578125
4 0.6191428578125 0.6191428578125 0.58984375 0.6191428578125 0.58984375 0.69921875 0.6191428578125 0.69921875 0.6191428578125 0.6191428578125
4 0.9003928578125 0.5488303578125 0.87890625 0.5488303578125 0.87890625 0.5859375 0.9003928578125 0.5859375 0.9003928578125 0.5488303578125
4 0.921875 0.54296875 0.90625 0.54296875 0.90625 0.578125 0.921875 0.578125 0.921875 0.54296875
4 0.9609375 0.55078125 0.9316428578125 0.55078125 0.9316428578125 0.5957053578125 0.9609375 0.5957053578125 0.9609375 0.55078125
4 0.9921875 0.20703125 0.8222678578125 0.20703125 0.8222678578125 0.29296875 0.9921875 0.29296875 0.9921875 0.20703125
3 0.31640625 0.5800803578125 0.25390625 0.5800803578125 0.25390625 0.6425803578125 0.31640625 0.6425803578125 0.31640625 0.5800803578125
3 0.3984375 0.5527366078125 0.3203125 0.5527366078125 0.3203125 0.6074241078125 0.3984375 0.6074241078125 0.3984375 0.5527366078125
4 0.3183616078125 0.58203125 0.2578125 0.58203125 0.2578125 0.6425803578125 0.3183616078125 0.6425803578125 0.3183616078125 0.58203125
4 0.3886741078125 0.5546875 0.3203125 0.5546875 0.3203125 0.60546875 0.3886741078125 0.60546875 0.3886741078125 0.5546875
4 0.5917991078125 0.62109375 0.5644553578125 0.62109375 0.5644553578125 0.6933616078125 0.5917991078125 0.6933616078125 0.5917991078125 0.62109375
4 0.8105491078125 0.44140625 0.7636741078125 0.44140625 0.7636741078125 0.48828125 0.8105491078125 0.48828125 0.8105491078125 0.44140625