5 0.77734375 0.0703125 0.3808616078125 0.0703125 0.3808616078125 0.6933616078125 0.77734375 0.6933616078125 0.77734375 0.0703125
8 0.9941428578125 0.2441428578125 0.9589866078125 0.2441428578125 0.9589866078125 0.29296875 0.9941428578125 0.29296875 0.9941428578125 0.2441428578125
8 0.8378928578125 0.7792991078125 0.796875 0.7792991078125 0.796875 0.8457053578125 0.8378928578125 0.8457053578125 0.8378928578125 0.7792991078125
8 0.9433616078125 0.77734375 0.875 0.77734375 0.875 0.83984375 0.9433616078125 0.83984375 0.9433616078125 0.77734375
8 0.2265625 0.9433616078125 0.1796875 0.9433616078125 0.1796875 0.984375 0.2265625 0.984375 0.2265625 0.9433616078125
8 0.01953125 0.71484375 0.0019553578125 0.71484375 0.0019553578125 0.7597678578125 0.01953125 0.7597678578125 0.01953125 0.71484375
7 0.953125 0.8613303578125 0.7421875 0.8613303578125 0.7421875 0.98828125 0.953125 0.98828125 0.953125 0.8613303578125
1 0.4765625 0.1484375 0.1347678578125 0.1484375 0.1347678578125 0.65234375 0.4765625 0.65234375 0.4765625 0.1484375
1 0.1796875 0.5878928578125 0.0488303578125 0.5878928578125 0.0488303578125 0.69921875 0.1796875 0.69921875 0.1796875 0.5878928578125
4 0.45898660781249995 0.1308616078125 0.3925803578125 0.1308616078125 0.3925803578125 0.1875 0.45898660781249995 0.1875 0.45898660781249995 0.1308616078125
8 0.41601785781249995 0.1484375 0.40234375 0.1484375 0.40234375 0.171875 0.41601785781249995 0.171875 0.41601785781249995 0.1484375
8 0.453125 0.15234375 0.44140625 0.15234375 0.44140625 0.16796875 0.453125 0.16796875 0.453125 0.15234375
3 0.45898660781249995 0.84375 0.42578125 0.84375 0.42578125 0.875 0.45898660781249995 0.875 0.45898660781249995 0.84375