8 0.29948214218749997 0.0129888265625 0.24017857187499997 0.0129888265625 0.24017857187499997 0.0834860328125 0.29948214218749997 0.0834860328125 0.29948214218749997 0.0129888265625
8 0.37509375 0.000927375 0.285397321875 0.000927375 0.285397321875 0.0371061453125 0.37509375 0.0371061453125 0.37509375 0.000927375
8 0.6679017859374999 0.7903575421875 0.6226830359375 0.7903575421875 0.6226830359375 0.8321005593749999 0.6679017859374999 0.8321005593749999 0.6679017859374999 0.7903575421875
8 0.7123794640625001 0.8218938546875 0.68865625 0.8218938546875 0.68865625 0.8525083796875 0.7123794640625001 0.8525083796875 0.7123794640625001 0.8218938546875
8 0.6901428578125001 0.46753631249999994 0.6501116078125 0.46753631249999994 0.6501116078125 0.5055698328125 0.6901428578125001 0.5055698328125 0.6901428578125001 0.46753631249999994
8 0.669383928125 0.487944134375 0.618977678125 0.487944134375 0.618977678125 0.5361787703124999 0.669383928125 0.5361787703124999 0.669383928125 0.487944134375
8 0.9844330359375 0.46011173124999993 0.9540401781250001 0.46011173124999993 0.9540401781250001 0.5102067046875 0.9844330359375 0.5102067046875 0.9844330359375 0.46011173124999993
8 0.876946428125 0.658631284375 0.8480357140624999 0.658631284375 0.8480357140624999 0.7291284921875001 0.876946428125 0.7291284921875001 0.876946428125 0.658631284375
8 0.955522321875 0.5844189937500001 0.92809375 0.5844189937500001 0.92809375 0.620597765625 0.955522321875 0.620597765625 0.955522321875 0.5844189937500001
8 0.9444017859375 0.6465698328125 0.9058571421874999 0.6465698328125 0.9058571421874999 0.6938826812500001 0.9444017859375 0.6938826812500001 0.9444017859375 0.6465698328125
8 0.9377321421874999 0.401670390625 0.9043749999999999 0.401670390625 0.9043749999999999 0.4313575421875 0.9377321421874999 0.4313575421875 0.9377321421874999 0.401670390625
8 0.4188303578125 0.4359944140625 0.37954017812499996 0.4359944140625 0.37954017812499996 0.48608938593750006 0.4188303578125 0.48608938593750006 0.4188303578125 0.4359944140625
8 0.503334821875 0.46011173124999993 0.4151205359375 0.46011173124999993 0.4151205359375 0.5278324015625 0.503334821875 0.5278324015625 0.503334821875 0.46011173124999993
8 0.5137142859375 0.386826815625 0.44106696406249996 0.386826815625 0.44106696406249996 0.4554748609375 0.5137142859375 0.4554748609375 0.5137142859375 0.386826815625
8 0.5455892859375 0.245826815625 0.5226071421875 0.245826815625 0.5226071421875 0.28293296093750003 0.5455892859375 0.28293296093750003 0.5455892859375 0.245826815625
8 0.5055580359375 0.21985474843750002 0.466272321875 0.21985474843750002 0.466272321875 0.26067039062499997 0.5055580359375 0.26067039062499997 0.5055580359375 0.21985474843750002
8 0.49073214218750005 0.14564245781250001 0.42327678593750007 0.14564245781250001 0.42327678593750007 0.20964804531249998 0.49073214218750005 0.20964804531249998 0.49073214218750005 0.14564245781250001
8 0.44699999999999995 0.3172569828125 0.3639732140625 0.3172569828125 0.3639732140625 0.40723463750000005 0.44699999999999995 0.40723463750000005 0.44699999999999995 0.3172569828125
8 0.19051339218750002 0.2179944140625 0.161602678125 0.2179944140625 0.161602678125 0.24211731875 0.19051339218750002 0.24211731875 0.19051339218750002 0.2179944140625
8 0.1438080359375 0.15584357499999998 0.1245357140625 0.15584357499999998 0.1245357140625 0.1781061453125 0.1438080359375 0.1781061453125 0.1438080359375 0.15584357499999998
8 0.19199553593750002 0.141 0.1712366078125 0.141 0.1712366078125 0.16326815625 0.19199553593750002 0.16326815625 0.19199553593750002 0.141
8 0.2031116078125 0.0473072625 0.18532142812500002 0.0473072625 0.18532142812500002 0.0714301671875 0.2031116078125 0.0714301671875 0.2031116078125 0.0473072625
3 0.45663392812500003 0.534324021875 0.42994642812499995 0.534324021875 0.42994642812499995 0.6465698328125 0.45663392812500003 0.6465698328125 0.45663392812500003 0.534324021875
3 0.61971875 0.3729162015625 0.556709821875 0.3729162015625 0.556709821875 0.479592178125 0.61971875 0.479592178125 0.61971875 0.3729162015625
3 0.828022321875 0.3367374296875 0.61453125 0.3367374296875 0.61453125 0.4554748609375 0.828022321875 0.4554748609375 0.828022321875 0.3367374296875
3 0.38620982187499997 0.1901675984375 0.309116071875 0.1901675984375 0.309116071875 0.2801508375 0.38620982187499997 0.2801508375 0.38620982187499997 0.1901675984375
3 0.1208303578125 0.4230055859375 0.0793169640625 0.4230055859375 0.0793169640625 0.46753631249999994 0.1208303578125 0.46753631249999994 0.1208303578125 0.4230055859375
3 0.11416071406249999 0.4842346375 0.07561160781250001 0.4842346375 0.07561160781250001 0.5296871515625 0.11416071406249999 0.5296871515625 0.11416071406249999 0.4842346375
3 0.08525 0.5398882687500001 0.0370625 0.5398882687500001 0.0370625 0.5881284921875001 0.08525 0.5881284921875001 0.08525 0.5398882687500001
3 0.5040758921874999 0.7133631281249999 0.4862857140625 0.7133631281249999 0.4862857140625 0.745826815625 0.5040758921874999 0.745826815625 0.5040758921874999 0.7133631281249999
3 0.8977008921875 0.44155865937499994 0.851 0.44155865937499994 0.851 0.47588268125 0.8977008921875 0.47588268125 0.8977008921875 0.44155865937499994
3 0.9154910718749999 0.34137430156250004 0.8813928578124999 0.34137430156250004 0.8813928578124999 0.371061453125 0.9154910718749999 0.371061453125 0.9154910718749999 0.34137430156250004
8 0.819125 0.3970335203125 0.7998526781249999 0.3970335203125 0.7998526781249999 0.43784916249999994 0.819125 0.43784916249999994 0.819125 0.3970335203125
8 0.7902142859375 0.4619664796875 0.7702008921875 0.4619664796875 0.7702008921875 0.496290503125 0.7902142859375 0.496290503125 0.7902142859375 0.4619664796875
8 0.796147321875 0.520407821875 0.7627857140625001 0.520407821875 0.7627857140625001 0.550094971875 0.796147321875 0.550094971875 0.796147321875 0.520407821875
8 0.180133928125 0.37477095 0.148258928125 0.37477095 0.148258928125 0.41373184375000005 0.180133928125 0.41373184375000005 0.180133928125 0.37477095
8 0.39584821406250004 0.5788547484375 0.3817633921875 0.5788547484375 0.3817633921875 0.5983351953125 0.39584821406250004 0.5983351953125 0.39584821406250004 0.5788547484375
8 0.68865625 0.5547318437500001 0.669383928125 0.5547318437500001 0.669383928125 0.5769944140625001 0.68865625 0.5769944140625001 0.68865625 0.5547318437500001
8 0.548553571875 0.3729162015625 0.5374330359374999 0.3729162015625 0.5374330359374999 0.393324021875 0.548553571875 0.393324021875 0.548553571875 0.3729162015625
8 0.3558169640625 0.22634636874999997 0.34247767812499996 0.22634636874999997 0.34247767812499996 0.254173184375 0.3558169640625 0.254173184375 0.3558169640625 0.22634636874999997
8 0.3654553578125 0.2179944140625 0.3506294640625 0.2179944140625 0.3506294640625 0.238407821875 0.3654553578125 0.238407821875 0.3654553578125 0.2179944140625
3 0.516678571875 0.316329609375 0.45885714218749996 0.316329609375 0.45885714218749996 0.3812625703125 0.516678571875 0.3812625703125 0.516678571875 0.316329609375
3 0.302446428125 0.4397039109375 0.285397321875 0.4397039109375 0.285397321875 0.472173184375 0.302446428125 0.472173184375 0.302446428125 0.4397039109375