5 0.5996116078125 0.01171875 0.00390625 0.01171875 0.00390625 0.9609375 0.5996116078125 0.9609375 0.5996116078125 0.01171875
8 0.1308616078125 0.0703125 0.0605491078125 0.0703125 0.0605491078125 0.1503928578125 0.1308616078125 0.1503928578125 0.1308616078125 0.0703125
8 0.0566428578125 0.234375 0.0136741078125 0.234375 0.0136741078125 0.3066428578125 0.0566428578125 0.3066428578125 0.0566428578125 0.234375
8 0.1464866078125 0.2597678578125 0.0332053578125 0.2597678578125 0.0332053578125 0.3828125 0.1464866078125 0.3828125 0.1464866078125 0.2597678578125
8 0.2578125 0.1972678578125 0.1875 0.1972678578125 0.1875 0.2832053578125 0.2578125 0.2832053578125 0.2578125 0.1972678578125
8 0.3378928578125 0.23828125 0.2832053578125 0.23828125 0.2832053578125 0.2910178578125 0.3378928578125 0.2910178578125 0.3378928578125 0.23828125
8 0.0878928578125 0.46289285781249995 0.03125 0.46289285781249995 0.03125 0.5449241078125 0.0878928578125 0.5449241078125 0.0878928578125 0.46289285781249995
8 0.2421875 0.3300803578125 0.11328125 0.3300803578125 0.11328125 0.4375 0.2421875 0.4375 0.2421875 0.3300803578125
8 0.2246116078125 0.44726785781249995 0.16796875 0.44726785781249995 0.16796875 0.5234375 0.2246116078125 0.5234375 0.2246116078125 0.44726785781249995
7 0.9824241078125 0.42578125 0.8496116078125 0.42578125 0.8496116078125 0.93359375 0.9824241078125 0.93359375 0.9824241078125 0.42578125
4 0.1152366078125 0.07421875 0.05859375 0.07421875 0.05859375 0.1347678578125 0.1152366078125 0.1347678578125 0.1152366078125 0.07421875
4 0.3300803578125 0.2402366078125 0.2910178578125 0.2402366078125 0.2910178578125 0.28515625 0.3300803578125 0.28515625 0.3300803578125 0.2402366078125
4 0.24609375 0.2167991078125 0.2265625 0.2167991078125 0.2265625 0.2402366078125 0.24609375 0.2402366078125 0.24609375 0.2167991078125
4 0.1171875 0.2871116078125 0.0839866078125 0.2871116078125 0.0839866078125 0.3203125 0.1171875 0.3203125 0.1171875 0.2871116078125
4 0.43945535781249995 0.1582053578125 0.41601785781249995 0.1582053578125 0.41601785781249995 0.1777366078125 0.43945535781249995 0.1777366078125 0.43945535781249995 0.1582053578125
8 0.43945535781249995 0.15625 0.41015625 0.15625 0.41015625 0.1816428578125 0.43945535781249995 0.1816428578125 0.43945535781249995 0.15625