8 0.2391739125 0.5768214281249999 0.192507246875 0.5768214281249999 0.192507246875 0.6334241078125 0.2391739125 0.6334241078125 0.2391739125 0.5768214281249999
8 0.3558454109375 0.730459821875 0.3062608703125 0.730459821875 0.3062608703125 0.8086249999999999 0.3558454109375 0.8086249999999999 0.3558454109375 0.730459821875
8 0.055420290625 0.1293794640625 0.034999999999999996 0.1293794640625 0.034999999999999996 0.14825 0.055420290625 0.14825 0.055420290625 0.1293794640625
8 0.1487536234375 0.0727767859375 0.10792270468750001 0.0727767859375 0.10792270468750001 0.1132053578125 0.1487536234375 0.1132053578125 0.1487536234375 0.0727767859375
8 0.358763284375 0.1967633921875 0.288763284375 0.1967633921875 0.288763284375 0.22371875000000002 0.358763284375 0.22371875000000002 0.358763284375 0.1967633921875
8 0.2508454109375 0.22371875000000002 0.22750724687499999 0.22371875000000002 0.22750724687499999 0.258758928125 0.2508454109375 0.258758928125 0.2508454109375 0.22371875000000002
8 0.2479275359375 0.24528124999999998 0.21584057968749998 0.24528124999999998 0.21584057968749998 0.2722366078125 0.2479275359375 0.2722366078125 0.2479275359375 0.24528124999999998
8 0.1691739125 0.36657589218750003 0.1312560390625 0.36657589218750003 0.1312560390625 0.40161607187500004 0.1691739125 0.40161607187500004 0.1691739125 0.36657589218750003
8 0.3062608703125 0.0754732140625 0.2333429953125 0.0754732140625 0.2333429953125 0.134772321875 0.3062608703125 0.134772321875 0.3062608703125 0.0754732140625
8 0.3733478265625 0.078165178125 0.3412657 0.078165178125 0.3412657 0.1024241078125 0.3733478265625 0.1024241078125 0.3733478265625 0.078165178125
8 0.5075217390625 0.156334821875 0.45501932343749996 0.156334821875 0.45501932343749996 0.2129375 0.5075217390625 0.2129375 0.5075217390625 0.156334821875
8 0.221676328125 0.13746428593749999 0.192507246875 0.13746428593749999 0.192507246875 0.17250892812500002 0.221676328125 0.17250892812500002 0.221676328125 0.13746428593749999
4 0.1604251203125 0.1698125 0.0612512078125 0.1698125 0.0612512078125 0.24528124999999998 0.1604251203125 0.24528124999999998 0.1604251203125 0.1698125
4 0.7904492750000001 0.2533705359375 0.6912753625 0.2533705359375 0.6912753625 0.619946428125 0.7904492750000001 0.619946428125 0.7904492750000001 0.2533705359375
4 0.9654541062499999 0.6361205359375 0.708777778125 0.6361205359375 0.708777778125 0.98921875 0.9654541062499999 0.98921875 0.9654541062499999 0.6361205359375
7 0.9975410625000001 0.194071428125 0.7583623187499999 0.194071428125 0.7583623187499999 0.9622633921875 0.9975410625000001 0.9622633921875 0.9975410625000001 0.194071428125
8 0.6212753625 0.471696428125 0.530855071875 0.471696428125 0.530855071875 0.5229107140625 0.6212753625 0.5229107140625 0.6212753625 0.471696428125
8 0.6241932359375 0.439352678125 0.5921062796875 0.439352678125 0.5921062796875 0.49326339218750004 0.6241932359375 0.49326339218750004 0.6241932359375 0.439352678125
8 0.6971111109375 0.549866071875 0.6650241546875 0.549866071875 0.6650241546875 0.5902946421874999 0.6971111109375 0.5902946421874999 0.6971111109375 0.549866071875
4 0.6796086953125 0.4097053578125 0.5046038640625 0.4097053578125 0.5046038640625 0.5552544640625 0.6796086953125 0.5552544640625 0.6796086953125 0.4097053578125