8 0.0274196421875 0.361367346875 0.01028125 0.361367346875 0.01028125 0.38095408124999997 0.0274196421875 0.38095408124999997 0.0274196421875 0.361367346875
8 0.13710267812500002 0.382913265625 0.006 0.382913265625 0.006 0.6199030609375 0.13710267812500002 0.6199030609375 0.13710267812500002 0.382913265625
8 0.461866071875 0.759943878125 0.419022321875 0.759943878125 0.419022321875 0.7951989796875 0.461866071875 0.7951989796875 0.461866071875 0.759943878125
8 0.3350491078125 0.80695408125 0.2810625 0.80695408125 0.2810625 0.8285 0.3350491078125 0.8285 0.3350491078125 0.80695408125
8 0.23650446406249997 0.8285 0.1842321421875 0.8285 0.1842321421875 0.8666887750000001 0.23650446406249997 0.8666887750000001 0.23650446406249997 0.8285
8 0.1713794640625 0.8686479593750001 0.100258928125 0.8686479593750001 0.100258928125 0.9029234687500001 0.1713794640625 0.9029234687500001 0.1713794640625 0.8686479593750001
8 0.30077232187499997 0.6531989796875 0.175665178125 0.6531989796875 0.175665178125 0.7051071421875 0.30077232187499997 0.7051071421875 0.30077232187499997 0.6531989796875
8 0.305053571875 0.9352448984375 0.284491071875 0.9352448984375 0.284491071875 0.955806121875 0.305053571875 0.955806121875 0.305053571875 0.9352448984375
4 0.8311919640625 0.0989081625 0.6478169640625 0.0989081625 0.6478169640625 0.1968418375 0.8311919640625 0.1968418375 0.8311919640625 0.0989081625
4 0.898883928125 0.7530918375 0.6778080359375 0.7530918375 0.6778080359375 0.813806121875 0.898883928125 0.813806121875 0.898883928125 0.7530918375
4 0.8680357140625 0.8236020406250001 0.629821428125 0.8236020406250001 0.629821428125 0.917617346875 0.8680357140625 0.917617346875 0.8680357140625 0.8236020406250001
4 0.532133928125 0.599336734375 0.006 0.599336734375 0.006 0.992040815625 0.532133928125 0.992040815625 0.532133928125 0.599336734375
4 0.33590624999999996 0.9274081625000001 0.26649553593749997 0.9274081625000001 0.26649553593749997 0.994 0.33590624999999996 0.994 0.33590624999999996 0.9274081625000001
4 0.1362455359375 0.38682653125 0.0042857140624999995 0.38682653125 0.0042857140624999995 0.6874795921875 0.1362455359375 0.6874795921875 0.1362455359375 0.38682653125
4 0.023991071875 0.3574489796875 0.0051428578125 0.3574489796875 0.0051428578125 0.37507653125 0.023991071875 0.37507653125 0.023991071875 0.3574489796875
4 0.40959821406249997 0.9254489796875 0.3393303578125 0.9254489796875 0.3393303578125 0.994 0.40959821406249997 0.994 0.40959821406249997 0.9254489796875