8 0.41796875 0.42773660781249995 0.2871116078125 0.42773660781249995 0.2871116078125 0.6640625 0.41796875 0.6640625 0.41796875 0.42773660781249995
8 0.28125 0.3105491078125 0.16015625 0.3105491078125 0.16015625 0.40039285781249995 0.28125 0.40039285781249995 0.28125 0.3105491078125
8 0.0917991078125 0.3496116078125 0.02734375 0.3496116078125 0.02734375 0.4296875 0.0917991078125 0.4296875 0.0917991078125 0.3496116078125
8 0.1074241078125 0.05078125 0.0097678578125 0.05078125 0.0097678578125 0.2832053578125 0.1074241078125 0.2832053578125 0.1074241078125 0.05078125
8 0.71875 0.0566428578125 0.64453125 0.0566428578125 0.64453125 0.2246116078125 0.71875 0.2246116078125 0.71875 0.0566428578125
8 0.05859375 0.44921875 0.00390625 0.44921875 0.00390625 0.65234375 0.05859375 0.65234375 0.05859375 0.44921875
8 0.6191428578125 0.0136741078125 0.5527366078125 0.0136741078125 0.5527366078125 0.0703125 0.6191428578125 0.0703125 0.6191428578125 0.0136741078125
2 0.890625 0.2128928578125 0.5410178578125 0.2128928578125 0.5410178578125 0.71875 0.890625 0.71875 0.890625 0.2128928578125
2 0.97265625 0.6582053578125 0.3613303578125 0.6582053578125 0.3613303578125 0.9863303578125 0.97265625 0.9863303578125 0.97265625 0.6582053578125
8 0.1933616078125 0.48633035781249995 0.1582053578125 0.48633035781249995 0.1582053578125 0.515625 0.1933616078125 0.515625 0.1933616078125 0.48633035781249995
8 0.16015625 0.55078125 0.12890625 0.55078125 0.12890625 0.6015625 0.16015625 0.6015625 0.16015625 0.55078125
8 0.078125 0.6796875 0.0566428578125 0.6796875 0.0566428578125 0.7050803578125 0.078125 0.7050803578125 0.078125 0.6796875
4 0.3125 0.5527366078125 0.2792991078125 0.5527366078125 0.2792991078125 0.65234375 0.3125 0.65234375 0.3125 0.5527366078125
4 0.15234375 0.55078125 0.1328125 0.55078125 0.1328125 0.6015625 0.15234375 0.6015625 0.15234375 0.55078125
4 0.0449241078125 0.5253928578125 0.00390625 0.5253928578125 0.00390625 0.546875 0.0449241078125 0.546875 0.0449241078125 0.5253928578125
8 0.51953125 0.3417991078125 0.375 0.3417991078125 0.375 0.484375 0.51953125 0.484375 0.51953125 0.3417991078125
8 0.7050803578125 0.3574241078125 0.6875 0.3574241078125 0.6875 0.37109375 0.7050803578125 0.37109375 0.7050803578125 0.3574241078125
2 0.99609375 0.7910178578125 0.0136741078125 0.7910178578125 0.0136741078125 0.9941428578125 0.99609375 0.9941428578125 0.99609375 0.7910178578125
2 0.99609375 0.2167991078125 0.7324241078125 0.2167991078125 0.7324241078125 0.8359375 0.99609375 0.8359375 0.99609375 0.2167991078125