5 0.684209821875 0.000927375 0.07635267812499999 0.000927375 0.07635267812499999 0.26994413437500003 0.684209821875 0.26994413437500003 0.684209821875 0.000927375
7 0.3506294640625 0.21892737499999998 0.2008883921875 0.21892737499999998 0.2008883921875 0.40259776562500005 0.3506294640625 0.40259776562500005 0.3506294640625 0.21892737499999998
7 0.37361160781249997 0.6818212296875 0.00815625 0.6818212296875 0.00815625 0.9990782125000001 0.37361160781249997 0.9990782125000001 0.37361160781249997 0.6818212296875
8 0.6300982140625 0.16048044687500002 0.5040758921874999 0.16048044687500002 0.5040758921874999 0.21243016718750002 0.6300982140625 0.21243016718750002 0.6300982140625 0.16048044687500002
8 0.5752410718750001 0.4044525140625 0.5255758921875 0.4044525140625 0.5255758921875 0.4397039109375 0.5752410718750001 0.4397039109375 0.5752410718750001 0.4044525140625
8 0.606375 0.46753631249999994 0.535209821875 0.46753631249999994 0.535209821875 0.546385475 0.606375 0.546385475 0.606375 0.46753631249999994
8 0.45292857187499996 0.5630837984375 0.354334821875 0.5630837984375 0.354334821875 0.6252346375 0.45292857187499996 0.6252346375 0.45292857187499996 0.5630837984375
8 0.309116071875 0.5361787703124999 0.2735357140625 0.5361787703124999 0.2735357140625 0.5872011171875 0.309116071875 0.5872011171875 0.309116071875 0.5361787703124999
8 0.302446428125 0.66326815625 0.2542633921875 0.66326815625 0.2542633921875 0.6938826812500001 0.302446428125 0.6938826812500001 0.302446428125 0.66326815625
8 0.28836160781250003 0.718 0.25722767812499997 0.718 0.25722767812499997 0.7949944140625 0.28836160781250003 0.7949944140625 0.28836160781250003 0.718
8 0.3409955359375 0.705938546875 0.315790178125 0.705938546875 0.315790178125 0.744899440625 0.3409955359375 0.744899440625 0.3409955359375 0.705938546875
8 0.3513705359375 0.6855307265625 0.3283928578125 0.6855307265625 0.3283928578125 0.71057541875 0.3513705359375 0.71057541875 0.3513705359375 0.6855307265625
8 0.3899196421875 0.692022346875 0.3602678578125 0.692022346875 0.3602678578125 0.718 0.3899196421875 0.718 0.3899196421875 0.692022346875
8 0.606375 0.6734748609375 0.5226071421875 0.6734748609375 0.5226071421875 0.7207821234375 0.606375 0.7207821234375 0.606375 0.6734748609375
8 0.520383928125 0.7124357546875 0.4870267859375 0.7124357546875 0.4870267859375 0.7402625703125 0.520383928125 0.7402625703125 0.520383928125 0.7124357546875
8 0.5396607140625 0.738407821875 0.5144553578125 0.738407821875 0.5144553578125 0.7643798875 0.5396607140625 0.7643798875 0.5396607140625 0.738407821875
8 0.5174196421875 0.72634636875 0.43958482187500003 0.72634636875 0.43958482187500003 0.799631284375 0.5174196421875 0.799631284375 0.5174196421875 0.72634636875
8 0.5574508921875 0.8460167593750001 0.4944419640625 0.8460167593750001 0.4944419640625 0.9026033515625 0.5574508921875 0.9026033515625 0.5574508921875 0.8460167593750001
8 0.891772321875 0.4740279328125 0.8502589281249999 0.4740279328125 0.8502589281249999 0.5324692734375 0.891772321875 0.5324692734375 0.891772321875 0.4740279328125
8 0.9792455359375 0.4276480453125 0.9377321421874999 0.4276480453125 0.9377321421874999 0.4619664796875 0.9792455359375 0.4619664796875 0.9792455359375 0.4276480453125
8 0.4321741078125 0.21243016718750002 0.384727678125 0.21243016718750002 0.384727678125 0.27365363125000003 0.4321741078125 0.27365363125000003 0.4321741078125 0.21243016718750002
8 0.44106696406249996 0.16883240156249998 0.4047455359375 0.16883240156249998 0.4047455359375 0.20872067031250002 0.44106696406249996 0.20872067031250002 0.44106696406249996 0.16883240156249998
8 0.4640491078125 0.2291284921875 0.4269821421875 0.2291284921875 0.4269821421875 0.25788826875000004 0.4640491078125 0.25788826875000004 0.4640491078125 0.2291284921875
8 0.37509375 0.1901675984375 0.2861383921875 0.1901675984375 0.2861383921875 0.246754190625 0.37509375 0.246754190625 0.37509375 0.1901675984375
8 0.2601919640625 0.1233798875 0.2409196421875 0.1233798875 0.2409196421875 0.16048044687500002 0.2601919640625 0.16048044687500002 0.2601919640625 0.1233798875
8 0.16234375 0.362709496875 0.0600446421875 0.362709496875 0.0600446421875 0.4434134078125 0.16234375 0.4434134078125 0.16234375 0.362709496875
8 0.0474419640625 0.4007430171875 0.00815625 0.4007430171875 0.00815625 0.4554748609375 0.0474419640625 0.4554748609375 0.0474419640625 0.4007430171875
8 0.270571428125 0.02318994375 0.2424017859375 0.02318994375 0.2424017859375 0.059368715625 0.270571428125 0.059368715625 0.270571428125 0.02318994375
8 0.361008928125 0.014843575000000001 0.3350625 0.014843575000000001 0.3350625 0.0454525140625 0.361008928125 0.0454525140625 0.361008928125 0.014843575000000001
8 0.45885714218749996 0.0222625703125 0.4047455359375 0.0222625703125 0.4047455359375 0.054731843749999995 0.45885714218749996 0.054731843749999995 0.45885714218749996 0.0222625703125
8 0.684209821875 0.12616201093749999 0.6404732140625 0.12616201093749999 0.6404732140625 0.1623407828125 0.684209821875 0.1623407828125 0.684209821875 0.12616201093749999
8 0.3558169640625 0.4248603359375 0.32987500000000003 0.4248603359375 0.32987500000000003 0.4499106140625 0.3558169640625 0.4499106140625 0.3558169640625 0.4248603359375
8 0.4136383921875 0.42950279374999994 0.3869553578125 0.42950279374999994 0.3869553578125 0.46753631249999994 0.4136383921875 0.46753631249999994 0.4136383921875 0.42950279374999994
8 0.221647321875 0.4842346375 0.1504821421875 0.4842346375 0.1504821421875 0.58534636875 0.221647321875 0.58534636875 0.221647321875 0.4842346375
8 0.128241071875 0.562156425 0.10378125 0.562156425 0.10378125 0.604826815625 0.128241071875 0.604826815625 0.128241071875 0.562156425
8 0.484803571875 0.6029720671875001 0.4269821421875 0.6029720671875001 0.4269821421875 0.6456424578125 0.484803571875 0.6456424578125 0.484803571875 0.6029720671875001
8 0.51075 0.918368715625 0.47887500000000005 0.918368715625 0.47887500000000005 0.94434636875 0.51075 0.94434636875 0.51075 0.918368715625
8 0.6597500000000001 0.37477095 0.6300982140625 0.37477095 0.6300982140625 0.42115083750000004 0.6597500000000001 0.42115083750000004 0.6597500000000001 0.37477095
8 0.6664196421875 0.4554748609375 0.6286116078124999 0.4554748609375 0.6286116078124999 0.49165363125 0.6664196421875 0.49165363125 0.6664196421875 0.4554748609375
8 0.8035580359375001 0.4230055859375 0.7583392859375 0.4230055859375 0.7583392859375 0.4499106140625 0.8035580359375001 0.4499106140625 0.8035580359375001 0.4230055859375
1 0.6945892859375 0.2903519546875 0.4136383921875 0.2903519546875 0.4136383921875 0.4434134078125 0.6945892859375 0.4434134078125 0.6945892859375 0.2903519546875
1 0.9940714281249999 0.13358100625 0.8332098218749999 0.13358100625 0.8332098218749999 0.8116927374999999 0.9940714281249999 0.8116927374999999 0.9940714281249999 0.13358100625
1 0.8880669640625 0.730061453125 0.6856919640625 0.730061453125 0.6856919640625 0.9795977656250001 0.8880669640625 0.9795977656250001 0.8880669640625 0.730061453125
1 0.6679017859374999 0.6614134078125 0.218678571875 0.6614134078125 0.218678571875 0.9888715078124999 0.6679017859374999 0.9888715078124999 0.6679017859374999 0.6614134078125
1 0.710897321875 0.5176256984375 0.664196428125 0.5176256984375 0.664196428125 0.564938546875 0.710897321875 0.564938546875 0.710897321875 0.5176256984375
3 0.55596875 0.0018547484375 0.43365625 0.0018547484375 0.43365625 0.10946368749999999 0.55596875 0.10946368749999999 0.55596875 0.0018547484375
3 0.46553125 0.5157709500000001 0.312084821875 0.5157709500000001 0.312084821875 0.620597765625 0.46553125 0.620597765625 0.46553125 0.5157709500000001
3 0.4047455359375 0.4230055859375 0.1578928578125 0.4230055859375 0.1578928578125 0.5807094968750001 0.4047455359375 0.5807094968750001 0.4047455359375 0.4230055859375
3 0.153446428125 0.4684636875 0.07190625 0.4684636875 0.07190625 0.5519497203125 0.153446428125 0.5519497203125 0.153446428125 0.4684636875
3 0.612303571875 0.6150279328125 0.3951071421875 0.6150279328125 0.3951071421875 0.736553071875 0.612303571875 0.736553071875 0.612303571875 0.6150279328125
8 0.0600446421875 0.25974301718750004 0.040772321875 0.25974301718750004 0.040772321875 0.2792234640625 0.0600446421875 0.2792234640625 0.0600446421875 0.25974301718750004
8 0.0652321421875 0.23933519531249997 0.049665178125 0.23933519531249997 0.049665178125 0.2495363125 0.0652321421875 0.2495363125 0.0652321421875 0.23933519531249997
8 0.099334821875 0.20872067031250002 0.08228125 0.20872067031250002 0.08228125 0.22541899375000002 0.099334821875 0.22541899375000002 0.099334821875 0.20872067031250002
8 0.5841383921875 0.5686480453125 0.56115625 0.5686480453125 0.56115625 0.5797821234375 0.5841383921875 0.5797821234375 0.5841383921875 0.5686480453125
8 0.5122321421875 0.5213351953124999 0.49147321406250005 0.5213351953124999 0.49147321406250005 0.5361787703124999 0.5122321421875 0.5361787703124999 0.5122321421875 0.5213351953124999
8 0.9977767859375 0.5955474859375001 0.9896205359374999 0.5955474859375001 0.9896205359374999 0.6159553078125 0.9977767859375 0.6159553078125 0.9977767859375 0.5955474859375001
8 0.882875 0.3033407828125 0.8606383921875 0.3033407828125 0.8606383921875 0.34508379843750003 0.882875 0.34508379843750003 0.882875 0.3033407828125
8 0.871758928125 0.044525139062500003 0.8302455359375 0.044525139062500003 0.8302455359375 0.0918379890625 0.871758928125 0.0918379890625 0.871758928125 0.044525139062500003
8 0.819866071875 0.0482402234375 0.7828035718749999 0.0482402234375 0.7828035718749999 0.11317318437499999 0.819866071875 0.11317318437499999 0.819866071875 0.0482402234375
8 0.7538928578124999 0.0491675984375 0.7190491078125001 0.0491675984375 0.7190491078125001 0.082558659375 0.7538928578124999 0.082558659375 0.7538928578124999 0.0491675984375
8 0.746477678125 0.0872011171875 0.7235 0.0872011171875 0.7235 0.11317318437499999 0.746477678125 0.11317318437499999 0.746477678125 0.0872011171875
8 0.7828035718749999 0.08534636875 0.74721875 0.08534636875 0.74721875 0.1233798875 0.7828035718749999 0.1233798875 0.7828035718749999 0.08534636875
8 0.796147321875 0.12430726249999999 0.7627857140625001 0.12430726249999999 0.7627857140625001 0.1623407828125 0.796147321875 0.1623407828125 0.796147321875 0.12430726249999999
8 0.818383928125 0.17346927343750002 0.7828035718749999 0.17346927343750002 0.7828035718749999 0.20130167656250003 0.818383928125 0.20130167656250003 0.818383928125 0.17346927343750002