4 0.2207053578125 0.2089866078125 0.16796875 0.2089866078125 0.16796875 0.2910178578125 0.2207053578125 0.2910178578125 0.2207053578125 0.2089866078125
4 0.1738303578125 0.2714866078125 0.07421875 0.2714866078125 0.07421875 0.3535178578125 0.1738303578125 0.3535178578125 0.1738303578125 0.2714866078125
4 0.0878928578125 0.3300803578125 0.0019553578125 0.3300803578125 0.0019553578125 0.4765625 0.0878928578125 0.4765625 0.0878928578125 0.3300803578125
4 0.12890625 0.3613303578125 0.07421875 0.3613303578125 0.07421875 0.3886741078125 0.12890625 0.3886741078125 0.12890625 0.3613303578125
4 0.234375 0.5449241078125 0.1425803578125 0.5449241078125 0.1425803578125 0.60546875 0.234375 0.60546875 0.234375 0.5449241078125
4 0.3222678578125 0.5390625 0.27734375 0.5390625 0.27734375 0.61328125 0.3222678578125 0.61328125 0.3222678578125 0.5390625
4 0.1308616078125 0.625 0.0683616078125 0.625 0.0683616078125 0.68359375 0.1308616078125 0.68359375 0.1308616078125 0.625
4 0.2109375 0.76171875 0.1582053578125 0.76171875 0.1582053578125 0.8125 0.2109375 0.8125 0.2109375 0.76171875
4 0.296875 0.6796875 0.25390625 0.6796875 0.25390625 0.71484375 0.296875 0.71484375 0.296875 0.6796875
8 0.94140625 0.7089866078125 0.87890625 0.7089866078125 0.87890625 0.8203125 0.94140625 0.8203125 0.94140625 0.7089866078125
8 0.9785178578125 0.73828125 0.9511741078125 0.73828125 0.9511741078125 0.80859375 0.9785178578125 0.80859375 0.9785178578125 0.73828125
5 0.55078125 0.171875 0.0527366078125 0.171875 0.0527366078125 0.9511741078125 0.55078125 0.9511741078125 0.55078125 0.171875
7 0.9824241078125 0.7441428578125 0.8300803578125 0.7441428578125 0.8300803578125 0.9765625 0.9824241078125 0.9765625 0.9824241078125 0.7441428578125
4 0.2265625 0.9042991078125 0.20703125 0.9042991078125 0.20703125 0.9394553578125 0.2265625 0.9394553578125 0.2265625 0.9042991078125
4 0.2675803578125 0.90234375 0.234375 0.90234375 0.234375 0.9394553578125 0.2675803578125 0.9394553578125 0.2675803578125 0.90234375