2 0.87109375 0.1660178578125 0.1621116078125 0.1660178578125 0.1621116078125 0.8359375 0.87109375 0.8359375 0.87109375 0.1660178578125
3 0.984375 0.3261741078125 0.90625 0.3261741078125 0.90625 0.45703125 0.984375 0.45703125 0.984375 0.3261741078125
3 0.7753928578125 0.6035178578125 0.6894553578125 0.6035178578125 0.6894553578125 0.68359375 0.7753928578125 0.68359375 0.7753928578125 0.6035178578125
3 0.8378928578125 0.6972678578125 0.7285178578125 0.6972678578125 0.7285178578125 0.91796875 0.8378928578125 0.91796875 0.8378928578125 0.6972678578125
7 0.9765625 0.7734375 0.7558616078125 0.7734375 0.7558616078125 0.9824241078125 0.9765625 0.9824241078125 0.9765625 0.7734375
5 0.6152366078125 0.20703125 0.19921875 0.20703125 0.19921875 0.59765625 0.6152366078125 0.59765625 0.6152366078125 0.20703125
3 0.80859375 0.1972678578125 0.7441428578125 0.1972678578125 0.7441428578125 0.26953125 0.80859375 0.26953125 0.80859375 0.1972678578125
3 0.8886741078125 0.3066428578125 0.8457053578125 0.3066428578125 0.8457053578125 0.37890625 0.8886741078125 0.37890625 0.8886741078125 0.3066428578125
3 0.6972678578125 0.234375 0.54296875 0.234375 0.54296875 0.33984375 0.6972678578125 0.33984375 0.6972678578125 0.234375
3 0.7441428578125 0.21875 0.67578125 0.21875 0.67578125 0.28515625 0.7441428578125 0.28515625 0.7441428578125 0.21875
3 0.8046875 0.28515625 0.75390625 0.28515625 0.75390625 0.390625 0.8046875 0.390625 0.8046875 0.28515625
3 0.7597678578125 0.3203125 0.6933616078125 0.3203125 0.6933616078125 0.37109375 0.7597678578125 0.37109375 0.7597678578125 0.3203125
3 0.6582053578125 0.5371116078125 0.6269553578125 0.5371116078125 0.6269553578125 0.5996116078125 0.6582053578125 0.5996116078125 0.6582053578125 0.5371116078125
3 0.44921875 0.8847678578125 0.40429910781249995 0.8847678578125 0.40429910781249995 0.94140625 0.44921875 0.94140625 0.44921875 0.8847678578125