6 0.318477678125 0.44747286875 0.0291741078125 0.44747286875 0.0291741078125 0.8527364343749999 0.318477678125 0.8527364343749999 0.318477678125 0.44747286875
7 0.3225267859375 0.014069767187500002 0.1353303578125 0.014069767187500002 0.1353303578125 0.075984496875 0.3225267859375 0.075984496875 0.3225267859375 0.014069767187500002
4 0.01215625 0.0450310078125 0.0024330359375 0.0450310078125 0.0024330359375 0.06472868281250001 0.01215625 0.06472868281250001 0.01215625 0.0450310078125
4 0.0194508921875 0.1294573640625 0.0024330359375 0.1294573640625 0.0024330359375 0.1505658921875 0.0194508921875 0.1505658921875 0.0194508921875 0.1294573640625
4 0.0786071421875 0.1308682171875 0.0429508921875 0.1308682171875 0.0429508921875 0.15197674375 0.0786071421875 0.15197674375 0.0786071421875 0.1308682171875
4 0.08670982187500001 0.1604186046875 0.0008125000000000001 0.1604186046875 0.0008125000000000001 0.2349922484375 0.08670982187500001 0.2349922484375 0.08670982187500001 0.1604186046875
4 0.1418169640625 0.31942635625000004 0.0024330359375 0.31942635625000004 0.0024330359375 0.37852713125 0.1418169640625 0.37852713125 0.1418169640625 0.31942635625000004
4 0.0607767859375 0.4094806203125 0.0008125000000000001 0.4094806203125 0.0008125000000000001 0.43058914687499994 0.0607767859375 0.43058914687499994 0.0607767859375 0.4094806203125
8 0.1418169640625 0.10975969062499999 0.1166919640625 0.10975969062499999 0.1166919640625 0.144937984375 0.1418169640625 0.144937984375 0.1418169640625 0.10975969062499999
8 0.247165178125 0.20122480625 0.1928705359375 0.20122480625 0.1928705359375 0.2490697671875 0.247165178125 0.2490697671875 0.247165178125 0.20122480625
8 0.34603125 0.24344186093750003 0.252834821875 0.24344186093750003 0.252834821875 0.35600775156250003 0.34603125 0.35600775156250003 0.34603125 0.24344186093750003
8 0.46758482187499995 0.9146511625 0.4457053578125 0.9146511625 0.4457053578125 0.947015503125 0.46758482187499995 0.947015503125 0.46758482187499995 0.9146511625
7 0.253647321875 0.44747286875 0.0761741078125 0.44747286875 0.0761741078125 0.5853798453125 0.253647321875 0.5853798453125 0.253647321875 0.44747286875
5 0.646678571875 0.2786201546875 0.5235000000000001 0.2786201546875 0.5235000000000001 0.523465115625 0.646678571875 0.523465115625 0.646678571875 0.2786201546875