3 0.6575223218749999 0.1465698328125 0.5915491078125 0.1465698328125 0.5915491078125 0.21985474843750002 0.6575223218749999 0.21985474843750002 0.6575223218749999 0.1465698328125
8 0.565602678125 0.7152178765625 0.5196428578125001 0.7152178765625 0.5196428578125001 0.7643798875 0.565602678125 0.7643798875 0.565602678125 0.7152178765625
8 0.6026696421875 0.6818212296875 0.5633794640625001 0.6818212296875 0.5633794640625001 0.7235642453125 0.6026696421875 0.7235642453125 0.6026696421875 0.6818212296875
8 0.6856919640625 0.7133631281249999 0.5967366078125 0.7133631281249999 0.5967366078125 0.7866424578125 0.6856919640625 0.7866424578125 0.6856919640625 0.7133631281249999
8 0.6493705359375 0.6261620109375 0.612303571875 0.6261620109375 0.612303571875 0.666977653125 0.6493705359375 0.666977653125 0.6493705359375 0.6261620109375
8 0.432915178125 0.6243072625 0.41141517812500006 0.6243072625 0.41141517812500006 0.658631284375 0.432915178125 0.658631284375 0.432915178125 0.6243072625
8 0.26241517812500004 0.4740279328125 0.238696428125 0.4740279328125 0.238696428125 0.514843575 0.26241517812500004 0.514843575 0.26241517812500004 0.4740279328125
3 0.2913258921875 0.1354357546875 0.26241517812500004 0.1354357546875 0.26241517812500004 0.176251396875 0.2913258921875 0.176251396875 0.2913258921875 0.1354357546875
8 0.8117142859375001 0.9359944140625001 0.778352678125 0.9359944140625001 0.778352678125 0.9842346375 0.8117142859375001 0.9842346375 0.8117142859375001 0.9359944140625001
3 0.6634553578125 0.12708938593750002 0.4091919640625 0.12708938593750002 0.4091919640625 0.338592178125 0.6634553578125 0.338592178125 0.6634553578125 0.12708938593750002
3 0.7679776781250001 0.2903519546875 0.6649375 0.2903519546875 0.6649375 0.7949944140625 0.7679776781250001 0.7949944140625 0.7679776781250001 0.2903519546875
3 0.22831696406250002 0.000927375 0.036321428125 0.000927375 0.036321428125 0.2179944140625 0.22831696406250002 0.2179944140625 0.22831696406250002 0.000927375
3 0.3699017859375 0.0621508375 0.22683482187499998 0.0621508375 0.22683482187499998 0.12616201093749999 0.3699017859375 0.12616201093749999 0.3699017859375 0.0621508375
3 0.4040044640625 0.1252346375 0.25278125 0.1252346375 0.25278125 0.246754190625 0.4040044640625 0.246754190625 0.4040044640625 0.1252346375
3 0.6241651781249999 0.8961061453125 0.5129732140625001 0.8961061453125 0.5129732140625001 0.9823798874999999 0.6241651781249999 0.9823798874999999 0.6241651781249999 0.8961061453125
3 0.6619732140625 0.9601173187500001 0.6078571421875 0.9601173187500001 0.6078571421875 0.9962960890625 0.6619732140625 0.9962960890625 0.6619732140625 0.9601173187500001
3 0.8984419640624999 0.917441340625 0.7205357140624999 0.917441340625 0.7205357140624999 0.9981508375000001 0.8984419640624999 0.9981508375000001 0.8984419640624999 0.917441340625
3 0.9258705359375 0.000927375 0.8302455359375 0.000927375 0.8302455359375 0.3339553078125 0.9258705359375 0.3339553078125 0.9258705359375 0.000927375
3 0.818383928125 0.0102067046875 0.778352678125 0.0102067046875 0.778352678125 0.073284915625 0.818383928125 0.073284915625 0.818383928125 0.0102067046875
8 0.91771875 0.1187374296875 0.9058571421874999 0.1187374296875 0.9058571421874999 0.1502793296875 0.91771875 0.1502793296875 0.91771875 0.1187374296875
8 0.876946428125 0.0992569828125 0.8628616078125001 0.0992569828125 0.8628616078125001 0.1252346375 0.876946428125 0.1252346375 0.876946428125 0.0992569828125
8 0.8665669640625 0.15491620156250002 0.855446428125 0.15491620156250002 0.855446428125 0.1781061453125 0.8665669640625 0.1781061453125 0.8665669640625 0.15491620156250002
8 0.8813928578124999 0.140072625 0.8665669640625 0.140072625 0.8665669640625 0.17161452500000002 0.8813928578124999 0.17161452500000002 0.8813928578124999 0.140072625
8 0.8947366078125001 0.120592178125 0.8791696421875 0.120592178125 0.8791696421875 0.14842458125 0.8947366078125001 0.14842458125 0.8947366078125001 0.120592178125
8 0.8999241078125 0.0667932953125 0.8888080359374999 0.0667932953125 0.8888080359374999 0.08534636875 0.8999241078125 0.08534636875 0.8999241078125 0.0667932953125
8 0.8895491078125 0.044525139062500003 0.878428571875 0.044525139062500003 0.878428571875 0.0621508375 0.8895491078125 0.0621508375 0.8895491078125 0.044525139062500003
8 0.8658258921875 0.0371061453125 0.8524821421875 0.0371061453125 0.8524821421875 0.0640055859375 0.8658258921875 0.0640055859375 0.8658258921875 0.0371061453125
8 0.8776875000000001 0.2356201125 0.868790178125 0.2356201125 0.868790178125 0.2495363125 0.8776875000000001 0.2495363125 0.8776875000000001 0.2356201125
8 0.8495178578125 0.0992569828125 0.83765625 0.0992569828125 0.83765625 0.121519553125 0.8495178578125 0.121519553125 0.8495178578125 0.0992569828125
8 0.8080044640624999 0.0371061453125 0.7991116078125 0.0371061453125 0.7991116078125 0.054731843749999995 0.8080044640624999 0.054731843749999995 0.8080044640624999 0.0371061453125
8 0.6278705359375001 0.1576983234375 0.6130446421875 0.1576983234375 0.6130446421875 0.175324021875 0.6278705359375001 0.175324021875 0.6278705359375001 0.1576983234375
8 0.6278705359375001 0.18460335156250002 0.612303571875 0.18460335156250002 0.612303571875 0.2077932953125 0.6278705359375001 0.2077932953125 0.6278705359375001 0.18460335156250002
8 0.8680491078125 0.9517653625 0.8569330359375 0.9517653625 0.8569330359375 0.9675363125 0.8680491078125 0.9675363125 0.8680491078125 0.9517653625
8 0.5678258921875 0.9359944140625001 0.5515178578125 0.9359944140625001 0.5515178578125 0.964754190625 0.5678258921875 0.964754190625 0.5678258921875 0.9359944140625001