6 0.7792991078125 0.76953125 0.2988303578125 0.76953125 0.2988303578125 0.99609375 0.7792991078125 0.99609375 0.7792991078125 0.76953125
8 0.39453125 0.7558616078125 0.3261741078125 0.7558616078125 0.3261741078125 0.8125 0.39453125 0.8125 0.39453125 0.7558616078125
8 0.65625 0.8808616078125 0.5410178578125 0.8808616078125 0.5410178578125 0.9785178578125 0.65625 0.9785178578125 0.65625 0.8808616078125
8 0.7871116078125 0.35546875 0.6699241078125 0.35546875 0.6699241078125 0.49414285781249995 0.7871116078125 0.49414285781249995 0.7871116078125 0.35546875
4 0.8808616078125 0.26953125 0.80078125 0.26953125 0.80078125 0.3359375 0.8808616078125 0.3359375 0.8808616078125 0.26953125
4 0.79296875 0.0527366078125 0.6542991078125 0.0527366078125 0.6542991078125 0.13671875 0.79296875 0.13671875 0.79296875 0.0527366078125
4 0.43554910781249995 0.40429910781249995 0.3066428578125 0.40429910781249995 0.3066428578125 0.484375 0.43554910781249995 0.484375 0.43554910781249995 0.40429910781249995
4 0.6621116078125 0.5839866078125 0.5234375 0.5839866078125 0.5234375 0.671875 0.6621116078125 0.671875 0.6621116078125 0.5839866078125
5 0.9921875 0.6113303578125 0.7363303578125 0.6113303578125 0.7363303578125 0.9941428578125 0.9921875 0.9941428578125 0.9921875 0.6113303578125
8 0.1796875 0.5625 0.15625 0.5625 0.15625 0.5878928578125 0.1796875 0.5878928578125 0.1796875 0.5625
8 0.1035178578125 0.7128928578125 0.0703125 0.7128928578125 0.0703125 0.75390625 0.1035178578125 0.75390625 0.1035178578125 0.7128928578125
8 0.765625 0.86328125 0.7421875 0.86328125 0.7421875 0.90234375 0.765625 0.90234375 0.765625 0.86328125
8 0.734375 0.87890625 0.6875 0.87890625 0.6875 0.92578125 0.734375 0.92578125 0.734375 0.87890625
8 0.5449241078125 0.9316428578125 0.47851785781249995 0.9316428578125 0.47851785781249995 0.9628928578125 0.5449241078125 0.9628928578125 0.5449241078125 0.9316428578125