3 0.9667991078125 0.1621116078125 0.6972678578125 0.1621116078125 0.6972678578125 0.47851785781249995 0.9667991078125 0.47851785781249995 0.9667991078125 0.1621116078125
3 0.7441428578125 0.62109375 0.6660178578125 0.62109375 0.6660178578125 0.7734375 0.7441428578125 0.7734375 0.7441428578125 0.62109375
3 0.7207053578125 0.7832053578125 0.5488303578125 0.7832053578125 0.5488303578125 0.9921875 0.7207053578125 0.9921875 0.7207053578125 0.7832053578125
3 0.33203125 0.69140625 0.2109375 0.69140625 0.2109375 0.81640625 0.33203125 0.81640625 0.33203125 0.69140625
5 0.6621116078125 0.2421875 0.30078125 0.2421875 0.30078125 0.47070535781249995 0.6621116078125 0.47070535781249995 0.6621116078125 0.2421875
3 0.41992410781249995 0.60546875 0.3769553578125 0.60546875 0.3769553578125 0.6503928578125 0.41992410781249995 0.6503928578125 0.41992410781249995 0.60546875
3 0.78515625 0.82421875 0.7441428578125 0.82421875 0.7441428578125 0.86328125 0.78515625 0.86328125 0.78515625 0.82421875
3 0.9238303578125 0.47851785781249995 0.8652366078125 0.47851785781249995 0.8652366078125 0.53125 0.9238303578125 0.53125 0.9238303578125 0.47851785781249995
3 0.9707053578125 0.515625 0.9160178578125 0.515625 0.9160178578125 0.5566428578125 0.9707053578125 0.5566428578125 0.9707053578125 0.515625
3 0.6503928578125 0.67578125 0.6152366078125 0.67578125 0.6152366078125 0.7089866078125 0.6503928578125 0.7089866078125 0.6503928578125 0.67578125
3 0.3808616078125 0.7402366078125 0.3535178578125 0.7402366078125 0.3535178578125 0.7714866078125 0.3808616078125 0.7714866078125 0.3808616078125 0.7402366078125