4 0.62109375 0.09375 0.4765625 0.09375 0.4765625 0.47070535781249995 0.62109375 0.47070535781249995 0.62109375 0.09375
4 0.2734375 0.6152366078125 0.0097678578125 0.6152366078125 0.0097678578125 0.9941428578125 0.2734375 0.9941428578125 0.2734375 0.6152366078125
4 0.9863303578125 0.2910178578125 0.734375 0.2910178578125 0.734375 0.9921875 0.9863303578125 0.9921875 0.9863303578125 0.2910178578125
4 0.6738303578125 0.7597678578125 0.3046875 0.7597678578125 0.3046875 0.9921875 0.6738303578125 0.9921875 0.6738303578125 0.7597678578125
8 0.10546875 0.3125 0.05078125 0.3125 0.05078125 0.49414285781249995 0.10546875 0.49414285781249995 0.10546875 0.3125
4 0.33203125 0.21484375 0.2285178578125 0.21484375 0.2285178578125 0.4453125 0.33203125 0.4453125 0.33203125 0.21484375
4 0.46289285781249995 0.49804910781249995 0.31640625 0.49804910781249995 0.31640625 0.70703125 0.46289285781249995 0.70703125 0.46289285781249995 0.49804910781249995
4 0.34765625 0.5488303578125 0.25 0.5488303578125 0.25 0.7714866078125 0.34765625 0.7714866078125 0.34765625 0.5488303578125
4 0.25 0.515625 0.1015625 0.515625 0.1015625 0.7792991078125 0.25 0.7792991078125 0.25 0.515625
4 0 0.25 0.140625 0.25 0.140625 0.025392857812500003 0 0.025392857812500003 0 0.25
4 0.05078125 0.30078125 0.0019553578125 0.30078125 0.0019553578125 0.48242410781249995 0.05078125 0.48242410781249995 0.05078125 0.30078125
4 0.47461160781249995 0.0390625 0.36328125 0.0390625 0.36328125 0.22265625 0.47461160781249995 0.22265625 0.47461160781249995 0.0390625
4 0.7207053578125 0.0527366078125 0.62109375 0.0527366078125 0.62109375 0.42578125 0.7207053578125 0.42578125 0.7207053578125 0.0527366078125
4 0.52734375 0.3671875 0.4140625 0.3671875 0.4140625 0.58203125 0.52734375 0.58203125 0.52734375 0.3671875
4 0.6171875 0.47070535781249995 0.5214866078125 0.47070535781249995 0.5214866078125 0.61328125 0.6171875 0.61328125 0.6171875 0.47070535781249995
4 0.6855491078125 0.40625 0.6347678578125 0.40625 0.6347678578125 0.49023660781249995 0.6855491078125 0.49023660781249995 0.6855491078125 0.40625
4 0.68359375 0.5957053578125 0.5175803578125 0.5957053578125 0.5175803578125 0.76953125 0.68359375 0.76953125 0.68359375 0.5957053578125
4 0.99609375 0.42578125 0.2089866078125 0.42578125 0.2089866078125 0.9941428578125 0.99609375 0.9941428578125 0.99609375 0.42578125
4 0 0.5214866078125 0.2890625 0.5214866078125 0.2890625 0.48046875 0 0.48046875 0 0.5214866078125
4 0 0.6464866078125 0.1171875 0.6464866078125 0.1171875 0.4609375 0 0.4609375 0 0.6464866078125
4 0.515625 0.1796875 0.42578125 0.1796875 0.42578125 0.3984375 0.515625 0.3984375 0.515625 0.1796875
4 0.80078125 0.43554910781249995 0.6933616078125 0.43554910781249995 0.6933616078125 0.6816428578125 0.80078125 0.6816428578125 0.80078125 0.43554910781249995
4 0.9941428578125 0.00390625 0.00390625 0.00390625 0.00390625 0.9941428578125 0.9941428578125 0.9941428578125 0.9941428578125 0.00390625