3 0.96875 0.1230491078125 0.6621116078125 0.1230491078125 0.6621116078125 0.25 0.96875 0.25 0.96875 0.1230491078125
3 0.6152366078125 0.6484375 0.5332053578125 0.6484375 0.5332053578125 0.9003928578125 0.6152366078125 0.9003928578125 0.6152366078125 0.6484375
3 0.6660178578125 0.9003928578125 0.5214866078125 0.9003928578125 0.5214866078125 0.9921875 0.6660178578125 0.9921875 0.6660178578125 0.9003928578125
3 0.265625 0.6171875 0.18359375 0.6171875 0.18359375 0.80078125 0.265625 0.80078125 0.265625 0.6171875
3 0.1464866078125 0.8808616078125 0.0859375 0.8808616078125 0.0859375 0.984375 0.1464866078125 0.984375 0.1464866078125 0.8808616078125
5 0.77734375 0.15625 0.2363303578125 0.15625 0.2363303578125 0.61328125 0.77734375 0.61328125 0.77734375 0.15625
7 0.9355491078125 0.90234375 0.6777366078125 0.90234375 0.6777366078125 0.9824241078125 0.9355491078125 0.9824241078125 0.9355491078125 0.90234375
3 0.8457053578125 0.421875 0.81640625 0.421875 0.81640625 0.45117410781249995 0.8457053578125 0.45117410781249995 0.8457053578125 0.421875
3 0.8886741078125 0.4609375 0.86328125 0.4609375 0.86328125 0.5292991078125 0.8886741078125 0.5292991078125 0.8886741078125 0.4609375
3 0.9238303578125 0.5214866078125 0.8925803578125 0.5214866078125 0.8925803578125 0.5546875 0.9238303578125 0.5546875 0.9238303578125 0.5214866078125
3 0.94140625 0.49804910781249995 0.921875 0.49804910781249995 0.921875 0.51171875 0.94140625 0.51171875 0.94140625 0.49804910781249995
3 0.98046875 0.5175803578125 0.953125 0.5175803578125 0.953125 0.55859375 0.98046875 0.55859375 0.98046875 0.5175803578125
3 0.640625 0.5566428578125 0.58984375 0.5566428578125 0.58984375 0.5957053578125 0.640625 0.5957053578125 0.640625 0.5566428578125
3 0.3144553578125 0.6171875 0.2890625 0.6171875 0.2890625 0.6699241078125 0.3144553578125 0.6699241078125 0.3144553578125 0.6171875
3 0.9980491078125 0.56640625 0.9863303578125 0.56640625 0.9863303578125 0.59375 0.9980491078125 0.59375 0.9980491078125 0.56640625
4 0.1347678578125 0.91796875 0.08984375 0.91796875 0.08984375 0.96484375 0.1347678578125 0.96484375 0.1347678578125 0.91796875