6 0.77734375 0.678821428125 0.6197901781249999 0.678821428125 0.6197901781249999 0.921875 0.77734375 0.921875 0.77734375 0.678821428125
8 0.71875 0.8211785718750001 0.68359375 0.8211785718750001 0.68359375 0.8628452375 0.71875 0.8628452375 0.71875 0.8211785718750001
8 0.6770848218750001 0.7777797625 0.6575535718750001 0.7777797625 0.6575535718750001 0.8350714281249999 0.6770848218750001 0.8350714281249999 0.6770848218750001 0.7777797625
8 0.6979151781249999 0.7708333328125 0.6770848218750001 0.7708333328125 0.6770848218750001 0.8125 0.6979151781249999 0.8125 0.6979151781249999 0.7708333328125
8 0.427084821875 0.289928571875 0.38541517812500004 0.289928571875 0.38541517812500004 0.3333333328125 0.427084821875 0.3333333328125 0.427084821875 0.289928571875
8 0.49609375 0.34722023750000003 0.459633928125 0.34722023750000003 0.459633928125 0.390625 0.49609375 0.390625 0.49609375 0.34722023750000003
5 0.5625 0.3958333328125 0.328125 0.3958333328125 0.328125 0.508678571875 0.5625 0.508678571875 0.5625 0.3958333328125
4 0.22265625 0.1753452375 0.055991071875 0.1753452375 0.055991071875 0.9340297625 0.22265625 0.9340297625 0.22265625 0.1753452375
8 0.423178571875 0.1111130953125 0.39713392812500004 0.1111130953125 0.39713392812500004 0.149303571875 0.423178571875 0.149303571875 0.423178571875 0.1111130953125
8 0.37239732187499996 0.258678571875 0.34114732187499996 0.258678571875 0.34114732187499996 0.2986130953125 0.37239732187499996 0.2986130953125 0.37239732187499996 0.258678571875
8 0.415366071875 0.4392380953125 0.38150892812500004 0.4392380953125 0.38150892812500004 0.484375 0.415366071875 0.484375 0.415366071875 0.4392380953125
8 0.4296875 0.335071428125 0.35025892812500004 0.335071428125 0.35025892812500004 0.42534523750000003 0.4296875 0.42534523750000003 0.4296875 0.335071428125
8 0.7591160718750001 0.10242857187500001 0.6744776781249999 0.10242857187500001 0.6744776781249999 0.21875 0.7591160718750001 0.21875 0.7591160718750001 0.10242857187500001