4 0.99609375 0.515625 0.8808616078125 0.515625 0.8808616078125 0.6308616078125 0.99609375 0.6308616078125 0.99609375 0.515625
4 0.9921875 0.7578125 0.91796875 0.7578125 0.91796875 0.8652366078125 0.9921875 0.8652366078125 0.9921875 0.7578125
4 0.6015625 0.82421875 0.51171875 0.82421875 0.51171875 0.9160178578125 0.6015625 0.9160178578125 0.6015625 0.82421875
4 0.51171875 0.7167991078125 0.44336160781249995 0.7167991078125 0.44336160781249995 0.78515625 0.51171875 0.78515625 0.51171875 0.7167991078125
4 0.6621116078125 0.43945535781249995 0.45117410781249995 0.43945535781249995 0.45117410781249995 0.609375 0.6621116078125 0.609375 0.6621116078125 0.43945535781249995
4 0.65234375 0.0058616078125 0.5078125 0.0058616078125 0.5078125 0.1308616078125 0.65234375 0.1308616078125 0.65234375 0.0058616078125
4 0.1777366078125 0.44336160781249995 0.1015625 0.44336160781249995 0.1015625 0.5957053578125 0.1777366078125 0.5957053578125 0.1777366078125 0.44336160781249995
5 0.5214866078125 0.57421875 0.02734375 0.57421875 0.02734375 0.984375 0.5214866078125 0.984375 0.5214866078125 0.57421875
5 0.9921875 0.1875 0.5917991078125 0.1875 0.5917991078125 0.515625 0.9921875 0.515625 0.9921875 0.1875
7 0.25390625 0.0136741078125 0.0214866078125 0.0136741078125 0.0214866078125 0.2207053578125 0.25390625 0.2207053578125 0.25390625 0.0136741078125
2 0.9921875 0.0058616078125 0.00390625 0.0058616078125 0.00390625 0.9863303578125 0.9921875 0.9863303578125 0.9921875 0.0058616078125