8 0.4951830359375 0.0491675984375 0.47442410781250005 0.0491675984375 0.47442410781250005 0.0788491625 0.4951830359375 0.0788491625 0.4951830359375 0.0491675984375
8 0.516678571875 0.0630782125 0.4988883921875 0.0630782125 0.4988883921875 0.0834860328125 0.516678571875 0.0834860328125 0.516678571875 0.0630782125
8 0.523352678125 0.0872011171875 0.503334821875 0.0872011171875 0.503334821875 0.11317318437499999 0.523352678125 0.11317318437499999 0.523352678125 0.0872011171875
8 0.5678258921875 0.042670390625 0.548553571875 0.042670390625 0.548553571875 0.0667932953125 0.5678258921875 0.0667932953125 0.5678258921875 0.042670390625
8 0.6278705359375001 0.0872011171875 0.6115625 0.0872011171875 0.6115625 0.11317318437499999 0.6278705359375001 0.11317318437499999 0.6278705359375001 0.0872011171875
8 0.6308392859375 0.11317318437499999 0.6130446421875 0.11317318437499999 0.6130446421875 0.137290503125 0.6308392859375 0.137290503125 0.6308392859375 0.11317318437499999
8 0.669383928125 0.16975977656250002 0.6352857140625 0.16975977656250002 0.6352857140625 0.2179944140625 0.669383928125 0.2179944140625 0.669383928125 0.16975977656250002
8 0.7138616078125 0.11131843593749999 0.6945892859375 0.11131843593749999 0.6945892859375 0.141927375 0.7138616078125 0.141927375 0.7138616078125 0.11131843593749999
3 0.424758928125 0.37477095 0.3780580359375 0.37477095 0.3780580359375 0.5 0.424758928125 0.5 0.424758928125 0.37477095
3 0.5137142859375 0.5723575421875 0.4633080359375 0.5723575421875 0.4633080359375 0.6493519546875001 0.5137142859375 0.6493519546875001 0.5137142859375 0.5723575421875
3 0.5908080359375 0.481446928125 0.5663437499999999 0.481446928125 0.5663437499999999 0.52226815625 0.5908080359375 0.52226815625 0.5908080359375 0.481446928125
3 0.53446875 0.3970335203125 0.511491071875 0.3970335203125 0.511491071875 0.4397039109375 0.53446875 0.4397039109375 0.53446875 0.3970335203125
3 0.5515178578125 0.3645642453125 0.5322455359375 0.3645642453125 0.5322455359375 0.3914692734375 0.5515178578125 0.3914692734375 0.5515178578125 0.3645642453125
3 0.5359508921875 0.312614525 0.521125 0.312614525 0.521125 0.33488268125 0.5359508921875 0.33488268125 0.5359508921875 0.312614525
3 0.6048928578125 0.28664245781250003 0.5885848218749999 0.28664245781250003 0.5885848218749999 0.32282122968750004 0.6048928578125 0.32282122968750004 0.6048928578125 0.28664245781250003
3 0.6367678578125 0.3311675984375 0.6093392859375 0.3311675984375 0.6093392859375 0.3654916203125 0.6367678578125 0.3654916203125 0.6367678578125 0.3311675984375
3 0.5841383921875 0.28478770937500003 0.556709821875 0.28478770937500003 0.556709821875 0.3172569828125 0.5841383921875 0.3172569828125 0.5841383921875 0.28478770937500003
3 0.265383928125 0.21985474843750002 0.2416607140625 0.21985474843750002 0.2416607140625 0.246754190625 0.265383928125 0.246754190625 0.265383928125 0.21985474843750002
3 0.4455133921875 0.5946201125 0.4203125 0.5946201125 0.4203125 0.644715084375 0.4455133921875 0.644715084375 0.4455133921875 0.5946201125
3 0.4136383921875 0.5547318437500001 0.3899196421875 0.5547318437500001 0.3899196421875 0.5788547484375 0.4136383921875 0.5788547484375 0.4136383921875 0.5547318437500001
3 0.4633080359375 0.23005586562499997 0.43810267812500003 0.23005586562499997 0.43810267812500003 0.26437988749999997 0.4633080359375 0.26437988749999997 0.4633080359375 0.23005586562499997
3 0.6767991078125 0.21057541875000002 0.65678125 0.21057541875000002 0.65678125 0.246754190625 0.6767991078125 0.246754190625 0.6767991078125 0.21057541875000002
3 0.7175669640625 0.11131843593749999 0.697553571875 0.11131843593749999 0.697553571875 0.1465698328125 0.7175669640625 0.1465698328125 0.7175669640625 0.11131843593749999
8 0.8821339281249999 0.918368715625 0.858415178125 0.918368715625 0.858415178125 0.9508379890624999 0.8821339281249999 0.9508379890624999 0.8821339281249999 0.918368715625
8 0.9214241078125 0.8172569828125 0.8999241078125 0.8172569828125 0.8999241078125 0.85158100625 0.9214241078125 0.85158100625 0.9214241078125 0.8172569828125
5 0.8650848218749999 0.004636871875 0.005928571875 0.004636871875 0.005928571875 0.53896089375 0.8650848218749999 0.53896089375 0.8650848218749999 0.004636871875
2 0.424758928125 0.0064916203125 0.005928571875 0.0064916203125 0.005928571875 0.8330279328125 0.424758928125 0.8330279328125 0.424758928125 0.0064916203125
1 0.37509375 0.0769944140625 0.2735357140625 0.0769944140625 0.2735357140625 0.23005586562499997 0.37509375 0.23005586562499997 0.37509375 0.0769944140625
1 0.4551517859375 0.14378770937500002 0.357303571875 0.14378770937500002 0.357303571875 0.3024134078125 0.4551517859375 0.3024134078125 0.4551517859375 0.14378770937500002
1 0.3409955359375 0.28478770937500003 0.2609330359375 0.28478770937500003 0.2609330359375 0.34879329531250003 0.3409955359375 0.34879329531250003 0.3409955359375 0.28478770937500003
1 0.40103571406249994 0.3812625703125 0.2461071421875 0.3812625703125 0.2461071421875 0.57050279375 0.40103571406249994 0.57050279375 0.40103571406249994 0.3812625703125
1 0.49221428593749994 0.49165363125 0.4358794640625 0.49165363125 0.4358794640625 0.589055865625 0.49221428593749994 0.589055865625 0.49221428593749994 0.49165363125
8 0.393625 0.4387765359375 0.384727678125 0.4387765359375 0.384727678125 0.4462011171875 0.393625 0.4462011171875 0.393625 0.4387765359375
8 0.40029464218750005 0.46382122968750006 0.393625 0.46382122968750006 0.393625 0.47495530781250006 0.40029464218750005 0.47495530781250006 0.40029464218750005 0.46382122968750006
8 0.416602678125 0.385899440625 0.4047455359375 0.385899440625 0.4047455359375 0.40723463750000005 0.416602678125 0.40723463750000005 0.416602678125 0.385899440625
8 0.41215624999999995 0.41744134062500005 0.4032633921875 0.41744134062500005 0.4032633921875 0.4276480453125 0.41215624999999995 0.4276480453125 0.41215624999999995 0.41744134062500005
8 0.6293571421874999 0.0834860328125 0.5782053578124999 0.0834860328125 0.5782053578124999 0.17346927343750002 0.6293571421874999 0.17346927343750002 0.6293571421874999 0.0834860328125
8 0.61453125 0.0454525140625 0.5707946421875 0.0454525140625 0.5707946421875 0.0955474859375 0.61453125 0.0955474859375 0.61453125 0.0454525140625
8 0.4640491078125 0.0797765359375 0.4492232140625 0.0797765359375 0.4492232140625 0.098329609375 0.4640491078125 0.098329609375 0.4640491078125 0.0797765359375
8 0.7309107140625 0.6771843578125 0.7131205359375 0.6771843578125 0.7131205359375 0.7040837984375 0.7309107140625 0.7040837984375 0.7309107140625 0.6771843578125
8 0.742772321875 0.63172625625 0.7272053578125 0.63172625625 0.7272053578125 0.6549217875 0.742772321875 0.6549217875 0.742772321875 0.63172625625
8 0.7301696421874999 0.658631284375 0.7183080359375 0.658631284375 0.7183080359375 0.6725418999999999 0.7301696421874999 0.6725418999999999 0.7301696421874999 0.658631284375
7 0.8502589281249999 0.674402234375 0.737584821875 0.674402234375 0.737584821875 0.7792234640625 0.8502589281249999 0.7792234640625 0.8502589281249999 0.674402234375
7 0.8762053578125 0.49072625625 0.7449955359375 0.49072625625 0.7449955359375 0.6298715078125 0.8762053578125 0.6298715078125 0.8762053578125 0.49072625625
3 0.773165178125 0.0714301671875 0.709415178125 0.0714301671875 0.709415178125 0.1196648046875 0.773165178125 0.1196648046875 0.773165178125 0.0714301671875
3 0.7257232140625 0.058441340625000004 0.6478883921875 0.058441340625000004 0.6478883921875 0.153061453125 0.7257232140625 0.153061453125 0.7257232140625 0.058441340625000004
3 0.4217946421875 0.0556592171875 0.3899196421875 0.0556592171875 0.3899196421875 0.089055865625 0.4217946421875 0.089055865625 0.4217946421875 0.0556592171875
4 0.3521116078125 0.3274581 0.26760714218750004 0.3274581 0.26760714218750004 0.42950279374999994 0.3521116078125 0.42950279374999994 0.3521116078125 0.3274581
3 0.578946428125 0.5788547484375 0.5122321421875 0.5788547484375 0.5122321421875 0.6345083796875 0.578946428125 0.6345083796875 0.578946428125 0.5788547484375
1 0.384727678125 0.473100559375 0.25055803593750003 0.473100559375 0.25055803593750003 0.75696089375 0.384727678125 0.75696089375 0.384727678125 0.473100559375
1 0.297258928125 0.562156425 0.161602678125 0.562156425 0.161602678125 0.7792234640625 0.297258928125 0.7792234640625 0.297258928125 0.562156425
1 0.4870267859375 0.8191117312499999 0.34025 0.8191117312499999 0.34025 0.9703184359374999 0.4870267859375 0.9703184359374999 0.4870267859375 0.8191117312499999
1 0.41141517812500006 0.8413743015625 0.28317410781249996 0.8413743015625 0.28317410781249996 0.9879441343750001 0.41141517812500006 0.9879441343750001 0.41141517812500006 0.8413743015625
1 0.265383928125 0.25974301718750004 0.154928571875 0.25974301718750004 0.154928571875 0.4582569828125 0.265383928125 0.4582569828125 0.265383928125 0.25974301718750004
1 0.3387678578125 0.003709496875 0.200147321875 0.003709496875 0.200147321875 0.14564245781250001 0.3387678578125 0.14564245781250001 0.3387678578125 0.003709496875
1 0.7968883921875001 0.2486089390625 0.6367678578125 0.2486089390625 0.6367678578125 0.5333966484375 0.7968883921875001 0.5333966484375 0.7968883921875001 0.2486089390625
8 0.6271294640625 0.7968491625 0.6130446421875 0.7968491625 0.6130446421875 0.8144748609375 0.6271294640625 0.8144748609375 0.6271294640625 0.7968491625
8 0.6805044640625 0.8283910609375 0.669383928125 0.8283910609375 0.669383928125 0.8460167593750001 0.6805044640625 0.8460167593750001 0.6805044640625 0.8283910609375
8 0.746477678125 0.840446928125 0.7323928578125 0.840446928125 0.7323928578125 0.8580726249999999 0.746477678125 0.8580726249999999 0.746477678125 0.840446928125
7 0.8969598218750001 0.7903575421875 0.696071428125 0.7903575421875 0.696071428125 0.9146592171875 0.8969598218750001 0.9146592171875 0.8969598218750001 0.7903575421875
8 0.7590803578124999 0.878480446875 0.7412901781250001 0.878480446875 0.7412901781250001 0.9035307265625001 0.7590803578124999 0.9035307265625001 0.7590803578124999 0.878480446875
8 0.7412901781250001 0.8951787703124999 0.7235 0.8951787703124999 0.7235 0.9128044687499999 0.7412901781250001 0.9128044687499999 0.7412901781250001 0.8951787703124999
8 0.8821339281249999 0.4591843578125 0.8665669640625 0.4591843578125 0.8665669640625 0.4740279328125 0.8821339281249999 0.4740279328125 0.8821339281249999 0.4591843578125
7 0.8939955359375 0.0769944140625 0.8710133921875001 0.0769944140625 0.8710133921875001 0.1066815640625 0.8939955359375 0.1066815640625 0.8939955359375 0.0769944140625
8 0.8895491078125 0.0797765359375 0.8791696421875 0.0797765359375 0.8791696421875 0.0936927375 0.8895491078125 0.0936927375 0.8895491078125 0.0797765359375
8 0.7420312499999999 0.004636871875 0.7205357140624999 0.004636871875 0.7205357140624999 0.025972067187499996 0.7420312499999999 0.025972067187499996 0.7420312499999999 0.004636871875
8 0.8947366078125001 0.8348826812500001 0.882875 0.8348826812500001 0.882875 0.854363128125 0.8947366078125001 0.854363128125 0.8947366078125001 0.8348826812500001