4 0.118165178125 0.2830927828125 0.06671875000000001 0.2830927828125 0.06671875000000001 0.34249484531249996 0.118165178125 0.34249484531249996 0.118165178125 0.2830927828125
4 0.7242767859375 0.36384020625 0.6832812500000001 0.36384020625 0.6832812500000001 0.5225567015625 0.7242767859375 0.5225567015625 0.7242767859375 0.36384020625
4 0.9991964281250001 0.2450360828125 0.9774910718750001 0.2450360828125 0.9774910718750001 0.30722165 0.9991964281250001 0.30722165 0.9991964281250001 0.2450360828125
4 1 0.24039690781249998 0.8665580359374999 0.24039690781249998 0.8665580359374999 0.4167474234375 1 0.4167474234375 1 0.24039690781249998
4 0.9983928578124999 0.38240206250000003 0.8922812499999999 0.38240206250000003 0.8922812499999999 0.6163041234375 0.9983928578124999 0.6163041234375 0.9983928578124999 0.38240206250000003
4 0.8697767859375001 0.5439072171875 0.7700982140625 0.5439072171875 0.7700982140625 0.617231959375 0.8697767859375001 0.617231959375 0.8697767859375001 0.5439072171875
4 0.508040178125 0.6989072171874999 0.475883928125 0.6989072171874999 0.475883928125 0.737891753125 0.508040178125 0.737891753125 0.508040178125 0.6989072171874999
4 0.6543392859375 0.689628865625 0.6004821421875 0.689628865625 0.6004821421875 0.7369639171875 0.6543392859375 0.7369639171875 0.6543392859375 0.689628865625
4 0.6061071421875 0.8873247421875 0.5803839281250001 0.8873247421875 0.5803839281250001 0.9096030921875 0.6061071421875 0.9096030921875 0.6061071421875 0.8873247421875
3 0.675241071875 0.831639175 0.570741071875 0.831639175 0.570741071875 0.9727164953124999 0.675241071875 0.9727164953124999 0.675241071875 0.831639175
6 0.6567544640625 0.659927834375 0.234727678125 0.659927834375 0.234727678125 0.9977783499999999 0.6567544640625 0.9977783499999999 0.6567544640625 0.659927834375
8 0.5225089281249999 0.61165979375 0.47106250000000005 0.61165979375 0.47106250000000005 0.6460051546875001 0.5225089281249999 0.6460051546875001 0.5225089281249999 0.61165979375
8 0.6929241078125 0.82977835 0.6720267859375 0.82977835 0.6720267859375 0.860412371875 0.6929241078125 0.860412371875 0.6929241078125 0.82977835
4 0.6487142859375 0.728608246875 0.5787767859375 0.728608246875 0.5787767859375 0.7880154640625 0.6487142859375 0.7880154640625 0.6487142859375 0.728608246875
4 0.5779732140625 0.8520567015625 0.547428571875 0.8520567015625 0.547428571875 0.9096030921875 0.5779732140625 0.9096030921875 0.5779732140625 0.8520567015625
4 0.7057857140625 0.6088762890625 0.6326383921875001 0.6088762890625 0.6326383921875001 0.7007680406250001 0.7057857140625 0.7007680406250001 0.7057857140625 0.6088762890625
4 0.725883928125 0.8075051546875001 0.704178571875 0.8075051546875001 0.704178571875 0.8390618562500001 0.725883928125 0.8390618562500001 0.725883928125 0.8075051546875001
8 0.5651116078125 0.8269948453125 0.48794196406249996 0.8269948453125 0.48794196406249996 0.8891855671875 0.5651116078125 0.8891855671875 0.5651116078125 0.8269948453125
8 0.6704196421875 0.8966082468750001 0.6390669640625 0.8966082468750001 0.6390669640625 0.9235257734375001 0.6704196421875 0.9235257734375001 0.6704196421875 0.8966082468750001
8 0.6045 0.858551546875 0.5578794640625 0.858551546875 0.5578794640625 0.8882577312500001 0.6045 0.8882577312500001 0.6045 0.858551546875
8 0.4228303578125 0.9309536078124999 0.3810267859375 0.9309536078124999 0.3810267859375 0.9792164953125001 0.4228303578125 0.9792164953125001 0.4228303578125 0.9309536078124999
8 0.5353705359375 0.92074226875 0.5024107140625 0.92074226875 0.5024107140625 0.955082475 0.5353705359375 0.955082475 0.5353705359375 0.92074226875
8 0.570741071875 0.6719948453125 0.528133928125 0.6719948453125 0.528133928125 0.7016958765625 0.570741071875 0.7016958765625 0.570741071875 0.6719948453125
8 0.9268482140625001 0.31557732031249996 0.8810267859375 0.31557732031249996 0.8810267859375 0.3610567015625 0.9268482140625001 0.3610567015625 0.9268482140625001 0.31557732031249996
8 0.9654330359375001 0.45294329843750003 0.9043392859375 0.45294329843750003 0.9043392859375 0.614448453125 0.9654330359375001 0.614448453125 0.9654330359375001 0.45294329843750003
8 0.9975892859375 0.44180927812500004 0.9501607140624999 0.44180927812500004 0.9501607140624999 0.5114175249999999 0.9975892859375 0.5114175249999999 0.9975892859375 0.44180927812500004
8 0.8641473218750001 0.5717525765625 0.8472678578125 0.5717525765625 0.8472678578125 0.59588144375 0.8641473218750001 0.59588144375 0.8641473218750001 0.5717525765625
8 0.5924419640624999 1 0.5924419640624999 0.982 0.561897321875 0.982 0.561897321875 1 0.5924419640624999 1
4 0.45498214218750005 0.5457628859375 0.0024107140625 0.5457628859375 0.0024107140625 0.7564536078125 0.45498214218750005 0.7564536078125 0.45498214218750005 0.5457628859375
4 0.986334821875 0.9587938140625001 0.961415178125 0.9587938140625001 0.961415178125 0.982 0.986334821875 0.982 0.986334821875 0.9587938140625001
5 0.41479017812499996 0.6209432984375 0.0184866078125 0.6209432984375 0.0184866078125 0.9773608250000001 0.41479017812499996 0.9773608250000001 0.41479017812499996 0.6209432984375