8 0.8863616078125001 0.347425640625 0.8723794640625 0.347425640625 0.8723794640625 0.37152820468750003 0.8863616078125001 0.37152820468750003 0.8863616078125001 0.347425640625
8 0.3863616078125 0.006025640625 0.353147321875 0.006025640625 0.353147321875 0.0140564109375 0.3863616078125 0.0140564109375 0.3863616078125 0.006025640625
8 0.2692321421875 0.05623076875000001 0.25699107187500003 0.05623076875000001 0.25699107187500003 0.0662717953125 0.2692321421875 0.0662717953125 0.2692321421875 0.05623076875000001
8 0.12587500000000001 0.1245128203125 0.103147321875 0.1245128203125 0.103147321875 0.1506205125 0.12587500000000001 0.1506205125 0.12587500000000001 0.1245128203125
8 0.041959821875 0.21689230781250002 0.0034955359375 0.21689230781250002 0.0034955359375 0.25304102500000003 0.041959821875 0.25304102500000003 0.041959821875 0.21689230781250002
8 0.1363616078125 0.37152820468750003 0.124125 0.37152820468750003 0.124125 0.379558975 0.1363616078125 0.379558975 0.1363616078125 0.37152820468750003
8 0.2027991078125 0.395625640625 0.1818169640625 0.395625640625 0.1818169640625 0.4076769234375 0.2027991078125 0.4076769234375 0.2027991078125 0.395625640625
8 0.23776339218749998 0.4036564109375 0.229022321875 0.4036564109375 0.229022321875 0.4116923078125 0.23776339218749998 0.4116923078125 0.23776339218749998 0.4036564109375
8 0.22202678593749997 0.4096820515625 0.209790178125 0.4096820515625 0.209790178125 0.41771794843750004 0.22202678593749997 0.41771794843750004 0.22202678593749997 0.4096820515625
8 0.1748258921875 0.4197230765625 0.1695803578125 0.4197230765625 0.1695803578125 0.427758975 0.1748258921875 0.427758975 0.1748258921875 0.4197230765625
8 0.24650446406249998 0.43578974375 0.227272321875 0.43578974375 0.227272321875 0.441815384375 0.24650446406249998 0.441815384375 0.24650446406249998 0.43578974375
8 0.9370625 0.8314153843750001 0.9248258921874999 0.8314153843750001 0.9248258921874999 0.8494871796875 0.9370625 0.8494871796875 0.9370625 0.8314153843750001
8 0.5786696421874999 0.624564103125 0.573428571875 0.624564103125 0.573428571875 0.6325999999999999 0.5786696421874999 0.6325999999999999 0.5786696421874999 0.624564103125
8 0.5314687499999999 0.6526820515625 0.524477678125 0.6526820515625 0.524477678125 0.6587076921875 0.5314687499999999 0.6587076921875 0.5314687499999999 0.6526820515625
8 0.8601383921875 0.594441025 0.853147321875 0.594441025 0.853147321875 0.6004666671875001 0.8601383921875 0.6004666671875001 0.8601383921875 0.594441025
8 0.5576919640625 0.7591179484375 0.5472008921875 0.7591179484375 0.5472008921875 0.77116923125 0.5576919640625 0.77116923125 0.5576919640625 0.7591179484375
8 0.49300892812499997 0.8575230765624999 0.4842678578125 0.8575230765624999 0.4842678578125 0.865553846875 0.49300892812499997 0.865553846875 0.49300892812499997 0.8575230765624999
8 0.4492991078125 0.7691589750000001 0.4405580359375 0.7691589750000001 0.4405580359375 0.7952666671874999 0.4492991078125 0.7952666671874999 0.4492991078125 0.7691589750000001
8 0.43007142812500004 0.77116923125 0.4195803578125 0.77116923125 0.4195803578125 0.7932564109375 0.43007142812500004 0.7932564109375 0.43007142812500004 0.77116923125
8 0.4562946421875 0.7089128203125 0.4492991078125 0.7089128203125 0.4492991078125 0.7169435890625 0.4562946421875 0.7169435890625 0.4562946421875 0.7089128203125
8 0.4562946421875 0.63058974375 0.447553571875 0.63058974375 0.447553571875 0.64063076875 0.4562946421875 0.64063076875 0.4562946421875 0.63058974375
8 0.43181696406250003 0.634605128125 0.4230758921875 0.634605128125 0.4230758921875 0.6486666671875 0.43181696406250003 0.6486666671875 0.43181696406250003 0.634605128125
8 0.4248258921875 0.6084974359374999 0.4178303578125 0.6084974359374999 0.4178303578125 0.624564103125 0.4248258921875 0.624564103125 0.4248258921875 0.6084974359374999
8 0.4003482140625 0.6145230765624999 0.3916071421875 0.6145230765624999 0.3916071421875 0.63058974375 0.4003482140625 0.63058974375 0.4003482140625 0.6145230765624999
8 0.06293750000000001 0.6325999999999999 0.038459821875 0.6325999999999999 0.038459821875 0.6627230765625 0.06293750000000001 0.6627230765625 0.06293750000000001 0.6325999999999999
8 0.031468750000000004 0.594441025 0.022727678125 0.594441025 0.022727678125 0.6044820515625 0.031468750000000004 0.6044820515625 0.031468750000000004 0.594441025
8 0.0804196421875 0.59243076875 0.073428571875 0.59243076875 0.073428571875 0.594441025 0.0804196421875 0.594441025 0.0804196421875 0.59243076875
8 0.146852678125 0.6566974359375 0.083915178125 0.6566974359375 0.083915178125 0.7651435890625 0.146852678125 0.7651435890625 0.146852678125 0.6566974359375
8 0.08741071406249999 0.6024769234375 0.0804196421875 0.6024769234375 0.0804196421875 0.6125179484375 0.08741071406249999 0.6125179484375 0.08741071406249999 0.6024769234375
8 0.22202678593749997 0.6627230765625 0.21503571406250002 0.6627230765625 0.21503571406250002 0.67476923125 0.22202678593749997 0.67476923125 0.22202678593749997 0.6627230765625
8 0.3688794640625 0.6325999999999999 0.3583928578125 0.6325999999999999 0.3583928578125 0.644646153125 0.3688794640625 0.644646153125 0.3688794640625 0.6325999999999999
8 0.353147321875 0.6084974359374999 0.3374107140625 0.6084974359374999 0.3374107140625 0.6285794874999999 0.353147321875 0.6285794874999999 0.353147321875 0.6084974359374999
8 0.45104910781249996 0.9679743593750001 0.44580357187499997 0.9679743593750001 0.44580357187499997 0.97601025625 0.45104910781249996 0.97601025625 0.45104910781249996 0.9679743593750001
8 0.45104910781249996 0.9278102562500001 0.4440580359375 0.9278102562500001 0.4440580359375 0.9358461531250001 0.45104910781249996 0.9358461531250001 0.45104910781249996 0.9278102562500001
8 0.398602678125 0.974 0.384616071875 0.974 0.384616071875 0.9860512828125 0.398602678125 0.9860512828125 0.398602678125 0.974
8 0.3933571421875 0.9478923078125 0.3863616078125 0.9478923078125 0.3863616078125 0.9579333328124999 0.3933571421875 0.9579333328124999 0.3933571421875 0.9478923078125
8 0.3811205359375 0.9539179484375 0.365383928125 0.9539179484375 0.365383928125 0.974 0.3811205359375 0.974 0.3811205359375 0.9539179484375
8 0.3409107140625 0.9559282046875 0.30594196406249996 0.9559282046875 0.30594196406249996 0.9860512828125 0.3409107140625 0.9860512828125 0.3409107140625 0.9559282046875
8 0.229022321875 0.9438769234375 0.21678125 0.9438769234375 0.21678125 0.9539179484375 0.229022321875 0.9539179484375 0.229022321875 0.9438769234375
8 0.3496517859375 0.8615384609375001 0.3374107140625 0.8615384609375001 0.3374107140625 0.9037128203125 0.3496517859375 0.9037128203125 0.3496517859375 0.8615384609375001
8 0.333915178125 0.8595282046875001 0.319928571875 0.8595282046875001 0.319928571875 0.8816205125 0.333915178125 0.8816205125 0.333915178125 0.8595282046875001
8 0.42657142812500004 0.8816205125 0.398602678125 0.8816205125 0.398602678125 0.9017025640625 0.42657142812500004 0.9017025640625 0.42657142812500004 0.8816205125
8 0.43007142812500004 0.8615384609375001 0.4230758921875 0.8615384609375001 0.4230758921875 0.8695692312500001 0.43007142812500004 0.8695692312500001 0.43007142812500004 0.8615384609375001
8 0.398602678125 0.8454717953124999 0.3916071421875 0.8454717953124999 0.3916071421875 0.8575230765624999 0.398602678125 0.8575230765624999 0.398602678125 0.8454717953124999
8 0.4038482140625 0.8133384609375 0.4003482140625 0.8133384609375 0.4003482140625 0.82538974375 0.4038482140625 0.82538974375 0.4038482140625 0.8133384609375
8 0.395102678125 0.8073179484375 0.3898616078125 0.8073179484375 0.3898616078125 0.817358975 0.395102678125 0.817358975 0.395102678125 0.8073179484375
8 0.365383928125 0.7972769234375 0.3583928578125 0.7972769234375 0.3583928578125 0.8073179484375 0.365383928125 0.8073179484375 0.365383928125 0.7972769234375
8 0.3374107140625 0.8314153843750001 0.3304196421875 0.8314153843750001 0.3304196421875 0.8414564109375 0.3374107140625 0.8414564109375 0.3374107140625 0.8314153843750001
8 0.365383928125 0.7611282046875 0.34265625 0.7611282046875 0.34265625 0.78723076875 0.365383928125 0.78723076875 0.365383928125 0.7611282046875
8 0.3286696421875 0.7591179484375 0.302446428125 0.7591179484375 0.302446428125 0.789241025 0.3286696421875 0.789241025 0.3286696421875 0.7591179484375
8 0.3094419640625 0.7109179484375 0.2342678578125 0.7109179484375 0.2342678578125 0.7691589750000001 0.3094419640625 0.7691589750000001 0.3094419640625 0.7109179484375
8 0.4038482140625 0.6828051281249999 0.395102678125 0.6828051281249999 0.395102678125 0.6948564109375 0.4038482140625 0.6948564109375 0.4038482140625 0.6828051281249999
8 0.260491071875 0.6627230765625 0.24475446406249998 0.6627230765625 0.24475446406249998 0.67878974375 0.260491071875 0.67878974375 0.260491071875 0.6627230765625
8 0.2674821421875 0.68883076875 0.25699107187500003 0.68883076875 0.25699107187500003 0.7028871796875 0.2674821421875 0.7028871796875 0.2674821421875 0.68883076875
8 0.243008928125 0.68883076875 0.23776339218749998 0.68883076875 0.23776339218749998 0.6988717953125 0.243008928125 0.6988717953125 0.243008928125 0.68883076875
8 0.27971875 0.6506717953125001 0.270977678125 0.6506717953125001 0.270977678125 0.6607128203125 0.27971875 0.6607128203125 0.27971875 0.6506717953125001
8 0.2342678578125 0.636615384375 0.22202678593749997 0.636615384375 0.22202678593749997 0.6506717953125001 0.2342678578125 0.6506717953125001 0.2342678578125 0.636615384375
8 0.211540178125 0.9057179484375 0.2010491078125 0.9057179484375 0.2010491078125 0.9137538468749999 0.211540178125 0.9137538468749999 0.211540178125 0.9057179484375
8 0.6590892859374999 0.7470666671874999 0.6538482140624999 0.7470666671874999 0.6538482140624999 0.7571076921875 0.6590892859374999 0.7571076921875 0.6590892859374999 0.7470666671874999
8 0.040209821875 0.5683333328125 0.02971875 0.5683333328125 0.02971875 0.5783743593749999 0.040209821875 0.5783743593749999 0.040209821875 0.5683333328125
8 0.15559375 0.7169435890625 0.146852678125 0.7169435890625 0.146852678125 0.7209589750000001 0.15559375 0.7209589750000001 0.15559375 0.7169435890625
8 0.2062946421875 0.7771897437499999 0.1923080359375 0.7771897437499999 0.1923080359375 0.78723076875 0.2062946421875 0.78723076875 0.2062946421875 0.7771897437499999
8 0.1853125 0.7450615390625 0.17657142812499999 0.7450615390625 0.17657142812499999 0.7551025640625 0.1853125 0.7551025640625 0.1853125 0.7450615390625
8 0.540209821875 0.817358975 0.5349642859375 0.817358975 0.5349642859375 0.8314153843750001 0.540209821875 0.8314153843750001 0.540209821875 0.817358975
8 0.709790178125 0.78121025625 0.7045446421875 0.78121025625 0.7045446421875 0.78723076875 0.709790178125 0.78723076875 0.709790178125 0.78121025625
8 0.5 0.7591179484375 0.4965044640625 0.7591179484375 0.4965044640625 0.7691589750000001 0.5 0.7691589750000001 0.5 0.7591179484375
3 0.18007142812500002 0.29923076875 0.1503482140625 0.29923076875 0.1503482140625 0.339394871875 0.18007142812500002 0.339394871875 0.18007142812500002 0.29923076875
3 0.59265625 0.09438974375 0.541959821875 0.09438974375 0.541959821875 0.144594871875 0.59265625 0.144594871875 0.59265625 0.09438974375
3 0.5786696421874999 0.30927179531250004 0.428321428125 0.30927179531250004 0.428321428125 0.44583076874999994 0.5786696421874999 0.44583076874999994 0.5786696421874999 0.30927179531250004
3 0.65734375 0.3152974359375 0.6188794640624999 0.3152974359375 0.6188794640624999 0.37152820468750003 0.65734375 0.37152820468750003 0.65734375 0.3152974359375
3 0.7867142859375 1 0.7867142859375 0.44784102499999995 0.46154017812500003 0.44784102499999995 0.46154017812500003 1 0.7867142859375 1
3 0.8776205359375 0.5462410249999999 0.8111875 0.5462410249999999 0.8111875 0.63058974375 0.8776205359375 0.63058974375 0.8776205359375 0.5462410249999999
3 0.9685312500000001 0.7671487171875 0.8863616078125001 0.7671487171875 0.8863616078125001 0.9318256406250001 0.9685312500000001 0.9318256406250001 0.9685312500000001 0.7671487171875
8 0.8444062499999999 0.7189538468750001 0.8374107140625 0.7189538468750001 0.8374107140625 0.731 0.8444062499999999 0.731 0.8444062499999999 0.7189538468750001