4 0.2285178578125 0.1972678578125 0.01171875 0.1972678578125 0.01171875 0.68359375 0.2285178578125 0.68359375 0.2285178578125 0.1972678578125
3 0.3378928578125 0.45898660781249995 0.2128928578125 0.45898660781249995 0.2128928578125 0.6699241078125 0.3378928578125 0.6699241078125 0.3378928578125 0.45898660781249995
3 0.9902366078125 0.0136741078125 0.8046875 0.0136741078125 0.8046875 0.6660178578125 0.9902366078125 0.6660178578125 0.9902366078125 0.0136741078125
3 0.49804910781249995 0.9296875 0.44726785781249995 0.9296875 0.44726785781249995 0.9765625 0.49804910781249995 0.9765625 0.49804910781249995 0.9296875
4 0.8828125 0.1230491078125 0.8515625 0.1230491078125 0.8515625 0.15625 0.8828125 0.15625 0.8828125 0.1230491078125
4 0.2285178578125 0.47265625 0.2050803578125 0.47265625 0.2050803578125 0.515625 0.2285178578125 0.515625 0.2285178578125 0.47265625
4 0.24609375 0.5859375 0.2285178578125 0.5859375 0.2285178578125 0.6152366078125 0.24609375 0.6152366078125 0.24609375 0.5859375
4 0.3378928578125 0.4765625 0.28515625 0.4765625 0.28515625 0.54296875 0.3378928578125 0.54296875 0.3378928578125 0.4765625
4 0.859375 0.21875 0.8339866078125 0.21875 0.8339866078125 0.2714866078125 0.859375 0.2714866078125 0.859375 0.21875
4 0.8652366078125 0.5019553578125 0.80078125 0.5019553578125 0.80078125 0.5878928578125 0.8652366078125 0.5878928578125 0.8652366078125 0.5019553578125
4 0.9765625 0.1171875 0.94140625 0.1171875 0.94140625 0.1484375 0.9765625 0.1484375 0.9765625 0.1171875
4 0.9453125 0.2734375 0.92578125 0.2734375 0.92578125 0.3066428578125 0.9453125 0.3066428578125 0.9453125 0.2734375
4 0.9042991078125 0.23046875 0.8847678578125 0.23046875 0.8847678578125 0.2578125 0.9042991078125 0.2578125 0.9042991078125 0.23046875
4 0.8359375 0.1171875 0.8105491078125 0.1171875 0.8105491078125 0.1699241078125 0.8359375 0.1699241078125 0.8359375 0.1171875
4 0.6113303578125 0.0234375 0.55078125 0.0234375 0.55078125 0.0546875 0.6113303578125 0.0546875 0.6113303578125 0.0234375
3 0.6171875 0.01171875 0.55078125 0.01171875 0.55078125 0.07421875 0.6171875 0.07421875 0.6171875 0.01171875
4 0.2675803578125 0.3847678578125 0.234375 0.3847678578125 0.234375 0.43359375 0.2675803578125 0.43359375 0.2675803578125 0.3847678578125
4 0.4921875 0.9355491078125 0.453125 0.9355491078125 0.453125 0.9667991078125 0.4921875 0.9667991078125 0.4921875 0.9355491078125