5 0.3179275359375 0.641508928125 0.002917875 0.641508928125 0.002917875 0.991915178125 0.3179275359375 0.991915178125 0.3179275359375 0.641508928125
8 0.3004299515625 0.7628035718749999 0.2479275359375 0.7628035718749999 0.2479275359375 0.8005401781250001 0.3004299515625 0.8005401781250001 0.3004299515625 0.7628035718749999
8 0.48418357500000003 0.7655000000000001 0.4375169078125 0.7655000000000001 0.4375169078125 0.8167098218750001 0.48418357500000003 0.8167098218750001 0.48418357500000003 0.7655000000000001
8 0.536685990625 0.8571428578125 0.46085024218750004 0.8571428578125 0.46085024218750004 0.94609375 0.536685990625 0.94609375 0.536685990625 0.8571428578125
8 0.72044444375 0.6927232140624999 0.533772946875 0.6927232140624999 0.533772946875 0.7924508921875 0.72044444375 0.7924508921875 0.72044444375 0.6927232140624999
8 0.93337198125 0.5229107140625 0.8341980671875 0.5229107140625 0.8341980671875 0.6172500000000001 0.93337198125 0.6172500000000001 0.93337198125 0.5229107140625
8 0.9975410625000001 0.6630714281250001 0.7116956515624999 0.6630714281250001 0.7116956515624999 0.991915178125 0.9975410625000001 0.991915178125 0.9975410625000001 0.6630714281250001
8 0.93337198125 0.2533705359375 0.9071207734375 0.2533705359375 0.9071207734375 0.2830178578125 0.93337198125 0.2830178578125 0.93337198125 0.2533705359375
8 0.89836715 0.25606249999999997 0.8721159421875001 0.25606249999999997 0.8721159421875001 0.28571428593750003 0.89836715 0.28571428593750003 0.89836715 0.25606249999999997
8 0.6446086953125 0 0.6446086953125 0.1159017859375 0.72628019375 0.1159017859375 0.72628019375 0 0.6446086953125 0
8 0.5075217390625 0.374665178125 0.44335265625 0.374665178125 0.44335265625 0.425875 0.5075217390625 0.425875 0.5075217390625 0.374665178125
8 0.3675120765625 0.38275000000000003 0.329594203125 0.38275000000000003 0.329594203125 0.423178571875 0.3675120765625 0.423178571875 0.3675120765625 0.38275000000000003
8 0.22750724687499999 0.36657589218750003 0.154589371875 0.36657589218750003 0.154589371875 0.41509375000000004 0.22750724687499999 0.41509375000000004 0.22750724687499999 0.36657589218750003
8 0.1341739125 0.3881383921875 0.07000483125 0.3881383921875 0.07000483125 0.43126785781250004 0.1341739125 0.43126785781250004 0.1341739125 0.3881383921875
8 0.3179275359375 0.4582232140625 0.28000966250000003 0.4582232140625 0.28000966250000003 0.4878705359375 0.3179275359375 0.4878705359375 0.3179275359375 0.4582232140625
8 0.25375845468749997 0.47978571406250003 0.21292270468750002 0.47978571406250003 0.21292270468750002 0.5148258921875 0.25375845468749997 0.5148258921875 0.25375845468749997 0.47978571406250003
7 0.9946231890625 0.56334375 0.43459903437499997 0.56334375 0.43459903437499997 0.9838258921874999 0.9946231890625 0.9838258921874999 0.9946231890625 0.56334375