3 0.96484375 0.0703125 0.6035178578125 0.0703125 0.6035178578125 0.3066428578125 0.96484375 0.3066428578125 0.96484375 0.0703125
3 0.8203125 0.3730491078125 0.7324241078125 0.3730491078125 0.7324241078125 0.46875 0.8203125 0.46875 0.8203125 0.3730491078125
3 0.89453125 0.47070535781249995 0.859375 0.47070535781249995 0.859375 0.5136741078125 0.89453125 0.5136741078125 0.89453125 0.47070535781249995
3 0.625 0.6113303578125 0.5449241078125 0.6113303578125 0.5449241078125 0.6972678578125 0.625 0.6972678578125 0.625 0.6113303578125
3 0.5800803578125 0.7109375 0.4375 0.7109375 0.4375 0.9863303578125 0.5800803578125 0.9863303578125 0.5800803578125 0.7109375
3 0.28125 0.6425803578125 0.16015625 0.6425803578125 0.16015625 0.7597678578125 0.28125 0.7597678578125 0.28125 0.6425803578125
3 0.9707053578125 0.5332053578125 0.9160178578125 0.5332053578125 0.9160178578125 0.6230491078125 0.9707053578125 0.6230491078125 0.9707053578125 0.5332053578125
5 0.6933616078125 0.1464866078125 0.1484375 0.1464866078125 0.1484375 0.5957053578125 0.6933616078125 0.5957053578125 0.6933616078125 0.1464866078125
7 0.9765625 0.7871116078125 0.7285178578125 0.7871116078125 0.7285178578125 0.984375 0.9765625 0.984375 0.9765625 0.7871116078125
3 0.6308616078125 0.7519553578125 0.59765625 0.7519553578125 0.59765625 0.7734375 0.6308616078125 0.7734375 0.6308616078125 0.7519553578125
3 0.3652366078125 0.6035178578125 0.3300803578125 0.6035178578125 0.3300803578125 0.63671875 0.3652366078125 0.63671875 0.3652366078125 0.6035178578125
3 0.8535178578125 0.44921875 0.8261741078125 0.44921875 0.8261741078125 0.4765625 0.8535178578125 0.4765625 0.8535178578125 0.44921875
3 0.95703125 0.38671875 0.9316428578125 0.38671875 0.9316428578125 0.40429910781249995 0.95703125 0.40429910781249995 0.95703125 0.38671875
3 0.953125 0.42773660781249995 0.9003928578125 0.42773660781249995 0.9003928578125 0.47461160781249995 0.953125 0.47461160781249995 0.953125 0.42773660781249995
3 0.99609375 0.609375 0.96875 0.609375 0.96875 0.6816428578125 0.99609375 0.6816428578125 0.99609375 0.609375
4 0.5605491078125 0.75 0.48046875 0.75 0.48046875 0.92578125 0.5605491078125 0.92578125 0.5605491078125 0.75
4 0.265625 0.65625 0.22265625 0.65625 0.22265625 0.7128928578125 0.265625 0.7128928578125 0.265625 0.65625
8 0.06640625 0.83203125 0.03515625 0.83203125 0.03515625 0.8691428578125 0.06640625 0.8691428578125 0.06640625 0.83203125
8 0.8652366078125 0.0800803578125 0.84375 0.0800803578125 0.84375 0.1035178578125 0.8652366078125 0.1035178578125 0.8652366078125 0.0800803578125
8 0.8730491078125 0.1582053578125 0.85546875 0.1582053578125 0.85546875 0.1738303578125 0.8730491078125 0.1738303578125 0.8730491078125 0.1582053578125
4 0.8828125 0.48046875 0.8671875 0.48046875 0.8671875 0.50390625 0.8828125 0.50390625 0.8828125 0.48046875
4 0.8125 0.44140625 0.7949241078125 0.44140625 0.7949241078125 0.46679910781249995 0.8125 0.46679910781249995 0.8125 0.44140625
4 0.5703125 0.9609375 0.5292991078125 0.9609375 0.5292991078125 0.9863303578125 0.5703125 0.9863303578125 0.5703125 0.9609375
4 0.2265625 0.7109375 0.2109375 0.7109375 0.2109375 0.734375 0.2265625 0.734375 0.2265625 0.7109375