5 0.8472946421875 0.0102067046875 0.5003705359375 0.0102067046875 0.5003705359375 0.2903519546875 0.8472946421875 0.2903519546875 0.8472946421875 0.0102067046875
5 0.8087455359375 0.2940670390625 0.6871741078125 0.2940670390625 0.6871741078125 0.574212290625 0.8087455359375 0.574212290625 0.8087455359375 0.2940670390625
3 0.6308392859375 0.799631284375 0.5997053578125 0.799631284375 0.5997053578125 0.8321005593749999 0.6308392859375 0.8321005593749999 0.6308392859375 0.799631284375
3 0.7353616078125 0.9192960890625 0.7079330359375 0.9192960890625 0.7079330359375 0.9656815640625 0.7353616078125 0.9656815640625 0.7353616078125 0.9192960890625
7 0 0 0 0.4471284921875 0.3684196421875 0.4471284921875 0.3684196421875 0 0 0
8 0.4040044640625 0.8525083796875 0.37509375 0.8525083796875 0.37509375 0.8747709499999999 0.4040044640625 0.8747709499999999 0.4040044640625 0.8525083796875
8 0.45885714218749996 0.8580726249999999 0.42327678593750007 0.8580726249999999 0.42327678593750007 0.8766256984374999 0.45885714218749996 0.8766256984374999 0.45885714218749996 0.8580726249999999
8 0.8895491078125 0.6734748609375 0.8569330359375 0.6734748609375 0.8569330359375 0.7235642453125 0.8895491078125 0.7235642453125 0.8895491078125 0.6734748609375
8 0.9184598218750001 0.5927653625 0.8977008921875 0.5927653625 0.8977008921875 0.6252346375 0.9184598218750001 0.6252346375 0.9184598218750001 0.5927653625
8 0.8398794640625 0.3506480453125 0.8154196421875 0.3506480453125 0.8154196421875 0.3951787703125 0.8398794640625 0.3951787703125 0.8398794640625 0.3506480453125
8 0.9184598218750001 0.1818212296875 0.8865848218749999 0.1818212296875 0.8865848218749999 0.21613966406250001 0.9184598218750001 0.21613966406250001 0.9184598218750001 0.1818212296875
8 0.8569330359375 0.187385475 0.83765625 0.187385475 0.83765625 0.22449162031249997 0.8569330359375 0.22449162031249997 0.8569330359375 0.187385475
8 0.8650848218749999 0.025044692187500002 0.841366071875 0.025044692187500002 0.841366071875 0.0630782125 0.8650848218749999 0.0630782125 0.8650848218749999 0.025044692187500002
8 0.8302455359375 0.0027821234375 0.8072633921874999 0.0027821234375 0.8072633921874999 0.0287597765625 0.8302455359375 0.0287597765625 0.8302455359375 0.0027821234375
8 0.7575982140625 0.0769944140625 0.7435133921875 0.0769944140625 0.7435133921875 0.10296647968749999 0.7575982140625 0.10296647968749999 0.7575982140625 0.0769944140625
8 0.7709419640624999 0.11131843593749999 0.7575982140625 0.11131843593749999 0.7575982140625 0.1354357546875 0.7709419640624999 0.1354357546875 0.7709419640624999 0.11131843593749999
8 0.7449955359375 0.0287597765625 0.7272053578125 0.0287597765625 0.7272053578125 0.061223464062499997 0.7449955359375 0.061223464062499997 0.7449955359375 0.0287597765625
8 0.7316517859375 0.918368715625 0.7123794640625001 0.918368715625 0.7123794640625001 0.9573296093750001 0.7316517859375 0.9573296093750001 0.7316517859375 0.918368715625
8 0.6278705359375001 0.799631284375 0.606375 0.799631284375 0.606375 0.824675978125 0.6278705359375001 0.824675978125 0.6278705359375001 0.799631284375
8 0.7398080359375 0.5380335203125 0.7064508921875 0.5380335203125 0.7064508921875 0.60111731875 0.7398080359375 0.60111731875 0.7398080359375 0.5380335203125
8 0.7805803578125 0.659558659375 0.7605625 0.659558659375 0.7605625 0.6873854749999999 0.7805803578125 0.6873854749999999 0.7805803578125 0.659558659375
8 0.8235714281250001 0.705938546875 0.8072633921874999 0.705938546875 0.8072633921874999 0.7319162015625 0.8235714281250001 0.7319162015625 0.8235714281250001 0.705938546875
3 0.7605625 0.14564245781250001 0.7398080359375 0.14564245781250001 0.7398080359375 0.17346927343750002 0.7605625 0.17346927343750002 0.7605625 0.14564245781250001
3 0.6723482140625 0.000927375 0.6434375 0.000927375 0.6434375 0.035251396875 0.6723482140625 0.035251396875 0.6723482140625 0.000927375
3 0.9666428578125 0.26437988749999997 0.9503348218750001 0.26437988749999997 0.9503348218750001 0.2903519546875 0.9666428578125 0.2903519546875 0.9666428578125 0.26437988749999997
3 0.7768705359375 0.6614134078125 0.761303571875 0.6614134078125 0.761303571875 0.6855307265625 0.7768705359375 0.6855307265625 0.7768705359375 0.6614134078125
3 0.8220892859375001 0.7096480453125 0.8094866078124999 0.7096480453125 0.8094866078124999 0.7319162015625 0.8220892859375001 0.7319162015625 0.8220892859375001 0.7096480453125
3 0.625647321875 0.9573296093750001 0.5952544640624999 0.9573296093750001 0.5952544640624999 0.9897988828125 0.625647321875 0.9897988828125 0.625647321875 0.9573296093750001
3 0.664196428125 0.8265363125 0.6278705359375001 0.8265363125 0.6278705359375001 0.859 0.664196428125 0.859 0.664196428125 0.8265363125
3 0.5500357140625 0.9146592171875 0.4959241078125 0.9146592171875 0.4959241078125 0.9508379890624999 0.5500357140625 0.9508379890624999 0.5500357140625 0.9146592171875
3 0.8843571421875 0.94527374375 0.8591562500000001 0.94527374375 0.8591562500000001 0.9768156421875 0.8843571421875 0.9768156421875 0.8843571421875 0.94527374375
3 0.1593794640625 0.89888826875 0.13713839218749999 0.89888826875 0.13713839218749999 0.9230111734375 0.1593794640625 0.9230111734375 0.1593794640625 0.89888826875
3 0.6034107140625 0.92857541875 0.5841383921875 0.92857541875 0.5841383921875 0.9508379890624999 0.6034107140625 0.9508379890624999 0.6034107140625 0.92857541875
3 0.963678571875 0.550094971875 0.9392142859374999 0.550094971875 0.9392142859374999 0.5769944140625001 0.963678571875 0.5769944140625001 0.963678571875 0.550094971875
1 0.7272053578125 0.703156425 0.45218749999999996 0.703156425 0.45218749999999996 0.9897988828125 0.7272053578125 0.9897988828125 0.7272053578125 0.703156425
1 0.9347678578125 0.2987039109375 0.8539642859375001 0.2987039109375 0.8539642859375001 0.5723575421875 0.9347678578125 0.5723575421875 0.9347678578125 0.2987039109375
1 0.9888794640624999 0.66326815625 0.8042991078125 0.66326815625 0.8042991078125 0.8525083796875 0.9888794640624999 0.8525083796875 0.9888794640624999 0.66326815625
4 0.0437366078125 0.900748603125 0.000741071875 0.900748603125 0.000741071875 0.9879441343750001 0.0437366078125 0.9879441343750001 0.0437366078125 0.900748603125
1 0.45663392812500003 0.8014860328125 0.354334821875 0.8014860328125 0.354334821875 0.8766256984374999 0.45663392812500003 0.8766256984374999 0.45663392812500003 0.8014860328125
1 0.7998526781249999 0.308905028125 0.6671607140625 0.308905028125 0.6671607140625 0.703156425 0.7998526781249999 0.703156425 0.7998526781249999 0.308905028125