8 0.1438080359375 0.23933519531249997 0.10896874999999999 0.23933519531249997 0.10896874999999999 0.29777653593750003 0.1438080359375 0.29777653593750003 0.1438080359375 0.23933519531249997
8 0.5693125 0.21892737499999998 0.5396607140625 0.21892737499999998 0.5396607140625 0.25696089375 0.5693125 0.25696089375 0.5693125 0.21892737499999998
3 0.2023705359375 0.12430726249999999 0.1460357140625 0.12430726249999999 0.1460357140625 0.20222905 0.2023705359375 0.20222905 0.2023705359375 0.12430726249999999
3 0.181616071875 0.0064916203125 0.14084375 0.0064916203125 0.14084375 0.0714301671875 0.181616071875 0.0714301671875 0.181616071875 0.0064916203125
3 0.176428571875 0.8460167593750001 0.1393616078125 0.8460167593750001 0.1393616078125 0.9063128484374999 0.176428571875 0.9063128484374999 0.176428571875 0.8460167593750001
5 0.684209821875 0.014843575000000001 0.2557455359375 0.014843575000000001 0.2557455359375 0.20315642500000003 0.684209821875 0.20315642500000003 0.684209821875 0.014843575000000001
5 0.1438080359375 0.0102067046875 0.0022232140625000002 0.0102067046875 0.0022232140625000002 0.6883128484375 0.1438080359375 0.6883128484375 0.1438080359375 0.0102067046875
4 0.9955535718749999 0.619670390625 0.945883928125 0.619670390625 0.945883928125 0.705938546875 0.9955535718749999 0.705938546875 0.9955535718749999 0.619670390625
4 0.9436607140625 0.74211731875 0.8821339281249999 0.74211731875 0.8821339281249999 0.8191117312499999 0.9436607140625 0.8191117312499999 0.9436607140625 0.74211731875
3 0.48554464218750004 0.0213351953125 0.2416607140625 0.0213351953125 0.2416607140625 0.2328379890625 0.48554464218750004 0.2328379890625 0.48554464218750004 0.0213351953125
3 0.24758928593750001 0.1725419 0.19940625 0.1725419 0.19940625 0.21985474843750002 0.24758928593750001 0.21985474843750002 0.24758928593750001 0.1725419
3 0.6723482140625 0.016698323437500003 0.6241651781249999 0.016698323437500003 0.6241651781249999 0.0454525140625 0.6723482140625 0.0454525140625 0.6723482140625 0.016698323437500003
8 0.2913258921875 0.10760893906249999 0.2794642859375 0.10760893906249999 0.2794642859375 0.1187374296875 0.2913258921875 0.1187374296875 0.2913258921875 0.10760893906249999
8 0.3061517859375 0.128016759375 0.28465625 0.128016759375 0.28465625 0.141 0.3061517859375 0.141 0.3061517859375 0.128016759375
8 0.3387678578125 0.1651229046875 0.32171875 0.1651229046875 0.32171875 0.20222905 0.3387678578125 0.20222905 0.3387678578125 0.1651229046875
8 0.6004464281249999 0.12616201093749999 0.5893258921875 0.12616201093749999 0.5893258921875 0.140072625 0.6004464281249999 0.140072625 0.6004464281249999 0.12616201093749999
8 0.6649375 0.019480446874999998 0.6538169640625 0.019480446874999998 0.6538169640625 0.0380335203125 0.6649375 0.0380335203125 0.6649375 0.019480446874999998
8 0.3143080359375 0.0621508375 0.30541071406250003 0.0621508375 0.30541071406250003 0.0769944140625 0.3143080359375 0.0769944140625 0.3143080359375 0.0621508375
7 0.8665669640625 0.6846033515625 0.14158482187500002 0.6846033515625 0.14158482187500002 0.9981508375000001 0.8665669640625 0.9981508375000001 0.8665669640625 0.6846033515625