4 0.2578125 0.02734375 0.16015625 0.02734375 0.16015625 0.8574241078125 0.2578125 0.8574241078125 0.2578125 0.02734375
8 0.05078125 0.46875 0.00390625 0.46875 0.00390625 0.5859375 0.05078125 0.5859375 0.05078125 0.46875
7 0.1894553578125 0.7109375 0.01171875 0.7109375 0.01171875 0.984375 0.1894553578125 0.984375 0.1894553578125 0.7109375
4 0.47461160781249995 0.84765625 0.1582053578125 0.84765625 0.1582053578125 0.9902366078125 0.47461160781249995 0.9902366078125 0.47461160781249995 0.84765625
5 0.5839866078125 0.1542991078125 0.2089866078125 0.1542991078125 0.2089866078125 0.68359375 0.5839866078125 0.68359375 0.5839866078125 0.1542991078125
2 0.2421875 0.0097678578125 0.00390625 0.0097678578125 0.00390625 0.8671875 0.2421875 0.8671875 0.2421875 0.0097678578125
4 0.47265625 0.4453125 0.44921875 0.4453125 0.44921875 0.46679910781249995 0.47265625 0.46679910781249995 0.47265625 0.4453125
4 0.6328125 0.3144553578125 0.6113303578125 0.3144553578125 0.6113303578125 0.3496116078125 0.6328125 0.3496116078125 0.6328125 0.3144553578125
4 0.71875 0.2363303578125 0.6328125 0.2363303578125 0.6328125 0.328125 0.71875 0.328125 0.71875 0.2363303578125
4 0.6640625 0.203125 0.63671875 0.203125 0.63671875 0.2285178578125 0.6640625 0.2285178578125 0.6640625 0.203125
4 0.6777366078125 0.37890625 0.66015625 0.37890625 0.66015625 0.41601785781249995 0.6777366078125 0.41601785781249995 0.6777366078125 0.37890625
4 0.51953125 0.65625 0.49023660781249995 0.65625 0.49023660781249995 0.6933616078125 0.51953125 0.6933616078125 0.51953125 0.65625
4 0.48242410781249995 0.6542991078125 0.4375 0.6542991078125 0.4375 0.6875 0.48242410781249995 0.6875 0.48242410781249995 0.6542991078125
4 0.47070535781249995 0.7011741078125 0.44726785781249995 0.7011741078125 0.44726785781249995 0.7285178578125 0.47070535781249995 0.7285178578125 0.47070535781249995 0.7011741078125
7 0.6660178578125 0.8378928578125 0.1894553578125 0.8378928578125 0.1894553578125 0.99609375 0.6660178578125 0.99609375 0.6660178578125 0.8378928578125