7 0.738540178125 0.7361111109375 0.375 0.7361111109375 0.375 0.9962936515624999 0.738540178125 0.9962936515624999 0.738540178125 0.7361111109375
5 0.177602678125 0 0.177602678125 0.4583333328125 0.4546875 0.4583333328125 0.4546875 0 0.177602678125 0
5 0.300522321875 0.4620396828125 0.175 0.4620396828125 0.175 0.9888888890624999 0.300522321875 0.9888888890624999 0.300522321875 0.4620396828125
5 0.7838526781249999 0.000928571875 0.506772321875 0.000928571875 0.506772321875 0.175928571875 0.7838526781249999 0.175928571875 0.7838526781249999 0.000928571875
5 0.850522321875 0.1814841265625 0.706772321875 0.1814841265625 0.706772321875 0.49259523749999995 0.850522321875 0.49259523749999995 0.850522321875 0.1814841265625
8 0.19791517812499998 0.6333333328124999 0.1796875 0.6333333328124999 0.1796875 0.6611111109375 0.19791517812499998 0.6611111109375 0.19791517812499998 0.6333333328124999
8 0.272915178125 0.8629603171875001 0.248959821875 0.8629603171875001 0.248959821875 0.9083333328125001 0.272915178125 0.9083333328125001 0.272915178125 0.8629603171875001
8 0.289584821875 0.87684920625 0.272915178125 0.87684920625 0.272915178125 0.9083333328125001 0.289584821875 0.9083333328125001 0.289584821875 0.87684920625
8 0.273959821875 0.5685158734375 0.253647321875 0.5685158734375 0.253647321875 0.597222221875 0.273959821875 0.597222221875 0.273959821875 0.5685158734375
8 0.2875 0.4620396828125 0.266665178125 0.4620396828125 0.266665178125 0.49444444374999996 0.2875 0.49444444374999996 0.2875 0.4620396828125
8 0.26875 0.3638888890625 0.239584821875 0.3638888890625 0.239584821875 0.3962936515625 0.26875 0.3962936515625 0.26875 0.3638888890625
8 0.22083482187499998 0.3842619046875 0.2 0.3842619046875 0.2 0.41759523749999994 0.22083482187499998 0.41759523749999994 0.22083482187499998 0.3842619046875
8 0.319790178125 0.3787063484375 0.298959821875 0.3787063484375 0.298959821875 0.40833333281249995 0.319790178125 0.40833333281249995 0.319790178125 0.3787063484375
8 0.7395848218750001 0.5388888890625 0.720834821875 0.5388888890625 0.720834821875 0.5916666671875 0.7395848218750001 0.5916666671875 0.7395848218750001 0.5388888890625
8 0.556772321875 0.3324047625 0.538540178125 0.3324047625 0.538540178125 0.3611111109375 0.556772321875 0.3611111109375 0.556772321875 0.3324047625
8 0.540625 0.36944444375 0.521875 0.36944444375 0.521875 0.40370634843750003 0.540625 0.40370634843750003 0.540625 0.36944444375