7 0.0696830359375 0.24118994374999997 0.00815625 0.24118994374999997 0.00815625 0.674402234375 0.0696830359375 0.674402234375 0.0696830359375 0.24118994374999997
8 0.6997767859375 0.07792178749999999 0.578946428125 0.07792178749999999 0.578946428125 0.13358100625 0.6997767859375 0.13358100625 0.6997767859375 0.07792178749999999
8 0.4692366078125 0.338592178125 0.4366205359375 0.338592178125 0.4366205359375 0.370134078125 0.4692366078125 0.370134078125 0.4692366078125 0.338592178125
3 0.4136383921875 0.7161452515625 0.35878571406250004 0.7161452515625 0.35878571406250004 0.8376648046874999 0.4136383921875 0.8376648046874999 0.4136383921875 0.7161452515625
8 0.2787232140625 0.20872067031250002 0.2157142859375 0.20872067031250002 0.2157142859375 0.27365363125000003 0.2787232140625 0.27365363125000003 0.2787232140625 0.20872067031250002
3 0.0807991078125 0.3135474859375 0.0296517859375 0.3135474859375 0.0296517859375 0.46103910625 0.0807991078125 0.46103910625 0.0807991078125 0.3135474859375
2 0.18458035781249998 0.1781061453125 0.005187499999999999 0.1781061453125 0.005187499999999999 0.77273184375 0.18458035781249998 0.77273184375 0.18458035781249998 0.1781061453125
5 0.9229062499999999 0.00834636875 0.632321428125 0.00834636875 0.632321428125 0.0918379890625 0.9229062499999999 0.0918379890625 0.9229062499999999 0.00834636875
5 0.677540178125 0.7504692734375 0.5997053578125 0.7504692734375 0.5997053578125 0.8478715078124999 0.677540178125 0.8478715078124999 0.677540178125 0.7504692734375
3 0.498147321875 0.33024022343750004 0.4810982140625 0.33024022343750004 0.4810982140625 0.35250837968750004 0.498147321875 0.35250837968750004 0.498147321875 0.33024022343750004
3 0.12305357187499999 0.31168715156250004 0.0837678578125 0.31168715156250004 0.0837678578125 0.46753631249999994 0.12305357187499999 0.46753631249999994 0.12305357187499999 0.31168715156250004
3 0.1452946421875 0.34137430156250004 0.126758928125 0.34137430156250004 0.126758928125 0.3756983234375 0.1452946421875 0.3756983234375 0.1452946421875 0.34137430156250004
3 0.1793928578125 0.34508379843750003 0.1564107140625 0.34508379843750003 0.1564107140625 0.379407821875 0.1793928578125 0.379407821875 0.1793928578125 0.34508379843750003
3 0.19940625 0.27458100625 0.181616071875 0.27458100625 0.181616071875 0.3014860328125 0.19940625 0.3014860328125 0.19940625 0.27458100625
3 0.2053392859375 0.35158100625 0.1890267859375 0.35158100625 0.1890267859375 0.38311731875 0.2053392859375 0.38311731875 0.2053392859375 0.35158100625
3 0.1957008921875 0.41836871562500005 0.1697544640625 0.41836871562500005 0.1697544640625 0.44805586562500005 0.1957008921875 0.44805586562500005 0.1957008921875 0.41836871562500005
3 0.2246116078125 0.4313575421875 0.1979241078125 0.4313575421875 0.1979241078125 0.52226815625 0.2246116078125 0.52226815625 0.2246116078125 0.4313575421875
3 0.2542633921875 0.362709496875 0.218678571875 0.362709496875 0.218678571875 0.4359944140625 0.2542633921875 0.4359944140625 0.2542633921875 0.362709496875
3 0.381022321875 0.3766256984375 0.3143080359375 0.3766256984375 0.3143080359375 0.47681005625 0.381022321875 0.47681005625 0.381022321875 0.3766256984375
3 0.32468303593750003 0.4508379890625 0.2735357140625 0.4508379890625 0.2735357140625 0.5491675984375 0.32468303593750003 0.5491675984375 0.32468303593750003 0.4508379890625
3 0.37879910781250004 0.5398882687500001 0.1223125 0.5398882687500001 0.1223125 0.9489832406250001 0.37879910781250004 0.9489832406250001 0.37879910781250004 0.5398882687500001
3 0.19199553593750002 0.4842346375 0.16679017812500002 0.4842346375 0.16679017812500002 0.534324021875 0.19199553593750002 0.534324021875 0.19199553593750002 0.4842346375
8 0.283915178125 0.33766480468750004 0.2742767859375 0.33766480468750004 0.2742767859375 0.355290503125 0.283915178125 0.355290503125 0.283915178125 0.33766480468750004
8 0.3061517859375 0.481446928125 0.2965178578125 0.481446928125 0.2965178578125 0.49721787656250005 0.3061517859375 0.49721787656250005 0.3061517859375 0.481446928125
8 0.14158482187500002 0.3506480453125 0.134915178125 0.3506480453125 0.134915178125 0.363636871875 0.14158482187500002 0.363636871875 0.14158482187500002 0.3506480453125
8 0.1326919640625 0.3497206703125 0.1275 0.3497206703125 0.1275 0.363636871875 0.1326919640625 0.363636871875 0.1326919640625 0.3497206703125
8 0.1756875 0.35250837968750004 0.1593794640625 0.35250837968750004 0.1593794640625 0.3692011171875 0.1756875 0.3692011171875 0.1756875 0.35250837968750004
8 0.24017857187499997 0.3729162015625 0.2327633921875 0.3729162015625 0.2327633921875 0.3886871515625 0.24017857187499997 0.3886871515625 0.24017857187499997 0.3729162015625
8 0.335803571875 0.8673519546874999 0.32468303593750003 0.8673519546874999 0.32468303593750003 0.88219553125 0.335803571875 0.88219553125 0.335803571875 0.8673519546874999
8 0.24017857187499997 0.6224525140625 0.2238705359375 0.6224525140625 0.2238705359375 0.636368715625 0.24017857187499997 0.636368715625 0.24017857187499997 0.6224525140625
8 0.275758928125 0.67811173125 0.2683482140625 0.67811173125 0.2683482140625 0.6957374296875 0.275758928125 0.6957374296875 0.275758928125 0.67811173125
8 0.290584821875 0.6799664796875 0.2816919640625 0.6799664796875 0.2816919640625 0.6957374296875 0.290584821875 0.6957374296875 0.290584821875 0.6799664796875
8 0.3068928578125 0.6948100562499999 0.3017053578125 0.6948100562499999 0.3017053578125 0.706865921875 0.3068928578125 0.706865921875 0.3068928578125 0.6948100562499999
8 0.2379553578125 0.732843575 0.22831696406250002 0.732843575 0.22831696406250002 0.7495419 0.2379553578125 0.7495419 0.2379553578125 0.732843575
8 0.2246116078125 0.7866424578125 0.21423214218750003 0.7866424578125 0.21423214218750003 0.8005586593749999 0.2246116078125 0.8005586593749999 0.2246116078125 0.7866424578125
8 0.2075625 0.78850279375 0.1964419640625 0.78850279375 0.1964419640625 0.8014860328125 0.2075625 0.8014860328125 0.2075625 0.78850279375
8 0.221647321875 0.8617821234375 0.21052678593750002 0.8617821234375 0.21052678593750002 0.8803351953125 0.221647321875 0.8803351953125 0.221647321875 0.8617821234375
8 0.2461071421875 0.8061284921875 0.23647321406250002 0.8061284921875 0.23647321406250002 0.8172569828125 0.2461071421875 0.8172569828125 0.2461071421875 0.8061284921875
8 0.2297991078125 0.6948100562499999 0.2238705359375 0.6948100562499999 0.2238705359375 0.7087206703125 0.2297991078125 0.7087206703125 0.2297991078125 0.6948100562499999
8 0.1697544640625 0.67811173125 0.1593794640625 0.67811173125 0.1593794640625 0.6975921781250001 0.1697544640625 0.6975921781250001 0.1697544640625 0.67811173125
8 0.14974107187500002 0.64842458125 0.13862053593749998 0.64842458125 0.13862053593749998 0.66326815625 0.14974107187500002 0.66326815625 0.14974107187500002 0.64842458125
8 0.14677678593750002 0.6270893859375 0.1326919640625 0.6270893859375 0.1326919640625 0.6428603359375 0.14677678593750002 0.6428603359375 0.14677678593750002 0.6270893859375
8 0.1378794640625 0.6614134078125 0.1275 0.6614134078125 0.1275 0.6799664796875 0.1378794640625 0.6799664796875 0.1378794640625 0.6614134078125
8 0.1912544640625 0.61688826875 0.17271875 0.61688826875 0.17271875 0.6410055859375 0.1912544640625 0.6410055859375 0.1912544640625 0.61688826875
8 0.2090446421875 0.58627374375 0.1979241078125 0.58627374375 0.1979241078125 0.603899440625 0.2090446421875 0.603899440625 0.2090446421875 0.58627374375
8 0.1022991078125 0.32931284843749997 0.08450892812500001 0.32931284843749997 0.08450892812500001 0.4619664796875 0.1022991078125 0.4619664796875 0.1022991078125 0.32931284843749997
8 0.044477678124999996 0.35158100625 0.0333571421875 0.35158100625 0.0333571421875 0.36827374375 0.044477678124999996 0.36827374375 0.044477678124999996 0.35158100625
8 0.7857678578125 0.11781005625 0.76871875 0.11781005625 0.76871875 0.1391452515625 0.7857678578125 0.1391452515625 0.7857678578125 0.11781005625
8 0.796147321875 0.1391452515625 0.7724241078125 0.1391452515625 0.7724241078125 0.1706871515625 0.796147321875 0.1706871515625 0.796147321875 0.1391452515625
8 0.6056339281249999 0.824675978125 0.5952544640624999 0.824675978125 0.5952544640624999 0.8450893859375 0.6056339281249999 0.8450893859375 0.6056339281249999 0.824675978125
8 0.5900669640625 0.730061453125 0.5782053578124999 0.730061453125 0.5782053578124999 0.7476815640625001 0.5900669640625 0.7476815640625001 0.5900669640625 0.730061453125
8 0.61453125 0.7207821234375 0.5937723218750001 0.7207821234375 0.5937723218750001 0.736553071875 0.61453125 0.736553071875 0.61453125 0.7207821234375
8 0.31653125000000004 0.5120614531250001 0.3098571421875 0.5120614531250001 0.3098571421875 0.52226815625 0.31653125000000004 0.52226815625 0.31653125000000004 0.5120614531250001