3 0.5255758921875 0.307977653125 0.4870267859375 0.307977653125 0.4870267859375 0.3645642453125 0.5255758921875 0.3645642453125 0.5255758921875 0.307977653125
3 0.5226071421875 0.3905419 0.4722008921875 0.3905419 0.4722008921875 0.43784916249999994 0.5226071421875 0.43784916249999994 0.5226071421875 0.3905419
8 0.6486294640625 0.5807094968750001 0.5759821421875 0.5807094968750001 0.5759821421875 0.6762569828125 0.6486294640625 0.6762569828125 0.6486294640625 0.5807094968750001
8 0.6026696421875 0.6614134078125 0.5626383921875 0.6614134078125 0.5626383921875 0.7040837984375 0.6026696421875 0.7040837984375 0.6026696421875 0.6614134078125
8 0.5315044640625 0.6762569828125 0.4944419640625 0.6762569828125 0.4944419640625 0.718927375 0.5315044640625 0.718927375 0.5315044640625 0.6762569828125
8 0.5040758921874999 0.738407821875 0.476647321875 0.738407821875 0.476647321875 0.777368715625 0.5040758921874999 0.777368715625 0.5040758921874999 0.738407821875
8 0.535209821875 0.7207821234375 0.5077857140625001 0.7207821234375 0.5077857140625001 0.753251396875 0.535209821875 0.753251396875 0.535209821875 0.7207821234375
8 0.5255758921875 0.77273184375 0.49666517812500005 0.77273184375 0.49666517812500005 0.8237486031250001 0.5255758921875 0.8237486031250001 0.5255758921875 0.77273184375
8 0.6419553578125 0.74211731875 0.6034107140625 0.74211731875 0.6034107140625 0.7829329609375 0.6419553578125 0.7829329609375 0.6419553578125 0.74211731875
8 0.606375 0.769022346875 0.5819107140625001 0.769022346875 0.5819107140625001 0.8172569828125 0.606375 0.8172569828125 0.606375 0.769022346875
8 0.6805044640625 0.8534357546875 0.6404732140625 0.8534357546875 0.6404732140625 0.900748603125 0.6805044640625 0.900748603125 0.6805044640625 0.8534357546875
8 0.6419553578125 0.8942513968749999 0.5967366078125 0.8942513968749999 0.5967366078125 0.94434636875 0.6419553578125 0.94434636875 0.6419553578125 0.8942513968749999
8 0.5945133921875 0.9063128484374999 0.528540178125 0.9063128484374999 0.528540178125 0.94527374375 0.5945133921875 0.94527374375 0.5945133921875 0.9063128484374999
8 0.3135669640625 0.45176536250000005 0.28317410781249996 0.45176536250000005 0.28317410781249996 0.49165363125 0.3135669640625 0.49165363125 0.3135669640625 0.45176536250000005
8 0.3721294640625 0.4044525140625 0.32987500000000003 0.4044525140625 0.32987500000000003 0.46753631249999994 0.3721294640625 0.46753631249999994 0.3721294640625 0.4044525140625
8 0.47071874999999996 0.2755139671875 0.44106696406249996 0.2755139671875 0.44106696406249996 0.347865921875 0.47071874999999996 0.347865921875 0.47071874999999996 0.2755139671875
8 0.4091919640625 0.1539888265625 0.3602678578125 0.1539888265625 0.3602678578125 0.2328379890625 0.4091919640625 0.2328379890625 0.4091919640625 0.1539888265625
8 0.37361160781249997 0.0769944140625 0.30541071406250003 0.0769944140625 0.30541071406250003 0.13172625625 0.37361160781249997 0.13172625625 0.37361160781249997 0.0769944140625
8 0.3884375 0.00834636875 0.354334821875 0.00834636875 0.354334821875 0.0677206703125 0.3884375 0.0677206703125 0.3884375 0.00834636875
3 0.29948214218749997 0.6938826812500001 0.272053571875 0.6938826812500001 0.272053571875 0.7309888265625 0.29948214218749997 0.7309888265625 0.29948214218749997 0.6938826812500001
3 0.384727678125 0.6762569828125 0.3602678578125 0.6762569828125 0.3602678578125 0.71057541875 0.384727678125 0.71057541875 0.384727678125 0.6762569828125
8 0.46775446406250004 0.49814525156249995 0.43810267812500003 0.49814525156249995 0.43810267812500003 0.5667932953125 0.46775446406250004 0.5667932953125 0.46775446406250004 0.49814525156249995
8 0.5077857140625001 0.49443575468749995 0.483321428125 0.49443575468749995 0.483321428125 0.5361787703124999 0.5077857140625001 0.5361787703124999 0.5077857140625001 0.49443575468749995
8 0.5448482140625 0.481446928125 0.528540178125 0.481446928125 0.528540178125 0.520407821875 0.5448482140625 0.520407821875 0.5448482140625 0.481446928125
8 0.5626383921875 0.5102067046875 0.5077857140625001 0.5102067046875 0.5077857140625001 0.5807094968750001 0.5626383921875 0.5807094968750001 0.5626383921875 0.5102067046875
8 0.6434375 0.4554748609375 0.6034107140625 0.4554748609375 0.6034107140625 0.5278324015625 0.6434375 0.5278324015625 0.6434375 0.4554748609375
8 0.5952544640624999 0.37477095 0.565602678125 0.37477095 0.565602678125 0.4053798875 0.5952544640624999 0.4053798875 0.5952544640624999 0.37477095
8 0.5915491078125 0.4267206703125 0.55596875 0.4267206703125 0.55596875 0.479592178125 0.5915491078125 0.479592178125 0.5915491078125 0.4267206703125
3 0.5752410718750001 0.277368715625 0.543366071875 0.277368715625 0.543366071875 0.35250837968750004 0.5752410718750001 0.35250837968750004 0.5752410718750001 0.277368715625
3 0.670866071875 0.20686592187500003 0.6419553578125 0.20686592187500003 0.6419553578125 0.2495363125 0.670866071875 0.2495363125 0.670866071875 0.20686592187500003
3 0.6738303578125 0.25788826875000004 0.6160133921875001 0.25788826875000004 0.6160133921875001 0.3256033515625 0.6738303578125 0.3256033515625 0.6738303578125 0.25788826875000004
3 0.714602678125 0.32838547500000004 0.6871741078125 0.32838547500000004 0.6871741078125 0.3729162015625 0.714602678125 0.3729162015625 0.714602678125 0.32838547500000004
8 0.8020758921875 0.2792234640625 0.759821428125 0.2792234640625 0.759821428125 0.33024022343750004 0.8020758921875 0.33024022343750004 0.8020758921875 0.2792234640625
8 0.8762053578125 0.378480446875 0.7954017859375 0.378480446875 0.7954017859375 0.41744134062500005 0.8762053578125 0.41744134062500005 0.8762053578125 0.378480446875
3 0.8791696421875 0.7040837984375 0.8502589281249999 0.7040837984375 0.8502589281249999 0.744899440625 0.8791696421875 0.744899440625 0.8791696421875 0.7040837984375
3 0.2816919640625 0.8209664796875 0.24758928593750001 0.8209664796875 0.24758928593750001 0.8580726249999999 0.2816919640625 0.8580726249999999 0.2816919640625 0.8209664796875
3 0.5848794640625 0.0027821234375 0.492959821875 0.0027821234375 0.492959821875 0.0528770953125 0.5848794640625 0.0528770953125 0.5848794640625 0.0027821234375
3 0.7724241078125 0.0027821234375 0.7034821421874999 0.0027821234375 0.7034821421874999 0.035251396875 0.7724241078125 0.035251396875 0.7724241078125 0.0027821234375
5 0.5500357140625 0.6215251390625001 0.530022321875 0.6215251390625001 0.530022321875 0.64842458125 0.5500357140625 0.64842458125 0.5500357140625 0.6215251390625001
3 0.8332098218749999 0.9211564250000001 0.8169017859375 0.9211564250000001 0.8169017859375 0.940636871875 0.8332098218749999 0.940636871875 0.8332098218749999 0.9211564250000001
3 0.15566964218749998 0.5139162015625 0.1430669640625 0.5139162015625 0.1430669640625 0.5398882687500001 0.15566964218749998 0.5398882687500001 0.15566964218749998 0.5139162015625
3 0.1334330359375 0.5287597765625 0.0904375 0.5287597765625 0.0904375 0.5760670390625 0.1334330359375 0.5760670390625 0.1334330359375 0.5287597765625
3 0.149 0.2949944140625 0.128241071875 0.2949944140625 0.128241071875 0.32003910625 0.149 0.32003910625 0.149 0.2949944140625
3 0.181616071875 0.16048044687500002 0.16679017812500002 0.16048044687500002 0.16679017812500002 0.18089385468750002 0.181616071875 0.18089385468750002 0.181616071875 0.16048044687500002
3 0.272053571875 0.574212290625 0.245366071875 0.574212290625 0.245366071875 0.5955474859375001 0.272053571875 0.5955474859375001 0.272053571875 0.574212290625
3 0.275758928125 0.6020446921875 0.2616741078125 0.6020446921875 0.2616741078125 0.6233798875 0.275758928125 0.6233798875 0.275758928125 0.6020446921875
3 0.29948214218749997 0.5964748609375 0.2861383921875 0.5964748609375 0.2861383921875 0.6159553078125 0.29948214218749997 0.6159553078125 0.29948214218749997 0.5964748609375
3 0.18680357187500002 0.6725418999999999 0.1712366078125 0.6725418999999999 0.1712366078125 0.6929553078125 0.18680357187500002 0.6929553078125 0.18680357187500002 0.6725418999999999
3 0.1578928578125 0.6901675984375 0.13862053593749998 0.6901675984375 0.13862053593749998 0.7152178765625 0.1578928578125 0.7152178765625 0.1578928578125 0.6901675984375