4 0.343959821875 0.32653072656250004 0.265383928125 0.32653072656250004 0.265383928125 0.40723463750000005 0.343959821875 0.40723463750000005 0.343959821875 0.32653072656250004
5 0.7405491078125 0.0027821234375 0.1779107140625 0.0027821234375 0.1779107140625 0.5306145250000001 0.7405491078125 0.5306145250000001 0.7405491078125 0.0027821234375
7 0.7123794640625001 0.3849720671875 0.6679017859374999 0.3849720671875 0.6679017859374999 0.5018547484375 0.7123794640625001 0.5018547484375 0.7123794640625001 0.3849720671875
7 0.677540178125 0.47866480468750006 0.6286116078124999 0.47866480468750006 0.6286116078124999 0.5213351953124999 0.677540178125 0.5213351953124999 0.677540178125 0.47866480468750006
7 0.7605625 0.5287597765625 0.6486294640625 0.5287597765625 0.6486294640625 0.736553071875 0.7605625 0.736553071875 0.7605625 0.5287597765625
7 0.8124553578124999 0.60018994375 0.7412901781250001 0.60018994375 0.7412901781250001 0.6827486031250001 0.8124553578124999 0.6827486031250001 0.8124553578124999 0.60018994375
3 0.7568571421875 0.70222905 0.7323928578125 0.70222905 0.7323928578125 0.732843575 0.7568571421875 0.732843575 0.7568571421875 0.70222905
3 0.709415178125 0.8024134078125 0.6849508921874999 0.8024134078125 0.6849508921874999 0.8450893859375 0.709415178125 0.8450893859375 0.709415178125 0.8024134078125
8 0.5959955359375 0.89888826875 0.5507767859375 0.89888826875 0.5507767859375 0.94527374375 0.5959955359375 0.94527374375 0.5959955359375 0.89888826875
8 0.5715357140624999 0.0955474859375 0.5589330359375 0.0955474859375 0.5589330359375 0.11781005625 0.5715357140624999 0.11781005625 0.5715357140624999 0.0955474859375
8 0.61453125 0.10296647968749999 0.5774642859375 0.10296647968749999 0.5774642859375 0.15677095000000002 0.61453125 0.15677095000000002 0.61453125 0.10296647968749999
8 0.4944419640625 0.004636871875 0.47368303593750005 0.004636871875 0.47368303593750005 0.0287597765625 0.4944419640625 0.0287597765625 0.4944419640625 0.004636871875
8 0.6508526781249999 0.01577095 0.5774642859375 0.01577095 0.5774642859375 0.10946368749999999 0.6508526781249999 0.10946368749999999 0.6508526781249999 0.01577095
8 0.5137142859375 0.07050279375 0.476647321875 0.07050279375 0.476647321875 0.10946368749999999 0.5137142859375 0.10946368749999999 0.5137142859375 0.07050279375
8 0.55596875 0.00927374375 0.5196428578125001 0.00927374375 0.5196428578125001 0.0371061453125 0.55596875 0.0371061453125 0.55596875 0.00927374375
8 0.45737500000000003 0.27829608906250003 0.4306875 0.27829608906250003 0.4306875 0.3107597765625 0.45737500000000003 0.3107597765625 0.45737500000000003 0.27829608906250003
3 0.402522321875 0.27179888281250003 0.339508928125 0.27179888281250003 0.339508928125 0.389614525 0.402522321875 0.389614525 0.402522321875 0.27179888281250003
2 0.3387678578125 0.4591843578125 0.181616071875 0.4591843578125 0.181616071875 0.8024134078125 0.3387678578125 0.8024134078125 0.3387678578125 0.4591843578125
1 0.4040044640625 0.0129888265625 0.1690133921875 0.0129888265625 0.1690133921875 0.3534357546875 0.4040044640625 0.3534357546875 0.4040044640625 0.0129888265625
1 0.432915178125 0.39888826875 0.3239419640625 0.39888826875 0.3239419640625 0.5139162015625 0.432915178125 0.5139162015625 0.432915178125 0.39888826875
3 0.5856205359375 0.9063128484374999 0.555227678125 0.9063128484374999 0.555227678125 0.9359944140625001 0.5856205359375 0.9359944140625001 0.5856205359375 0.9063128484374999
8 0.9295758921875 0.7050111734375 0.9154910718749999 0.7050111734375 0.9154910718749999 0.718927375 0.9295758921875 0.718927375 0.9295758921875 0.7050111734375
8 0.4937008921875 0.3144748609375 0.464790178125 0.3144748609375 0.464790178125 0.359 0.4937008921875 0.359 0.4937008921875 0.3144748609375
8 0.533727678125 0.20130167656250003 0.5137142859375 0.20130167656250003 0.5137142859375 0.2402625703125 0.533727678125 0.2402625703125 0.533727678125 0.20130167656250003
8 0.565602678125 0.22356424531250002 0.5448482140625 0.22356424531250002 0.5448482140625 0.2495363125 0.565602678125 0.2495363125 0.565602678125 0.22356424531250002
8 0.4877678578125 0.21892737499999998 0.44625446406249997 0.21892737499999998 0.44625446406249997 0.26067039062499997 0.4877678578125 0.26067039062499997 0.4877678578125 0.21892737499999998
1 0.302446428125 0.4619664796875 0.2297991078125 0.4619664796875 0.2297991078125 0.5964748609375 0.302446428125 0.5964748609375 0.302446428125 0.4619664796875
1 0.2246116078125 0.5083519546875 0.1860625 0.5083519546875 0.1860625 0.6298715078125 0.2246116078125 0.6298715078125 0.2246116078125 0.5083519546875
1 0.2935491078125 0.6688324015625 0.1979241078125 0.6688324015625 0.1979241078125 0.8051955312500001 0.2935491078125 0.8051955312500001 0.2935491078125 0.6688324015625
8 0.44996428593750004 0.6400782125 0.43884375000000003 0.6400782125 0.43884375000000003 0.6512067046875 0.44996428593750004 0.6512067046875 0.44996428593750004 0.6400782125
8 0.702 0.8135474859375 0.690883928125 0.8135474859375 0.690883928125 0.83581005625 0.702 0.83581005625 0.702 0.8135474859375
8 0.7257232140625 0.72727374375 0.7123794640625001 0.72727374375 0.7123794640625001 0.7439720671875001 0.7257232140625 0.7439720671875001 0.7257232140625 0.72727374375
8 0.7531517859375 0.71057541875 0.7398080359375 0.71057541875 0.7398080359375 0.72727374375 0.7531517859375 0.72727374375 0.7531517859375 0.71057541875
8 0.7976294640625 0.6957374296875 0.7865089281250001 0.6957374296875 0.7865089281250001 0.7087206703125 0.7976294640625 0.7087206703125 0.7976294640625 0.6957374296875
3 0.4818392859375 0.22263687187499998 0.44996428593750004 0.22263687187499998 0.44996428593750004 0.26067039062499997 0.4818392859375 0.26067039062499997 0.4818392859375 0.22263687187499998
3 0.48925 0.316329609375 0.46553125 0.316329609375 0.46553125 0.34879329531250003 0.48925 0.34879329531250003 0.48925 0.316329609375
3 0.458116071875 0.2792234640625 0.43365625 0.2792234640625 0.43365625 0.3181843578125 0.458116071875 0.3181843578125 0.458116071875 0.2792234640625
3 0.53446875 0.20130167656250003 0.5137142859375 0.20130167656250003 0.5137142859375 0.2365474859375 0.53446875 0.2365474859375 0.53446875 0.20130167656250003
3 0.5663437499999999 0.22541899375000002 0.5463303578125001 0.22541899375000002 0.5463303578125001 0.246754190625 0.5663437499999999 0.246754190625 0.5663437499999999 0.22541899375000002
3 0.6634553578125 0.01577095 0.5826517859375 0.01577095 0.5826517859375 0.0955474859375 0.6634553578125 0.0955474859375 0.6634553578125 0.01577095
4 0.19199553593750002 0.18089385468750002 0.117866071875 0.18089385468750002 0.117866071875 0.2801508375 0.19199553593750002 0.2801508375 0.19199553593750002 0.18089385468750002
4 0.1927366078125 0.3840446921875 0.11119196406250001 0.3840446921875 0.11119196406250001 0.499072625 0.1927366078125 0.499072625 0.1927366078125 0.3840446921875