3 0.8808616078125 0.76953125 0.8378928578125 0.76953125 0.8378928578125 0.8378928578125 0.8808616078125 0.8378928578125 0.8808616078125 0.76953125
3 0.7597678578125 0.3046875 0.6796875 0.3046875 0.6796875 0.3964866078125 0.7597678578125 0.3964866078125 0.7597678578125 0.3046875
3 0.80859375 0.24609375 0.7363303578125 0.24609375 0.7363303578125 0.3457053578125 0.80859375 0.3457053578125 0.80859375 0.24609375
3 0.9355491078125 0.23046875 0.8066428578125 0.23046875 0.8066428578125 0.41601785781249995 0.9355491078125 0.41601785781249995 0.9355491078125 0.23046875
3 0.9980491078125 0.3984375 0.9277366078125 0.3984375 0.9277366078125 0.49804910781249995 0.9980491078125 0.49804910781249995 0.9980491078125 0.3984375
3 0.93359375 0.1308616078125 0.8847678578125 0.1308616078125 0.8847678578125 0.19921875 0.93359375 0.19921875 0.93359375 0.1308616078125
3 0.6621116078125 0.10546875 0.61328125 0.10546875 0.61328125 0.171875 0.6621116078125 0.171875 0.6621116078125 0.10546875
3 0.3339866078125 0.7988303578125 0.2988303578125 0.7988303578125 0.2988303578125 0.8417991078125 0.3339866078125 0.8417991078125 0.3339866078125 0.7988303578125
3 0.1113303578125 0.765625 0.0722678578125 0.765625 0.0722678578125 0.8144553578125 0.1113303578125 0.8144553578125 0.1113303578125 0.765625
3 0.5957053578125 0.7832053578125 0.54296875 0.7832053578125 0.54296875 0.8300803578125 0.5957053578125 0.8300803578125 0.5957053578125 0.7832053578125
3 0.640625 0.734375 0.5878928578125 0.734375 0.5878928578125 0.7753928578125 0.640625 0.7753928578125 0.640625 0.734375
3 0.6308616078125 0.8417991078125 0.5761741078125 0.8417991078125 0.5761741078125 0.9082053578125 0.6308616078125 0.9082053578125 0.6308616078125 0.8417991078125
4 0.9980491078125 0.14453125 0.93359375 0.14453125 0.93359375 0.26953125 0.9980491078125 0.26953125 0.9980491078125 0.14453125
3 0.90234375 0.87109375 0.8613303578125 0.87109375 0.8613303578125 0.9160178578125 0.90234375 0.9160178578125 0.90234375 0.87109375
3 0.7421875 0.6191428578125 0.69921875 0.6191428578125 0.69921875 0.6660178578125 0.7421875 0.6660178578125 0.7421875 0.6191428578125
3 0.09765625 0.5859375 0.0546875 0.5859375 0.0546875 0.6425803578125 0.09765625 0.6425803578125 0.09765625 0.5859375
3 0.046875 0.59375 0.0058616078125 0.59375 0.0058616078125 0.6542991078125 0.046875 0.6542991078125 0.046875 0.59375
3 0.59765625 0.484375 0.5332053578125 0.484375 0.5332053578125 0.5332053578125 0.59765625 0.5332053578125 0.59765625 0.484375
3 0.6816428578125 0.5410178578125 0.6425803578125 0.5410178578125 0.6425803578125 0.5839866078125 0.6816428578125 0.5839866078125 0.6816428578125 0.5410178578125
3 0.9941428578125 0.6425803578125 0.94921875 0.6425803578125 0.94921875 0.69140625 0.9941428578125 0.69140625 0.9941428578125 0.6425803578125
3 0.1777366078125 0.1582053578125 0.14453125 0.1582053578125 0.14453125 0.19921875 0.1777366078125 0.19921875 0.1777366078125 0.1582053578125
3 0.859375 0.7246116078125 0.8144553578125 0.7246116078125 0.8144553578125 0.7636741078125 0.859375 0.7636741078125 0.859375 0.7246116078125
3 0.7675803578125 0.75 0.73828125 0.75 0.73828125 0.7832053578125 0.7675803578125 0.7832053578125 0.7675803578125 0.75
3 0.76953125 0.6660178578125 0.7441428578125 0.6660178578125 0.7441428578125 0.6933616078125 0.76953125 0.6933616078125 0.76953125 0.6660178578125
3 0.72265625 0.9433616078125 0.66796875 0.9433616078125 0.66796875 0.9824241078125 0.72265625 0.9824241078125 0.72265625 0.9433616078125
3 0.40625 0.8183616078125 0.3828125 0.8183616078125 0.3828125 0.8496116078125 0.40625 0.8496116078125 0.40625 0.8183616078125
3 0.42578125 0.8847678578125 0.3964866078125 0.8847678578125 0.3964866078125 0.9121116078125 0.42578125 0.9121116078125 0.42578125 0.8847678578125
3 0.375 0.9433616078125 0.34375 0.9433616078125 0.34375 0.97265625 0.375 0.97265625 0.375 0.9433616078125
3 0.1777366078125 0.5703125 0.1347678578125 0.5703125 0.1347678578125 0.60546875 0.1777366078125 0.60546875 0.1777366078125 0.5703125