3 0.18977232187499998 0.19573184375 0.126758928125 0.19573184375 0.126758928125 0.3135474859375 0.18977232187499998 0.3135474859375 0.18977232187499998 0.19573184375
3 0.2616741078125 0.300558659375 0.1927366078125 0.300558659375 0.1927366078125 0.3571452515625 0.2616741078125 0.3571452515625 0.2616741078125 0.300558659375
3 0.3558169640625 0.38218994375 0.2809508921875 0.38218994375 0.2809508921875 0.48237430156250005 0.3558169640625 0.48237430156250005 0.3558169640625 0.38218994375
7 0.07561160781250001 0.2801508375 0.0044464281250000005 0.2801508375 0.0044464281250000005 0.53896089375 0.07561160781250001 0.53896089375 0.07561160781250001 0.2801508375
7 0.3498883921875 0.58627374375 0.013343749999999998 0.58627374375 0.013343749999999998 0.995363128125 0.3498883921875 0.995363128125 0.3498883921875 0.58627374375
8 0.0474419640625 0.6298715078125 0.0148258921875 0.6298715078125 0.0148258921875 0.6948100562499999 0.0474419640625 0.6948100562499999 0.0474419640625 0.6298715078125
8 0.072647321875 0.699446928125 0.0333571421875 0.699446928125 0.0333571421875 0.7671620109374999 0.072647321875 0.7671620109374999 0.072647321875 0.699446928125
8 0.10378125 0.7931396640624999 0.059303571875 0.7931396640624999 0.059303571875 0.8580726249999999 0.10378125 0.8580726249999999 0.10378125 0.7931396640624999
8 0.0837678578125 0.8562178765624999 0.0489241078125 0.8562178765624999 0.0489241078125 0.9146592171875 0.0837678578125 0.9146592171875 0.0837678578125 0.8562178765624999
8 0.136397321875 0.020407821875000003 0.11564285781250001 0.020407821875000003 0.11564285781250001 0.0528770953125 0.136397321875 0.0528770953125 0.136397321875 0.020407821875000003
8 0.180875 0.000927375 0.15566964218749998 0.000927375 0.15566964218749998 0.02411731875 0.180875 0.02411731875 0.180875 0.000927375
8 0.2483303578125 0.004636871875 0.19940625 0.004636871875 0.19940625 0.10018435781249999 0.2483303578125 0.10018435781249999 0.2483303578125 0.004636871875
8 0.3098571421875 0 0.3098571421875 0.03988826875 0.33728571406249996 0.03988826875 0.33728571406249996 0 0.3098571421875 0
8 0.2935491078125 0.10018435781249999 0.2824330359375 0.10018435781249999 0.2824330359375 0.140072625 0.2935491078125 0.140072625 0.2935491078125 0.10018435781249999
8 0.55596875 0.3311675984375 0.5366919640625001 0.3311675984375 0.5366919640625001 0.3692011171875 0.55596875 0.3692011171875 0.55596875 0.3311675984375
8 0.580428571875 0.3914692734375 0.5596741078125 0.3914692734375 0.5596741078125 0.4462011171875 0.580428571875 0.4462011171875 0.580428571875 0.3914692734375
8 0.6753169640625 0.363636871875 0.6345446421875 0.363636871875 0.6345446421875 0.41280446875 0.6753169640625 0.41280446875 0.6753169640625 0.363636871875
8 0.702741071875 0.5844189937500001 0.677540178125 0.5844189937500001 0.677540178125 0.6243072625 0.702741071875 0.6243072625 0.702741071875 0.5844189937500001
8 0.9317991078125001 0.5 0.9058571421874999 0.5 0.9058571421874999 0.535251396875 0.9317991078125001 0.535251396875 0.9317991078125001 0.5
8 0.606375 0.0027821234375 0.523352678125 0.0027821234375 0.523352678125 0.140072625 0.606375 0.140072625 0.606375 0.0027821234375
3 0.49073214218750005 0.2291284921875 0.45292857187499996 0.2291284921875 0.45292857187499996 0.27458100625 0.49073214218750005 0.27458100625 0.49073214218750005 0.2291284921875
5 0.9933303578125001 0.535251396875 0.8139375 0.535251396875 0.8139375 0.9944357546875 0.9933303578125001 0.9944357546875 0.9933303578125001 0.535251396875
3 0.180875 0.044525139062500003 0.1223125 0.044525139062500003 0.1223125 0.191094971875 0.180875 0.191094971875 0.180875 0.044525139062500003
8 0.12305357187499999 0.0844134078125 0.1119330359375 0.0844134078125 0.1119330359375 0.10111173124999999 0.12305357187499999 0.10111173124999999 0.12305357187499999 0.0844134078125
8 0.140102678125 0.27644134062500003 0.12008928593749998 0.27644134062500003 0.12008928593749998 0.3033407828125 0.140102678125 0.3033407828125 0.140102678125 0.27644134062500003
8 0.16679017812500002 0.24118994374999997 0.1475178578125 0.24118994374999997 0.1475178578125 0.26994413437500003 0.16679017812500002 0.26994413437500003 0.16679017812500002 0.24118994374999997
8 0.266866071875 0.3951787703125 0.2468482140625 0.3951787703125 0.2468482140625 0.42578770937500005 0.266866071875 0.42578770937500005 0.266866071875 0.3951787703125
8 0.302446428125 0.389614525 0.2802053578125 0.389614525 0.2802053578125 0.4508379890625 0.302446428125 0.4508379890625 0.302446428125 0.389614525
8 0.32468303593750003 0.4109497203125 0.3068928578125 0.4109497203125 0.3068928578125 0.44526815624999994 0.32468303593750003 0.44526815624999994 0.32468303593750003 0.4109497203125
8 0.329133928125 0.4471284921875 0.3187544640625 0.4471284921875 0.3187544640625 0.4656815640625 0.329133928125 0.4656815640625 0.329133928125 0.4471284921875
8 0.3469241078125 0.43784916249999994 0.3335803578125 0.43784916249999994 0.3335803578125 0.4666089390625 0.3469241078125 0.4666089390625 0.3469241078125 0.43784916249999994
8 0.7842857140625 0.4499106140625 0.7694598218750001 0.4499106140625 0.7694598218750001 0.4684636875 0.7842857140625 0.4684636875 0.7842857140625 0.4499106140625
8 0.5685714281250001 0.043597765625 0.5515178578125 0.043597765625 0.5515178578125 0.0658603359375 0.5685714281250001 0.0658603359375 0.5685714281250001 0.043597765625
8 0.567084821875 0 0.567084821875 0.019480446874999998 0.58784375 0.019480446874999998 0.58784375 0 0.567084821875 0
8 0.5396607140625 0.0055642453125 0.5277991078125 0.0055642453125 0.5277991078125 0.0176256984375 0.5396607140625 0.0176256984375 0.5396607140625 0.0055642453125
8 0.5782053578124999 0.089983240625 0.5492946421875 0.089983240625 0.5492946421875 0.128016759375 0.5782053578124999 0.128016759375 0.5782053578124999 0.089983240625
8 0.30022321406249997 0.0027821234375 0.270571428125 0.0027821234375 0.270571428125 0.0287597765625 0.30022321406249997 0.0287597765625 0.30022321406249997 0.0027821234375
8 0.317272321875 0.1623407828125 0.297258928125 0.1623407828125 0.297258928125 0.1790335203125 0.317272321875 0.1790335203125 0.317272321875 0.1623407828125
8 0.34914732187499997 0.11224580937499999 0.3283928578125 0.11224580937499999 0.3283928578125 0.14564245781250001 0.34914732187499997 0.14564245781250001 0.34914732187499997 0.11224580937499999
8 0.1475178578125 0.48237430156250005 0.1275 0.48237430156250005 0.1275 0.5046424578125001 0.1475178578125 0.5046424578125001 0.1475178578125 0.48237430156250005
8 0.08228125 0.238407821875 0.06671428593749999 0.238407821875 0.06671428593749999 0.26159776562500003 0.08228125 0.26159776562500003 0.08228125 0.238407821875
8 0.1438080359375 0.09091061406249999 0.1326919640625 0.09091061406249999 0.1326919640625 0.1066815640625 0.1438080359375 0.1066815640625 0.1438080359375 0.09091061406249999
3 0.28836160781250003 0.3367374296875 0.244625 0.3367374296875 0.244625 0.3803351953125 0.28836160781250003 0.3803351953125 0.28836160781250003 0.3367374296875
3 0.552258928125 0.2810782125 0.5329866078125 0.2810782125 0.5329866078125 0.30983240156249997 0.552258928125 0.30983240156249997 0.552258928125 0.2810782125
3 0.6115625 0.004636871875 0.5441071421875 0.004636871875 0.5441071421875 0.137290503125 0.6115625 0.137290503125 0.6115625 0.004636871875
3 0.4840625 0.5593743015625 0.4633080359375 0.5593743015625 0.4633080359375 0.5825642453125 0.4840625 0.5825642453125 0.4840625 0.5593743015625
3 0.4544107140625 0.0018547484375 0.432915178125 0.0018547484375 0.432915178125 0.0213351953125 0.4544107140625 0.0213351953125 0.4544107140625 0.0018547484375
3 0.9755357140625 0.2838603359375 0.955522321875 0.2838603359375 0.955522321875 0.308905028125 0.9755357140625 0.308905028125 0.9755357140625 0.2838603359375
3 0.1378794640625 0.1855307265625 0.1119330359375 0.1855307265625 0.1119330359375 0.21521229062499997 0.1378794640625 0.21521229062499997 0.1378794640625 0.1855307265625
3 0.11416071406249999 0.19573184375 0.08450892812500001 0.19573184375 0.08450892812500001 0.22634636874999997 0.11416071406249999 0.22634636874999997 0.11416071406249999 0.19573184375
3 0.11267410781250001 0.14564245781250001 0.0889553578125 0.14564245781250001 0.0889553578125 0.17996089375 0.11267410781250001 0.17996089375 0.11267410781250001 0.14564245781250001
3 0.8117142859375001 0.859927375 0.7835446421875 0.859927375 0.7835446421875 0.900748603125 0.8117142859375001 0.900748603125 0.8117142859375001 0.859927375