8 0.3671875 0.51171875 0.1933616078125 0.51171875 0.1933616078125 0.7285178578125 0.3671875 0.7285178578125 0.3671875 0.51171875
8 0.15625 0.52734375 0.046875 0.52734375 0.046875 0.71484375 0.15625 0.71484375 0.15625 0.52734375
8 0.41211160781249995 0.01171875 0.2480491078125 0.01171875 0.2480491078125 0.20703125 0.41211160781249995 0.20703125 0.41211160781249995 0.01171875
8 0.1230491078125 0.1152366078125 0.0410178578125 0.1152366078125 0.0410178578125 0.328125 0.1230491078125 0.328125 0.1230491078125 0.1152366078125
8 0.2363303578125 0.2421875 0.1386741078125 0.2421875 0.1386741078125 0.40820535781249995 0.2363303578125 0.40820535781249995 0.2363303578125 0.2421875
8 0.61328125 0 0.61328125 0.2890625 0.87890625 0.2890625 0.87890625 0 0.61328125 0
8 0.9042991078125 0.6171875 0.8046875 0.6171875 0.8046875 0.82421875 0.9042991078125 0.82421875 0.9042991078125 0.6171875
8 0.9453125 0.8144553578125 0.85546875 0.8144553578125 0.85546875 0.9375 0.9453125 0.9375 0.9453125 0.8144553578125
8 0.9941428578125 0.2324241078125 0.9140625 0.2324241078125 0.9140625 0.609375 0.9941428578125 0.609375 0.9941428578125 0.2324241078125
8 0.5449241078125 0.2285178578125 0.47070535781249995 0.2285178578125 0.47070535781249995 0.3027366078125 0.5449241078125 0.3027366078125 0.5449241078125 0.2285178578125
8 0.60546875 0.0234375 0.4375 0.0234375 0.4375 0.2207053578125 0.60546875 0.2207053578125 0.60546875 0.0234375
8 0.3378928578125 0.859375 0.0957053578125 0.859375 0.0957053578125 0.9863303578125 0.3378928578125 0.9863303578125 0.3378928578125 0.859375
3 0.45703125 0.73828125 0.3613303578125 0.73828125 0.3613303578125 0.8183616078125 0.45703125 0.8183616078125 0.45703125 0.73828125
3 0.4140625 0.8847678578125 0.3457053578125 0.8847678578125 0.3457053578125 0.94140625 0.4140625 0.94140625 0.4140625 0.8847678578125
3 0.7011741078125 0.78515625 0.625 0.78515625 0.625 0.8691428578125 0.7011741078125 0.8691428578125 0.7011741078125 0.78515625
8 0.8066428578125 0.3144553578125 0.72265625 0.3144553578125 0.72265625 0.6308616078125 0.8066428578125 0.6308616078125 0.8066428578125 0.3144553578125
3 0.47070535781249995 0.4375 0.375 0.4375 0.375 0.5703125 0.47070535781249995 0.5703125 0.47070535781249995 0.4375
3 0.73828125 0.60546875 0.6347678578125 0.60546875 0.6347678578125 0.7207053578125 0.73828125 0.7207053578125 0.73828125 0.60546875
3 0.6464866078125 0.2265625 0.5605491078125 0.2265625 0.5605491078125 0.296875 0.6464866078125 0.296875 0.6464866078125 0.2265625
8 0.3769553578125 0.2753928578125 0.33203125 0.2753928578125 0.33203125 0.3222678578125 0.3769553578125 0.3222678578125 0.3769553578125 0.2753928578125
8 0.37890625 0.3496116078125 0.2753928578125 0.3496116078125 0.2753928578125 0.421875 0.37890625 0.421875 0.37890625 0.3496116078125
8 0.5371116078125 0.3066428578125 0.46484375 0.3066428578125 0.46484375 0.41211160781249995 0.5371116078125 0.41211160781249995 0.5371116078125 0.3066428578125
8 0.73046875 0.296875 0.6542991078125 0.296875 0.6542991078125 0.40039285781249995 0.73046875 0.40039285781249995 0.73046875 0.296875
3 0.57421875 0.40039285781249995 0.5292991078125 0.40039285781249995 0.5292991078125 0.453125 0.57421875 0.453125 0.57421875 0.40039285781249995
3 0.68359375 0.3730491078125 0.5859375 0.3730491078125 0.5859375 0.4609375 0.68359375 0.4609375 0.68359375 0.3730491078125
3 0.4375 0.6152366078125 0.3847678578125 0.6152366078125 0.3847678578125 0.6972678578125 0.4375 0.6972678578125 0.4375 0.6152366078125
3 0.4921875 0.6347678578125 0.44140625 0.6347678578125 0.44140625 0.73046875 0.4921875 0.73046875 0.4921875 0.6347678578125
8 0.875 0.94921875 0.78515625 0.94921875 0.78515625 0.9921875 0.875 0.9921875 0.875 0.94921875
8 0.671875 0.9589866078125 0.6308616078125 0.9589866078125 0.6308616078125 0.9902366078125 0.671875 0.9902366078125 0.671875 0.9589866078125
3 0.10546875 0.74609375 0.0058616078125 0.74609375 0.0058616078125 0.8359375 0.10546875 0.8359375 0.10546875 0.74609375
8 0.9902366078125 0.0097678578125 0.8515625 0.0097678578125 0.8515625 0.1972678578125 0.9902366078125 0.1972678578125 0.9902366078125 0.0097678578125
3 0.3417991078125 0.7207053578125 0.234375 0.7207053578125 0.234375 0.765625 0.3417991078125 0.765625 0.3417991078125 0.7207053578125
3 0.3417991078125 0.78515625 0.2753928578125 0.78515625 0.2753928578125 0.8144553578125 0.3417991078125 0.8144553578125 0.3417991078125 0.78515625
3 0.2050803578125 0.7832053578125 0.1640625 0.7832053578125 0.1640625 0.83203125 0.2050803578125 0.83203125 0.2050803578125 0.7832053578125
3 0.92578125 0.49023660781249995 0.9003928578125 0.49023660781249995 0.9003928578125 0.53125 0.92578125 0.53125 0.92578125 0.49023660781249995
8 0.9902366078125 0.0019553578125 0.10546875 0.0019553578125 0.10546875 0.3183616078125 0.9902366078125 0.3183616078125 0.9902366078125 0.0019553578125
3 0.90625 0.0839866078125 0.8378928578125 0.0839866078125 0.8378928578125 0.15625 0.90625 0.15625 0.90625 0.0839866078125
8 0.0644553578125 0.1269553578125 0.0234375 0.1269553578125 0.0234375 0.3886741078125 0.0644553578125 0.3886741078125 0.0644553578125 0.1269553578125
8 0 0.72265625 0.06640625 0.72265625 0.06640625 0.61328125 0 0.61328125 0 0.72265625
8 0.3691428578125 0.9433616078125 0.26953125 0.9433616078125 0.26953125 0.9921875 0.3691428578125 0.9921875 0.3691428578125 0.9433616078125
8 0.7246116078125 0.9296875 0.6933616078125 0.9296875 0.6933616078125 0.9550803578125 0.7246116078125 0.9550803578125 0.7246116078125 0.9296875
8 0.78125 0.8515625 0.75390625 0.8515625 0.75390625 0.87890625 0.78125 0.87890625 0.78125 0.8515625
8 0.9941428578125 0.5703125 0.90234375 0.5703125 0.90234375 0.90625 0.9941428578125 0.90625 0.9941428578125 0.5703125
8 0.7480491078125 0.41015625 0.7109375 0.41015625 0.7109375 0.44726785781249995 0.7480491078125 0.44726785781249995 0.7480491078125 0.41015625
8 0.46484375 0.5 0.3847678578125 0.5 0.3847678578125 0.5703125 0.46484375 0.5703125 0.46484375 0.5
8 0.2265625 0.6464866078125 0.1308616078125 0.6464866078125 0.1308616078125 0.7402366078125 0.2265625 0.7402366078125 0.2265625 0.6464866078125