3 0.2734375 0.7578125 0.1796875 0.7578125 0.1796875 0.8691428578125 0.2734375 0.8691428578125 0.2734375 0.7578125
3 0.3808616078125 0.0859375 0.34765625 0.0859375 0.34765625 0.1582053578125 0.3808616078125 0.1582053578125 0.3808616078125 0.0859375
3 0.3183616078125 0.0957053578125 0.28125 0.0957053578125 0.28125 0.13671875 0.3183616078125 0.13671875 0.3183616078125 0.0957053578125
5 0.9667991078125 0.0917991078125 0.51953125 0.0917991078125 0.51953125 0.69921875 0.9667991078125 0.69921875 0.9667991078125 0.0917991078125
3 0.2363303578125 0.0839866078125 0.1933616078125 0.0839866078125 0.1933616078125 0.1347678578125 0.2363303578125 0.1347678578125 0.2363303578125 0.0839866078125
3 0.1738303578125 0.14453125 0.1464866078125 0.14453125 0.1464866078125 0.1894553578125 0.1738303578125 0.1894553578125 0.1738303578125 0.14453125
3 0.20703125 0.46484375 0.1796875 0.46484375 0.1796875 0.5058616078125 0.20703125 0.5058616078125 0.20703125 0.46484375
3 0.1894553578125 0.578125 0.171875 0.578125 0.171875 0.60546875 0.1894553578125 0.60546875 0.1894553578125 0.578125
3 0.69140625 0.6328125 0.65625 0.6328125 0.65625 0.69140625 0.69140625 0.69140625 0.69140625 0.6328125
8 0.21484375 0.7949241078125 0.203125 0.7949241078125 0.203125 0.81640625 0.21484375 0.81640625 0.21484375 0.7949241078125
8 0.2265625 0.8183616078125 0.203125 0.8183616078125 0.203125 0.84765625 0.2265625 0.84765625 0.2265625 0.8183616078125
8 0.25390625 0.8378928578125 0.23828125 0.8378928578125 0.23828125 0.8515625 0.25390625 0.8515625 0.25390625 0.8378928578125