8 0.8515625 0.484375 0.8105491078125 0.484375 0.8105491078125 0.5234375 0.8515625 0.5234375 0.8515625 0.484375
8 0.5644553578125 0.5722678578125 0.5234375 0.5722678578125 0.5234375 0.62109375 0.5644553578125 0.62109375 0.5644553578125 0.5722678578125
8 0.40039285781249995 0.0058616078125 0.3535178578125 0.0058616078125 0.3535178578125 0.03515625 0.40039285781249995 0.03515625 0.40039285781249995 0.0058616078125
8 0.5410178578125 0.37109375 0.5 0.37109375 0.5 0.421875 0.5410178578125 0.421875 0.5410178578125 0.37109375
8 0.2988303578125 0.07421875 0.26953125 0.07421875 0.26953125 0.1191428578125 0.2988303578125 0.1191428578125 0.2988303578125 0.07421875
7 0.40234375 0.82421875 0.0722678578125 0.82421875 0.0722678578125 0.9921875 0.40234375 0.9921875 0.40234375 0.82421875
8 0.7089866078125 0.6308616078125 0.5957053578125 0.6308616078125 0.5957053578125 0.7207053578125 0.7089866078125 0.7207053578125 0.7089866078125 0.6308616078125
8 0.8183616078125 0.53515625 0.7050803578125 0.53515625 0.7050803578125 0.5996116078125 0.8183616078125 0.5996116078125 0.8183616078125 0.53515625
8 0.8046875 0.5957053578125 0.734375 0.5957053578125 0.734375 0.66015625 0.8046875 0.66015625 0.8046875 0.5957053578125
8 0.6953125 0.79296875 0.5996116078125 0.79296875 0.5996116078125 0.828125 0.6953125 0.828125 0.6953125 0.79296875
8 0.63671875 0.8691428578125 0.5546875 0.8691428578125 0.5546875 0.93359375 0.63671875 0.93359375 0.63671875 0.8691428578125
8 0.0722678578125 0.8339866078125 0.0078125 0.8339866078125 0.0078125 0.9238303578125 0.0722678578125 0.9238303578125 0.0722678578125 0.8339866078125