8 0.29503124999999997 0.11781005625 0.2690892859375 0.11781005625 0.2690892859375 0.159553071875 0.29503124999999997 0.159553071875 0.29503124999999997 0.11781005625
8 0.32171875 0.0714301671875 0.29948214218749997 0.0714301671875 0.29948214218749997 0.10296647968749999 0.32171875 0.10296647968749999 0.32171875 0.0714301671875
8 0.354334821875 0.059368715625 0.3313571421875 0.059368715625 0.3313571421875 0.105754190625 0.354334821875 0.105754190625 0.354334821875 0.059368715625
8 0.3899196421875 0.205938546875 0.3699017859375 0.205938546875 0.3699017859375 0.2365474859375 0.3899196421875 0.2365474859375 0.3899196421875 0.205938546875
8 0.4810982140625 0.2003743015625 0.44699999999999995 0.2003743015625 0.44699999999999995 0.22449162031249997 0.4810982140625 0.22449162031249997 0.4810982140625 0.2003743015625
8 0.4862857140625 0.17346927343750002 0.4633080359375 0.17346927343750002 0.4633080359375 0.19758659218750002 0.4862857140625 0.19758659218750002 0.4862857140625 0.17346927343750002
8 0.7138616078125 0.33488268125 0.6419553578125 0.33488268125 0.6419553578125 0.4035251390625 0.7138616078125 0.4035251390625 0.7138616078125 0.33488268125
8 0.7976294640625 0.31911173125 0.7820625 0.31911173125 0.7820625 0.34137430156250004 0.7976294640625 0.34137430156250004 0.7976294640625 0.31911173125
8 0.34914732187499997 0.26252513906249997 0.3328392859375 0.26252513906249997 0.3328392859375 0.3061229046875 0.34914732187499997 0.3061229046875 0.34914732187499997 0.26252513906249997
8 0.11267410781250001 0.19758659218750002 0.095625 0.19758659218750002 0.095625 0.21985474843750002 0.11267410781250001 0.21985474843750002 0.11267410781250001 0.19758659218750002
7 0.1608616078125 0.41373184375000005 0.0022232140625000002 0.41373184375000005 0.0022232140625000002 0.9990782125000001 0.1608616078125 0.9990782125000001 0.1608616078125 0.41373184375000005
7 0.5003705359375 0.5241229046875 0.1608616078125 0.5241229046875 0.1608616078125 0.9972234640625001 0.5003705359375 0.9972234640625001 0.5003705359375 0.5241229046875
5 0.9970357140624999 0.000927375 0.000741071875 0.000927375 0.000741071875 0.27829608906250003 0.9970357140624999 0.27829608906250003 0.9970357140624999 0.000927375
5 0.9985178578125 0.28293296093750003 0.3654553578125 0.28293296093750003 0.3654553578125 0.46753631249999994 0.9985178578125 0.46753631249999994 0.9985178578125 0.28293296093750003
5 0.9940714281249999 0.4693910609375 0.5922901781250001 0.4693910609375 0.5922901781250001 0.9935083796875 0.9940714281249999 0.9935083796875 0.9940714281249999 0.4693910609375
3 0.2379553578125 0.4118770953125 0.1979241078125 0.4118770953125 0.1979241078125 0.4499106140625 0.2379553578125 0.4499106140625 0.2379553578125 0.4118770953125
3 0.3328392859375 0.175324021875 0.312084821875 0.175324021875 0.312084821875 0.22820111718749997 0.3328392859375 0.22820111718749997 0.3328392859375 0.175324021875
3 0.357303571875 0.3209664796875 0.32171875 0.3209664796875 0.32171875 0.34693854687500003 0.357303571875 0.34693854687500003 0.357303571875 0.3209664796875
3 0.3817633921875 0.744899440625 0.3506294640625 0.744899440625 0.3506294640625 0.7801508375 0.3817633921875 0.7801508375 0.3817633921875 0.744899440625