8 0.3535178578125 0.5234375 0.23828125 0.5234375 0.23828125 0.734375 0.3535178578125 0.734375 0.3535178578125 0.5234375
8 0.3046875 0.69921875 0.17578125 0.69921875 0.17578125 0.8125 0.3046875 0.8125 0.3046875 0.69921875
8 0.1171875 0.6074241078125 0.0234375 0.6074241078125 0.0234375 0.7832053578125 0.1171875 0.7832053578125 0.1171875 0.6074241078125
8 0.171875 0.3339866078125 0.015625 0.3339866078125 0.015625 0.49609375 0.171875 0.49609375 0.171875 0.3339866078125
4 0.80078125 0.2558616078125 0.6777366078125 0.2558616078125 0.6777366078125 0.5 0.80078125 0.5 0.80078125 0.2558616078125
4 0.5839866078125 0.5410178578125 0.44140625 0.5410178578125 0.44140625 0.73046875 0.5839866078125 0.73046875 0.5839866078125 0.5410178578125
4 0.46875 0.3925803578125 0.3515625 0.3925803578125 0.3515625 0.5136741078125 0.46875 0.5136741078125 0.46875 0.3925803578125
8 0.35546875 0.47461160781249995 0.2910178578125 0.47461160781249995 0.2910178578125 0.54296875 0.35546875 0.54296875 0.35546875 0.47461160781249995
8 0.24609375 0.5917991078125 0.21484375 0.5917991078125 0.21484375 0.6191428578125 0.24609375 0.6191428578125 0.24609375 0.5917991078125
8 0.23046875 0.78515625 0.12890625 0.78515625 0.12890625 0.8652366078125 0.23046875 0.8652366078125 0.23046875 0.78515625
8 0.0234375 0.84375 0.0019553578125 0.84375 0.0019553578125 0.875 0.0234375 0.875 0.0234375 0.84375
8 0.07421875 0.8261741078125 0.03515625 0.8261741078125 0.03515625 0.8496116078125 0.07421875 0.8496116078125 0.07421875 0.8261741078125
8 0.10546875 0.8828125 0.0761741078125 0.8828125 0.0761741078125 0.9042991078125 0.10546875 0.9042991078125 0.10546875 0.8828125
8 0.171875 0.66796875 0.13671875 0.66796875 0.13671875 0.70703125 0.171875 0.70703125 0.171875 0.66796875
8 0.4296875 0.7109375 0.40039285781249995 0.7109375 0.40039285781249995 0.7421875 0.4296875 0.7421875 0.4296875 0.7109375
8 0.4296875 0.5546875 0.39453125 0.5546875 0.39453125 0.58984375 0.4296875 0.58984375 0.4296875 0.5546875
8 0.2753928578125 0.2734375 0.17578125 0.2734375 0.17578125 0.41796875 0.2753928578125 0.41796875 0.2753928578125 0.2734375
8 0 0.33984375 0.03125 0.33984375 0.03125 0.296875 0 0.296875 0 0.33984375
8 0.01953125 0.41015625 0.0019553578125 0.41015625 0.0019553578125 0.453125 0.01953125 0.453125 0.01953125 0.41015625
8 0.7597678578125 0.0058616078125 0.69921875 0.0058616078125 0.69921875 0.0722678578125 0.7597678578125 0.0722678578125 0.7597678578125 0.0058616078125
8 0.80859375 0.1542991078125 0.7832053578125 0.1542991078125 0.7832053578125 0.18359375 0.80859375 0.18359375 0.80859375 0.1542991078125
8 0.90625 0.2988303578125 0.8339866078125 0.2988303578125 0.8339866078125 0.3515625 0.90625 0.3515625 0.90625 0.2988303578125
4 0.1542991078125 0.3574241078125 0.0214866078125 0.3574241078125 0.0214866078125 0.49023660781249995 0.1542991078125 0.49023660781249995 0.1542991078125 0.3574241078125
4 0.3730491078125 0.1660178578125 0.3027366078125 0.1660178578125 0.3027366078125 0.2246116078125 0.3730491078125 0.2246116078125 0.3730491078125 0.1660178578125