4 0.5410178578125 0.41796875 0.38671875 0.41796875 0.38671875 0.7246116078125 0.5410178578125 0.7246116078125 0.5410178578125 0.41796875
4 0.6464866078125 0.3828125 0.5859375 0.3828125 0.5859375 0.4453125 0.6464866078125 0.4453125 0.6464866078125 0.3828125
4 0.5839866078125 0.171875 0.45117410781249995 0.171875 0.45117410781249995 0.2988303578125 0.5839866078125 0.2988303578125 0.5839866078125 0.171875
4 0.3066428578125 0.68359375 0.1699241078125 0.68359375 0.1699241078125 0.8730491078125 0.3066428578125 0.8730491078125 0.3066428578125 0.68359375
4 0.2675803578125 0.875 0.078125 0.875 0.078125 0.99609375 0.2675803578125 0.99609375 0.2675803578125 0.875
4 0.1191428578125 0.68359375 0.01953125 0.68359375 0.01953125 0.8222678578125 0.1191428578125 0.8222678578125 0.1191428578125 0.68359375
4 0.39453125 0.8886741078125 0.3359375 0.8886741078125 0.3359375 0.99609375 0.39453125 0.99609375 0.39453125 0.8886741078125
4 0.1894553578125 0.1640625 0.1425803578125 0.1640625 0.1425803578125 0.20703125 0.1894553578125 0.20703125 0.1894553578125 0.1640625
4 0.15234375 0.2207053578125 0.1113303578125 0.2207053578125 0.1113303578125 0.2578125 0.15234375 0.2578125 0.15234375 0.2207053578125
4 0.875 0.025392857812500003 0.8417991078125 0.025392857812500003 0.8417991078125 0.0683616078125 0.875 0.0683616078125 0.875 0.025392857812500003
4 0.6816428578125 0.44921875 0.015625 0.44921875 0.015625 0.9921875 0.6816428578125 0.9921875 0.6816428578125 0.44921875
4 0.640625 0.33203125 0.5722678578125 0.33203125 0.5722678578125 0.3574241078125 0.640625 0.3574241078125 0.640625 0.33203125
4 0.5449241078125 0.36328125 0.48242410781249995 0.36328125 0.48242410781249995 0.390625 0.5449241078125 0.390625 0.5449241078125 0.36328125
1 0.8222678578125 0.64453125 0.52734375 0.64453125 0.52734375 0.9609375 0.8222678578125 0.9609375 0.8222678578125 0.64453125