8 0.18532142812500002 0.8580726249999999 0.1690133921875 0.8580726249999999 0.1690133921875 0.8766256984374999 0.18532142812500002 0.8766256984374999 0.18532142812500002 0.8580726249999999
8 0.2750178578125 0.8441620109375 0.2594508921875 0.8441620109375 0.2594508921875 0.8664245812500001 0.2750178578125 0.8664245812500001 0.2750178578125 0.8441620109375
8 0.28317410781249996 0.8729162015625 0.265383928125 0.8729162015625 0.265383928125 0.8905419 0.28317410781249996 0.8905419 0.28317410781249996 0.8729162015625
8 0.3232008921875 0.900748603125 0.29948214218749997 0.900748603125 0.29948214218749997 0.9350670390625 0.3232008921875 0.9350670390625 0.3232008921875 0.900748603125
8 0.3409955359375 0.8729162015625 0.3135669640625 0.8729162015625 0.3135669640625 0.9044581 0.3409955359375 0.9044581 0.3409955359375 0.8729162015625
8 0.3143080359375 0.78850279375 0.29503124999999997 0.78850279375 0.29503124999999997 0.8116927374999999 0.3143080359375 0.8116927374999999 0.3143080359375 0.78850279375
8 0.34766517812500003 0.8163296093750001 0.3313571421875 0.8163296093750001 0.3313571421875 0.8339553078125 0.34766517812500003 0.8339553078125 0.34766517812500003 0.8163296093750001
8 0.32023660781249996 0.7634525140624999 0.303928571875 0.7634525140624999 0.303928571875 0.785715084375 0.32023660781249996 0.785715084375 0.32023660781249996 0.7634525140624999
8 0.302446428125 0.8302458093749999 0.28317410781249996 0.8302458093749999 0.28317410781249996 0.846944134375 0.302446428125 0.846944134375 0.302446428125 0.8302458093749999
8 0.5322455359375 0.0872011171875 0.5137142859375 0.0872011171875 0.5137142859375 0.10760893906249999 0.5322455359375 0.10760893906249999 0.5322455359375 0.0872011171875
8 0.547071428125 0.105754190625 0.5248348218750001 0.105754190625 0.5248348218750001 0.1354357546875 0.547071428125 0.1354357546875 0.547071428125 0.105754190625
8 0.945883928125 0.6372960890625 0.92809375 0.6372960890625 0.92809375 0.6614134078125 0.945883928125 0.6614134078125 0.945883928125 0.6372960890625
8 0.6278705359375001 0.5139162015625 0.601928571875 0.5139162015625 0.601928571875 0.5408212296875 0.6278705359375001 0.5408212296875 0.6278705359375001 0.5139162015625
8 0.6338035718749999 0.542675978125 0.6093392859375 0.542675978125 0.6093392859375 0.564938546875 0.6338035718749999 0.564938546875 0.6338035718749999 0.542675978125
8 0.6226830359375 0.564938546875 0.5922901781250001 0.564938546875 0.5922901781250001 0.5946201125 0.6226830359375 0.5946201125 0.6226830359375 0.564938546875
3 0.1979241078125 0.2903519546875 0.1704955359375 0.2903519546875 0.1704955359375 0.32653072656250004 0.1979241078125 0.32653072656250004 0.1979241078125 0.2903519546875
3 0.08525 0.14378770937500002 0.0340982140625 0.14378770937500002 0.0340982140625 0.21985474843750002 0.08525 0.21985474843750002 0.08525 0.14378770937500002
3 0.0340982140625 0.2365474859375 0.008897321875 0.2365474859375 0.008897321875 0.26252513906249997 0.0340982140625 0.26252513906249997 0.0340982140625 0.2365474859375
3 0.6501116078125 0.5102067046875 0.5908080359375 0.5102067046875 0.5908080359375 0.6345083796875 0.6501116078125 0.6345083796875 0.6501116078125 0.5102067046875
3 0.6241651781249999 0.604826815625 0.6048928578125 0.604826815625 0.6048928578125 0.6307988828125 0.6241651781249999 0.6307988828125 0.6241651781249999 0.604826815625
3 0.394366071875 0.761597765625 0.38028125 0.761597765625 0.38028125 0.7940670390625 0.394366071875 0.7940670390625 0.394366071875 0.761597765625
3 0.447741071875 0.6771843578125 0.431428571875 0.6771843578125 0.431428571875 0.699446928125 0.447741071875 0.699446928125 0.447741071875 0.6771843578125
3 0.4136383921875 0.6957374296875 0.3988125 0.6957374296875 0.3988125 0.717072625 0.4136383921875 0.717072625 0.4136383921875 0.6957374296875
8 0.8910312499999999 0.9109497203125001 0.7064508921875 0.9109497203125001 0.7064508921875 0.9990782125000001 0.8910312499999999 0.9990782125000001 0.8910312499999999 0.9109497203125001
8 0.940696428125 0.8237486031250001 0.8109732140625001 0.8237486031250001 0.8109732140625001 0.9211564250000001 0.940696428125 0.9211564250000001 0.940696428125 0.8237486031250001
8 0.98146875 0.8061284921875 0.955522321875 0.8061284921875 0.955522321875 0.8645698328125 0.98146875 0.8645698328125 0.98146875 0.8061284921875
5 0.434397321875 0.0064916203125 0.0022232140625000002 0.0064916203125 0.0022232140625000002 0.9990782125000001 0.434397321875 0.9990782125000001 0.434397321875 0.0064916203125
8 0.07190625 0.14749720625 0.0570803578125 0.14749720625 0.0570803578125 0.1706871515625 0.07190625 0.1706871515625 0.07190625 0.14749720625
8 0.083022321875 0.13265363125000001 0.07190625 0.13265363125000001 0.07190625 0.14564245781250001 0.083022321875 0.14564245781250001 0.083022321875 0.13265363125000001
8 0.063008928125 0.192022346875 0.0518883921875 0.192022346875 0.0518883921875 0.20501117343750003 0.063008928125 0.20501117343750003 0.063008928125 0.192022346875
8 0.2468482140625 0.15677095000000002 0.23647321406250002 0.15677095000000002 0.23647321406250002 0.1706871515625 0.2468482140625 0.1706871515625 0.2468482140625 0.15677095000000002
8 0.24758928593750001 0.1743966484375 0.2379553578125 0.1743966484375 0.2379553578125 0.18645810000000002 0.24758928593750001 0.18645810000000002 0.24758928593750001 0.1743966484375
3 0.2616741078125 0.22727374375 0.0022232140625000002 0.22727374375 0.0022232140625000002 0.4118770953125 0.2616741078125 0.4118770953125 0.2616741078125 0.22727374375
3 0.3832455359375 0.4118770953125 0.2164553578125 0.4118770953125 0.2164553578125 0.738407821875 0.3832455359375 0.738407821875 0.3832455359375 0.4118770953125
3 0.44477232187500004 0.7430446921875 0.31060267812500003 0.7430446921875 0.31060267812500003 0.9944357546875 0.44477232187500004 0.9944357546875 0.44477232187500004 0.7430446921875
8 0.49073214218750005 0.5333966484375 0.47887500000000005 0.5333966484375 0.47887500000000005 0.5491675984375 0.49073214218750005 0.5491675984375 0.49073214218750005 0.5333966484375
7 0.8621205359375 0.33951955312500004 0.6856919640625 0.33951955312500004 0.6856919640625 0.5936927375 0.8621205359375 0.5936927375 0.8621205359375 0.33951955312500004