8 0.8515625 0.4921875 0.7832053578125 0.4921875 0.7832053578125 0.5859375 0.8515625 0.5859375 0.8515625 0.4921875
8 0.04296875 0.30078125 0.00390625 0.30078125 0.00390625 0.3535178578125 0.04296875 0.3535178578125 0.04296875 0.30078125
8 0.5234375 0.8886741078125 0.49023660781249995 0.8886741078125 0.49023660781249995 0.9433616078125 0.5234375 0.9433616078125 0.5234375 0.8886741078125
8 0.28125 0.93359375 0.2265625 0.93359375 0.2265625 0.9941428578125 0.28125 0.9941428578125 0.28125 0.93359375
8 0.1503928578125 0.8769553578125 0.09765625 0.8769553578125 0.09765625 0.9433616078125 0.1503928578125 0.9433616078125 0.1503928578125 0.8769553578125
4 0.1015625 0.5332053578125 0.0449241078125 0.5332053578125 0.0449241078125 0.6191428578125 0.1015625 0.6191428578125 0.1015625 0.5332053578125
4 0.0878928578125 0.8378928578125 0.04296875 0.8378928578125 0.04296875 0.9082053578125 0.0878928578125 0.9082053578125 0.0878928578125 0.8378928578125
4 0.2128928578125 0.90234375 0.1621116078125 0.90234375 0.1621116078125 0.9550803578125 0.2128928578125 0.9550803578125 0.2128928578125 0.90234375
4 0.23046875 0.9589866078125 0.14453125 0.9589866078125 0.14453125 0.9921875 0.23046875 0.9921875 0.23046875 0.9589866078125
4 0.6328125 0.30078125 0.5546875 0.30078125 0.5546875 0.39453125 0.6328125 0.39453125 0.6328125 0.30078125
4 0.5 0.1875 0.45898660781249995 0.1875 0.45898660781249995 0.27734375 0.5 0.27734375 0.5 0.1875
4 0.1425803578125 0.2246116078125 0.0917991078125 0.2246116078125 0.0917991078125 0.29296875 0.1425803578125 0.29296875 0.1425803578125 0.2246116078125
4 0.029299107812500003 0.42773660781249995 0.0019553578125 0.42773660781249995 0.0019553578125 0.5800803578125 0.029299107812500003 0.5800803578125 0.029299107812500003 0.42773660781249995
4 0.43945535781249995 0.7871116078125 0.3769553578125 0.7871116078125 0.3769553578125 0.828125 0.43945535781249995 0.828125 0.43945535781249995 0.7871116078125
4 0.58203125 0.7988303578125 0.53515625 0.7988303578125 0.53515625 0.84375 0.58203125 0.84375 0.58203125 0.7988303578125
8 0.5703125 0.390625 0.51953125 0.390625 0.51953125 0.43359375 0.5703125 0.43359375 0.5703125 0.390625
8 0.54296875 0.4375 0.5019553578125 0.4375 0.5019553578125 0.48242410781249995 0.54296875 0.48242410781249995 0.54296875 0.4375
5 0.3730491078125 0.51953125 0.21484375 0.51953125 0.21484375 0.6660178578125 0.3730491078125 0.6660178578125 0.3730491078125 0.51953125
4 0.12890625 0.3457053578125 0.08203125 0.3457053578125 0.08203125 0.38671875 0.12890625 0.38671875 0.12890625 0.3457053578125
7 0.796875 0.421875 0.7128928578125 0.421875 0.7128928578125 0.4921875 0.796875 0.4921875 0.796875 0.421875
7 0.51953125 0.8925803578125 0.3457053578125 0.8925803578125 0.3457053578125 0.9863303578125 0.51953125 0.9863303578125 0.51953125 0.8925803578125
1 0.73828125 0.56640625 0.5703125 0.56640625 0.5703125 0.80859375 0.73828125 0.80859375 0.73828125 0.56640625
1 0.84765625 0.6308616078125 0.76953125 0.6308616078125 0.76953125 0.7167991078125 0.84765625 0.7167991078125 0.84765625 0.6308616078125
1 0.7792991078125 0.83203125 0.7050803578125 0.83203125 0.7050803578125 0.9277366078125 0.7792991078125 0.9277366078125 0.7792991078125 0.83203125
1 0.3691428578125 0.49804910781249995 0.0097678578125 0.49804910781249995 0.0097678578125 0.98828125 0.3691428578125 0.98828125 0.3691428578125 0.49804910781249995
1 0.62109375 0.234375 0.2109375 0.234375 0.2109375 0.5292991078125 0.62109375 0.5292991078125 0.62109375 0.234375
1 0.703125 0.7832053578125 0.47070535781249995 0.7832053578125 0.47070535781249995 0.99609375 0.703125 0.99609375 0.703125 0.7832053578125
8 0.8183616078125 0.8417991078125 0.7949241078125 0.8417991078125 0.7949241078125 0.87890625 0.8183616078125 0.87890625 0.8183616078125 0.8417991078125
8 0.8300803578125 0.82421875 0.81640625 0.82421875 0.81640625 0.8339866078125 0.8300803578125 0.8339866078125 0.8300803578125 0.82421875
8 0.84765625 0.83984375 0.8359375 0.83984375 0.8359375 0.8613303578125 0.84765625 0.8613303578125 0.84765625 0.83984375
8 0.7421875 0.8339866078125 0.73046875 0.8339866078125 0.73046875 0.8457053578125 0.7421875 0.8457053578125 0.7421875 0.8339866078125
8 0.7734375 0.8339866078125 0.7597678578125 0.8339866078125 0.7597678578125 0.8496116078125 0.7734375 0.8496116078125 0.7734375 0.8339866078125
8 0.2265625 0.9140625 0.1953125 0.9140625 0.1953125 0.9355491078125 0.2265625 0.9355491078125 0.2265625 0.9140625
8 0.1875 0.92578125 0.17578125 0.92578125 0.17578125 0.9375 0.1875 0.9375 0.1875 0.92578125
8 0.07421875 0.5605491078125 0.05859375 0.5605491078125 0.05859375 0.58203125 0.07421875 0.58203125 0.07421875 0.5605491078125
8 0.12890625 0.234375 0.10546875 0.234375 0.10546875 0.26953125 0.12890625 0.26953125 0.12890625 0.234375
1 0.5253928578125 0.6503928578125 0.4375 0.6503928578125 0.4375 0.765625 0.5253928578125 0.765625 0.5253928578125 0.6503928578125
8 0.3652366078125 0.984375 0.3417991078125 0.984375 0.3417991078125 0.99609375 0.3652366078125 0.99609375 0.3652366078125 0.984375