5 0.37879910781250004 0.00834636875 0.0103794640625 0.00834636875 0.0103794640625 0.5408212296875 0.37879910781250004 0.5408212296875 0.37879910781250004 0.00834636875
8 0.8465535718750001 0.6113184359375 0.819866071875 0.6113184359375 0.819866071875 0.6558491625 0.8465535718750001 0.6558491625 0.8465535718750001 0.6113184359375
8 0.86434375 0.6679050281250001 0.8161607140625 0.6679050281250001 0.8161607140625 0.736553071875 0.86434375 0.736553071875 0.86434375 0.6679050281250001
8 0.8665669640625 0.550094971875 0.845071428125 0.550094971875 0.845071428125 0.5769944140625001 0.8665669640625 0.5769944140625001 0.8665669640625 0.550094971875
8 0.9229062499999999 0.60111731875 0.8858392859374999 0.60111731875 0.8858392859374999 0.6512067046875 0.9229062499999999 0.6512067046875 0.9229062499999999 0.60111731875
3 0.9844330359375 0.6113184359375 0.9392142859374999 0.6113184359375 0.9392142859374999 0.6883128484375 0.9844330359375 0.6883128484375 0.9844330359375 0.6113184359375
8 0.0807991078125 0.784787709375 0.0555982140625 0.784787709375 0.0555982140625 0.807055865625 0.0807991078125 0.807055865625 0.0807991078125 0.784787709375
8 0.1119330359375 0.815402234375 0.0733883921875 0.815402234375 0.0733883921875 0.940636871875 0.1119330359375 0.940636871875 0.1119330359375 0.815402234375
8 0.149 0.9267206703124999 0.11638392812500001 0.9267206703124999 0.11638392812500001 0.9610446921875001 0.149 0.9610446921875001 0.149 0.9267206703124999
8 0.225352678125 0.21892737499999998 0.21052678593750002 0.21892737499999998 0.21052678593750002 0.2365474859375 0.225352678125 0.2365474859375 0.225352678125 0.21892737499999998
8 0.198665178125 0.0788491625 0.1838392859375 0.0788491625 0.1838392859375 0.097402234375 0.198665178125 0.097402234375 0.198665178125 0.0788491625
8 0.21793749999999998 0.10018435781249999 0.2075625 0.10018435781249999 0.2075625 0.11410055937500001 0.21793749999999998 0.11410055937500001 0.21793749999999998 0.10018435781249999
8 0.2424017859375 0.1706871515625 0.230540178125 0.1706871515625 0.230540178125 0.18645810000000002 0.2424017859375 0.18645810000000002 0.2424017859375 0.1706871515625
8 0.1430669640625 0.658631284375 0.1341741078125 0.658631284375 0.1341741078125 0.6706871515625 0.1430669640625 0.6706871515625 0.1430669640625 0.658631284375
5 0.1378794640625 0.5408212296875 0.10155803593749999 0.5408212296875 0.10155803593749999 0.6150279328125 0.1378794640625 0.6150279328125 0.1378794640625 0.5408212296875
7 0.882875 0.753251396875 0.49073214218750005 0.753251396875 0.49073214218750005 0.9990782125000001 0.882875 0.9990782125000001 0.882875 0.753251396875