2 0.9888794640624999 0.06493296093749999 0.025946428124999997 0.06493296093749999 0.025946428124999997 0.9554748609375 0.9888794640624999 0.9554748609375 0.9888794640624999 0.06493296093749999
8 0.74721875 0.1623407828125 0.7116383921875 0.1623407828125 0.7116383921875 0.21335754218749997 0.74721875 0.21335754218749997 0.74721875 0.1623407828125
8 0.7286875 0.19480446875 0.68865625 0.19480446875 0.68865625 0.25324580937499996 0.7286875 0.25324580937499996 0.7286875 0.19480446875
8 0.684209821875 0.24118994374999997 0.65159375 0.24118994374999997 0.65159375 0.29592178750000003 0.684209821875 0.29592178750000003 0.684209821875 0.24118994374999997
8 0.6575223218749999 0.25696089375 0.6300982140625 0.25696089375 0.6300982140625 0.3135474859375 0.6575223218749999 0.3135474859375 0.6575223218749999 0.25696089375
8 0.606375 0.332100559375 0.580428571875 0.332100559375 0.580428571875 0.3729162015625 0.606375 0.3729162015625 0.606375 0.332100559375
8 0.573758928125 0.362709496875 0.5270580359375 0.362709496875 0.5270580359375 0.42950279374999994 0.573758928125 0.42950279374999994 0.573758928125 0.362709496875
8 0.19421875 0.4471284921875 0.16234375 0.4471284921875 0.16234375 0.518553071875 0.19421875 0.518553071875 0.19421875 0.4471284921875
8 0.22312946406249998 0.4693910609375 0.20682142812499998 0.4693910609375 0.20682142812499998 0.5 0.22312946406249998 0.5 0.22312946406249998 0.4693910609375
8 0.218678571875 0.520407821875 0.1979241078125 0.520407821875 0.1979241078125 0.5630837984375 0.218678571875 0.5630837984375 0.218678571875 0.520407821875
8 0.272053571875 0.46382122968750006 0.23943750000000003 0.46382122968750006 0.23943750000000003 0.5408212296875 0.272053571875 0.5408212296875 0.272053571875 0.46382122968750006
8 0.077834821875 0.4192960890625 0.0037053578125 0.4192960890625 0.0037053578125 0.5 0.077834821875 0.5 0.077834821875 0.4192960890625
8 0.0281696421875 0.70222905 0.0118616078125 0.70222905 0.0118616078125 0.7402625703125 0.0281696421875 0.7402625703125 0.0281696421875 0.70222905
8 0.040772321875 0.7402625703125 0.0281696421875 0.7402625703125 0.0281696421875 0.7931396640624999 0.040772321875 0.7931396640624999 0.040772321875 0.7402625703125
8 0.1074866078125 0.7003743015625 0.0733883921875 0.7003743015625 0.0733883921875 0.7282011171875 0.1074866078125 0.7282011171875 0.1074866078125 0.7003743015625
8 0.1704955359375 0.6938826812500001 0.144553571875 0.6938826812500001 0.144553571875 0.744899440625 0.1704955359375 0.744899440625 0.1704955359375 0.6938826812500001
8 0.20682142812499998 0.730061453125 0.1912544640625 0.730061453125 0.1912544640625 0.7625251390625001 0.20682142812499998 0.7625251390625001 0.20682142812499998 0.730061453125
8 0.13713839218749999 0.5287597765625 0.12305357187499999 0.5287597765625 0.12305357187499999 0.5677206703125 0.13713839218749999 0.5677206703125 0.13713839218749999 0.5287597765625
8 0.1275 0.5630837984375 0.1149017859375 0.5630837984375 0.1149017859375 0.5964748609375 0.1275 0.5964748609375 0.1275 0.5630837984375
8 0.1334330359375 0.5881284921875001 0.1223125 0.5881284921875001 0.1223125 0.6345083796875 0.1334330359375 0.6345083796875 0.1334330359375 0.5881284921875001
8 0.1608616078125 0.60018994375 0.1475178578125 0.60018994375 0.1475178578125 0.6419329609375 0.1608616078125 0.6419329609375 0.1608616078125 0.60018994375
8 0.16382589218750002 0.5398882687500001 0.1438080359375 0.5398882687500001 0.1438080359375 0.5807094968750001 0.16382589218750002 0.5807094968750001 0.16382589218750002 0.5398882687500001
8 0.058562499999999997 0.6428603359375 0.037803571875000004 0.6428603359375 0.037803571875000004 0.6762569828125 0.058562499999999997 0.6762569828125 0.058562499999999997 0.6428603359375
8 0.09414285781250001 0.7745865921874999 0.060785714062499996 0.7745865921874999 0.060785714062499996 0.8868324015625 0.09414285781250001 0.8868324015625 0.09414285781250001 0.7745865921874999
8 0.096366071875 0.86549720625 0.0659732140625 0.86549720625 0.0659732140625 0.9248659218749999 0.096366071875 0.9248659218749999 0.096366071875 0.86549720625
8 0.13862053593749998 0.9081675984375 0.09414285781250001 0.9081675984375 0.09414285781250001 0.978670390625 0.13862053593749998 0.978670390625 0.13862053593749998 0.9081675984375
8 0.1326919640625 0.7551061453125001 0.10378125 0.7551061453125001 0.10378125 0.8172569828125 0.1326919640625 0.8172569828125 0.1326919640625 0.7551061453125001
8 0.1512232140625 0.82003910625 0.11119196406250001 0.82003910625 0.11119196406250001 0.8859050281249999 0.1512232140625 0.8859050281249999 0.1512232140625 0.82003910625
8 0.19199553593750002 0.9072402234375 0.144553571875 0.9072402234375 0.144553571875 0.962899440625 0.19199553593750002 0.962899440625 0.19199553593750002 0.9072402234375
8 0.2297991078125 0.8608547484375 0.19051339218750002 0.8608547484375 0.19051339218750002 0.9415642453125 0.2297991078125 0.9415642453125 0.2297991078125 0.8608547484375
8 0.174946428125 0.77180446875 0.16382589218750002 0.77180446875 0.16382589218750002 0.807055865625 0.174946428125 0.807055865625 0.174946428125 0.77180446875
8 0.18680357187500002 0.7588156421875001 0.1756875 0.7588156421875001 0.1756875 0.7829329609375 0.18680357187500002 0.7829329609375 0.18680357187500002 0.7588156421875001
8 0.203852678125 0.784787709375 0.1875446421875 0.784787709375 0.1875446421875 0.8191117312499999 0.203852678125 0.8191117312499999 0.203852678125 0.784787709375
8 0.2223883921875 0.8061284921875 0.20682142812499998 0.8061284921875 0.20682142812499998 0.8441620109375 0.2223883921875 0.8441620109375 0.2223883921875 0.8061284921875
8 0.458116071875 0.8321005593749999 0.41586160781250003 0.8321005593749999 0.41586160781250003 0.9155865921874999 0.458116071875 0.9155865921874999 0.458116071875 0.8321005593749999
8 0.498147321875 0.8636424578125 0.4773928578125 0.8636424578125 0.4773928578125 0.910022346875 0.498147321875 0.910022346875 0.498147321875 0.8636424578125
8 0.3951071421875 0.85158100625 0.3780580359375 0.85158100625 0.3780580359375 0.8942513968749999 0.3951071421875 0.8942513968749999 0.3951071421875 0.85158100625
8 0.5226071421875 0.8413743015625 0.5048169640625 0.8413743015625 0.5048169640625 0.878480446875 0.5226071421875 0.878480446875 0.5226071421875 0.8413743015625
8 0.538178571875 0.8766256984374999 0.5248348218750001 0.8766256984374999 0.5248348218750001 0.9109497203125001 0.538178571875 0.9109497203125001 0.538178571875 0.8766256984374999
8 0.5492946421875 0.9165139671875 0.5389196421875 0.9165139671875 0.5389196421875 0.9499106140625001 0.5492946421875 0.9499106140625001 0.5492946421875 0.9165139671875
8 0.580428571875 0.9257932953125 0.5515178578125 0.9257932953125 0.5515178578125 0.9526927374999999 0.580428571875 0.9526927374999999 0.580428571875 0.9257932953125
8 0.6263883921875 0.9276480453125 0.6093392859375 0.9276480453125 0.6093392859375 0.9499106140625001 0.6263883921875 0.9499106140625001 0.6263883921875 0.9276480453125
8 0.5255758921875 0.8061284921875 0.51075 0.8061284921875 0.51075 0.8413743015625 0.5255758921875 0.8413743015625 0.5255758921875 0.8061284921875
8 0.5441071421875 0.8144748609375 0.5255758921875 0.8144748609375 0.5255758921875 0.854363128125 0.5441071421875 0.854363128125 0.5441071421875 0.8144748609375
8 0.5693125 0.840446928125 0.5492946421875 0.840446928125 0.5492946421875 0.8719888265625 0.5693125 0.8719888265625 0.5693125 0.840446928125
8 0.6093392859375 0.6558491625 0.5922901781250001 0.6558491625 0.5922901781250001 0.6938826812500001 0.6093392859375 0.6938826812500001 0.6093392859375 0.6558491625
8 0.6212008921875001 0.6697597765625 0.6056339281249999 0.6697597765625 0.6056339281249999 0.7040837984375 0.6212008921875001 0.7040837984375 0.6212008921875001 0.6697597765625
8 0.8532232140625 0.6688324015625 0.8309866078124999 0.6688324015625 0.8309866078124999 0.7161452515625 0.8532232140625 0.7161452515625 0.8532232140625 0.6688324015625
8 0.8398794640625 0.7309888265625 0.819866071875 0.7309888265625 0.819866071875 0.7810782125 0.8398794640625 0.7810782125 0.8398794640625 0.7309888265625
8 0.8235714281250001 0.831173184375 0.8072633921874999 0.831173184375 0.8072633921874999 0.8645698328125 0.8235714281250001 0.8645698328125 0.8235714281250001 0.831173184375
8 0.9355089281250001 0.72634636875 0.8776875000000001 0.72634636875 0.8776875000000001 0.8413743015625 0.9355089281250001 0.8413743015625 0.9355089281250001 0.72634636875
8 0.92809375 0.7013016765625 0.9095625 0.7013016765625 0.9095625 0.7319162015625 0.92809375 0.7319162015625 0.92809375 0.7013016765625
8 0.9429196421875 0.692022346875 0.9214241078125 0.692022346875 0.9214241078125 0.72541899375 0.9429196421875 0.72541899375 0.9429196421875 0.692022346875
8 0.845071428125 0.8506536312499999 0.8257991078125 0.8506536312499999 0.8257991078125 0.8692067046874999 0.845071428125 0.8692067046874999 0.845071428125 0.8506536312499999
8 0.8524821421875 0.933212290625 0.8302455359375 0.933212290625 0.8302455359375 0.9656815640625 0.8524821421875 0.9656815640625 0.8524821421875 0.933212290625
8 0.8354330359375 0.9805251390624999 0.8124553578124999 0.9805251390624999 0.8124553578124999 0.99165363125 0.8354330359375 0.99165363125 0.8354330359375 0.9805251390624999
8 0.922165178125 0.4202234640625 0.876946428125 0.4202234640625 0.876946428125 0.47588268125 0.922165178125 0.47588268125 0.922165178125 0.4202234640625
8 0.8680491078125 0.44526815624999994 0.8435892859375 0.44526815624999994 0.8435892859375 0.480519553125 0.8680491078125 0.480519553125 0.8680491078125 0.44526815624999994
8 0.8421071421875 0.49165363125 0.825053571875 0.49165363125 0.825053571875 0.5176256984375 0.8421071421875 0.5176256984375 0.8421071421875 0.49165363125
8 0.8613794640625001 0.5102067046875 0.8472946421875 0.5102067046875 0.8472946421875 0.5361787703124999 0.8613794640625001 0.5361787703124999 0.8613794640625001 0.5102067046875
8 0.9481116078125 0.464754190625 0.9325446421875 0.464754190625 0.9325446421875 0.49165363125 0.9481116078125 0.49165363125 0.9481116078125 0.464754190625
8 0.9733124999999999 0.5296871515625 0.95996875 0.5296871515625 0.95996875 0.5630837984375 0.9733124999999999 0.5630837984375 0.9733124999999999 0.5296871515625
8 0.9799866078124999 0.3803351953125 0.968125 0.3803351953125 0.968125 0.4081675984375 0.9799866078124999 0.4081675984375 0.9799866078124999 0.3803351953125
8 0.9844330359375 0.359927375 0.9733124999999999 0.359927375 0.9733124999999999 0.3803351953125 0.9844330359375 0.3803351953125 0.9844330359375 0.359927375
5 0.5492946421875 0.0102067046875 0.3135669640625 0.0102067046875 0.3135669640625 0.105754190625 0.5492946421875 0.105754190625 0.5492946421875 0.0102067046875
3 0.32171875 0.43321229062500005 0.2601919640625 0.43321229062500005 0.2601919640625 0.6150279328125 0.32171875 0.6150279328125 0.32171875 0.43321229062500005
3 0.3706428578125 0.22634636874999997 0.0281696421875 0.22634636874999997 0.0281696421875 0.481446928125 0.3706428578125 0.481446928125 0.3706428578125 0.22634636874999997
8 0.565602678125 0.9499106140625001 0.5492946421875 0.9499106140625001 0.5492946421875 0.972173184375 0.565602678125 0.972173184375 0.565602678125 0.9499106140625001
8 0.578946428125 0.9851620109375 0.5626383921875 0.9851620109375 0.5626383921875 0.9972234640625001 0.578946428125 0.9972234640625001 0.578946428125 0.9851620109375
8 0.9584866078125 0.6215251390625001 0.945883928125 0.6215251390625001 0.945883928125 0.6419329609375 0.9584866078125 0.6419329609375 0.9584866078125 0.6215251390625001
8 0.9747946421875 0.6076089390625 0.960709821875 0.6076089390625 0.960709821875 0.6243072625 0.9747946421875 0.6243072625 0.9747946421875 0.6076089390625
8 0.963678571875 0.838592178125 0.9503348218750001 0.838592178125 0.9503348218750001 0.859 0.963678571875 0.859 0.963678571875 0.838592178125
8 0.8999241078125 0.20686592187500003 0.8850982140625 0.20686592187500003 0.8850982140625 0.23005586562499997 0.8999241078125 0.23005586562499997 0.8999241078125 0.20686592187500003