4 0.78125 0.515625 0.6855491078125 0.515625 0.6855491078125 0.75 0.78125 0.75 0.78125 0.515625
4 0.8925803578125 0.46679910781249995 0.8125 0.46679910781249995 0.8125 0.5957053578125 0.8925803578125 0.5957053578125 0.8925803578125 0.46679910781249995
4 0.73046875 0.79296875 0.6582053578125 0.79296875 0.6582053578125 0.8613303578125 0.73046875 0.8613303578125 0.73046875 0.79296875
4 0.6699241078125 0.82421875 0.56640625 0.82421875 0.56640625 0.9316428578125 0.6699241078125 0.9316428578125 0.6699241078125 0.82421875
4 0.62109375 0.90625 0.45508035781249995 0.90625 0.45508035781249995 0.99609375 0.62109375 0.99609375 0.62109375 0.90625
4 0.2167991078125 0.97265625 0.15625 0.97265625 0.15625 0.99609375 0.2167991078125 0.99609375 0.2167991078125 0.97265625
7 0.98828125 0.83203125 0.7792991078125 0.83203125 0.7792991078125 0.9863303578125 0.98828125 0.9863303578125 0.98828125 0.83203125
5 0.3574241078125 0.1875 0.0449241078125 0.1875 0.0449241078125 0.5683616078125 0.3574241078125 0.5683616078125 0.3574241078125 0.1875
8 0.7167991078125 0.53125 0.6953125 0.53125 0.6953125 0.5859375 0.7167991078125 0.5859375 0.7167991078125 0.53125
8 0.765625 0.6347678578125 0.73046875 0.6347678578125 0.73046875 0.7402366078125 0.765625 0.7402366078125 0.765625 0.6347678578125
8 0.6484375 0.8359375 0.5800803578125 0.8359375 0.5800803578125 0.9042991078125 0.6484375 0.9042991078125 0.6484375 0.8359375
8 0.5996116078125 0.9160178578125 0.5566428578125 0.9160178578125 0.5566428578125 0.9511741078125 0.5996116078125 0.9511741078125 0.5996116078125 0.9160178578125
8 0.5488303578125 0.93359375 0.46484375 0.93359375 0.46484375 0.99609375 0.5488303578125 0.99609375 0.5488303578125 0.93359375
8 0.203125 0.9765625 0.1621116078125 0.9765625 0.1621116078125 0.99609375 0.203125 0.99609375 0.203125 0.9765625