4 0.2792991078125 0.046875 0.22265625 0.046875 0.22265625 0.1035178578125 0.2792991078125 0.1035178578125 0.2792991078125 0.046875
5 0.5546875 0.2363303578125 0.21875 0.2363303578125 0.21875 0.72265625 0.5546875 0.72265625 0.5546875 0.2363303578125
7 0.98046875 0.8046875 0.7402366078125 0.8046875 0.7402366078125 0.9902366078125 0.98046875 0.9902366078125 0.98046875 0.8046875
6 0.5 0.703125 0.2363303578125 0.703125 0.2363303578125 0.9863303578125 0.5 0.9863303578125 0.5 0.703125
4 0.0761741078125 0.0859375 0.03125 0.0859375 0.03125 0.13671875 0.0761741078125 0.13671875 0.0761741078125 0.0859375
8 0.45898660781249995 0.7734375 0.43164285781249995 0.7734375 0.43164285781249995 0.7890625 0.45898660781249995 0.7890625 0.45898660781249995 0.7734375
8 0.3808616078125 0.8847678578125 0.35546875 0.8847678578125 0.35546875 0.9160178578125 0.3808616078125 0.9160178578125 0.3808616078125 0.8847678578125
4 0.3671875 0.8261741078125 0.34765625 0.8261741078125 0.34765625 0.8652366078125 0.3671875 0.8652366078125 0.3671875 0.8261741078125
4 0.47851785781249995 0.80078125 0.44726785781249995 0.80078125 0.44726785781249995 0.83984375 0.47851785781249995 0.83984375 0.47851785781249995 0.80078125
4 0.37890625 0.8847678578125 0.3496116078125 0.8847678578125 0.3496116078125 0.93359375 0.37890625 0.93359375 0.37890625 0.8847678578125
4 0.03125 0.27734375 0.0019553578125 0.27734375 0.0019553578125 0.30859375 0.03125 0.30859375 0.03125 0.27734375