8 0.8144553578125 0.2871116078125 0.7128928578125 0.2871116078125 0.7128928578125 0.3847678578125 0.8144553578125 0.3847678578125 0.8144553578125 0.2871116078125
8 0.12890625 0.5683616078125 0.0800803578125 0.5683616078125 0.0800803578125 0.61328125 0.12890625 0.61328125 0.12890625 0.5683616078125
8 0.7792991078125 0.6953125 0.6855491078125 0.6953125 0.6855491078125 0.8535178578125 0.7792991078125 0.8535178578125 0.7792991078125 0.6953125
3 0.7011741078125 0.85546875 0.65234375 0.85546875 0.65234375 0.8984375 0.7011741078125 0.8984375 0.7011741078125 0.85546875
3 0.65625 0.9394553578125 0.6152366078125 0.9394553578125 0.6152366078125 0.98046875 0.65625 0.98046875 0.65625 0.9394553578125
4 0.80078125 0.2910178578125 0.71875 0.2910178578125 0.71875 0.375 0.80078125 0.375 0.80078125 0.2910178578125
4 0.55078125 0.24609375 0.53125 0.24609375 0.53125 0.2675803578125 0.55078125 0.2675803578125 0.55078125 0.24609375
4 0.1191428578125 0.5058616078125 0.0957053578125 0.5058616078125 0.0957053578125 0.5292991078125 0.1191428578125 0.5292991078125 0.1191428578125 0.5058616078125
4 0.1171875 0.578125 0.0839866078125 0.578125 0.0839866078125 0.6035178578125 0.1171875 0.6035178578125 0.1171875 0.578125
3 0.7285178578125 0.8652366078125 0.69921875 0.8652366078125 0.69921875 0.8847678578125 0.7285178578125 0.8847678578125 0.7285178578125 0.8652366078125
8 0.6464866078125 0.7988303578125 0.5878928578125 0.7988303578125 0.5878928578125 0.8925803578125 0.6464866078125 0.8925803578125 0.6464866078125 0.7988303578125
8 0.57421875 0.921875 0.53515625 0.921875 0.53515625 0.99609375 0.57421875 0.99609375 0.57421875 0.921875
8 0.640625 0.953125 0.62109375 0.953125 0.62109375 0.9707053578125 0.640625 0.9707053578125 0.640625 0.953125
8 0.6875 0.8613303578125 0.6738303578125 0.8613303578125 0.6738303578125 0.8847678578125 0.6875 0.8847678578125 0.6875 0.8613303578125
8 0.71875 0.8671875 0.70703125 0.8671875 0.70703125 0.8828125 0.71875 0.8828125 0.71875 0.8671875
4 0.49414285781249995 0.12109375 0.47851785781249995 0.12109375 0.47851785781249995 0.13671875 0.49414285781249995 0.13671875 0.49414285781249995 0.12109375