1 0.7224017859375 0.3301421046875 0.021915178125 0.3301421046875 0.021915178125 0.996173684375 0.7224017859375 0.996173684375 0.7224017859375 0.3301421046875
7 0.788147321875 0.0028684203125 0.1185044640625 0.0028684203125 0.1185044640625 0.196173684375 0.788147321875 0.196173684375 0.788147321875 0.0028684203125
8 0.15665625 0.037321053124999996 0.12824553593750002 0.037321053124999996 0.12824553593750002 0.0851684203125 0.15665625 0.0851684203125 0.15665625 0.037321053124999996
8 0.8271116078125 0.0842105265625 0.772727678125 0.0842105265625 0.772727678125 0.11483157968749999 0.8271116078125 0.11483157968749999 0.8271116078125 0.0842105265625
8 0.741883928125 0.09091052656250001 0.677758928125 0.09091052656250001 0.677758928125 0.12153157968749999 0.741883928125 0.12153157968749999 0.741883928125 0.09091052656250001
8 0.7759732140625 0.127273684375 0.7183437500000001 0.127273684375 0.7183437500000001 0.169378946875 0.7759732140625 0.169378946875 0.7759732140625 0.127273684375
8 0.8863616078125001 0.06889999999999999 0.8717544640625 0.06889999999999999 0.8717544640625 0.12153157968749999 0.8863616078125001 0.12153157968749999 0.8863616078125001 0.06889999999999999
8 0.9756473218749999 0.7942578953125 0.8871741078125 0.7942578953125 0.8871741078125 0.844973684375 0.9756473218749999 0.844973684375 0.9756473218749999 0.7942578953125
8 0.2159107140625 0.5368421046875 0.196428571875 0.5368421046875 0.196428571875 0.561721053125 0.2159107140625 0.561721053125 0.2159107140625 0.5368421046875
8 0.228084821875 0.7856473687500001 0.207790178125 0.7856473687500001 0.207790178125 0.8124421046875 0.228084821875 0.8124421046875 0.228084821875 0.7856473687500001
8 0.0754866078125 0.7741631578125 0.06899553593749999 0.7741631578125 0.06899553593749999 0.7846894734375 0.0754866078125 0.7846894734375 0.0754866078125 0.7741631578125
8 0.28895982187499997 0.9062210531250001 0.27921874999999996 0.9062210531250001 0.27921874999999996 0.9215315796875 0.28895982187499997 0.9215315796875 0.28895982187499997 0.9062210531250001
8 0.271102678125 0.9110052625 0.2629866078125 0.9110052625 0.2629866078125 0.9224894734375001 0.271102678125 0.9224894734375001 0.271102678125 0.9110052625
8 0.2451294640625 0.9129210531249999 0.2321428578125 0.9129210531249999 0.2321428578125 0.9301421046874999 0.2451294640625 0.9301421046874999 0.2451294640625 0.9129210531249999
8 0.6607142859375 0.6708157890625001 0.65421875 0.6708157890625001 0.65421875 0.6822947375 0.6607142859375 0.6822947375 0.6607142859375 0.6708157890625001
8 0.6939955359375001 0.7243999999999999 0.6850669640625 0.7243999999999999 0.6850669640625 0.7358842109375 0.6939955359375001 0.7358842109375 0.6939955359375001 0.7243999999999999
8 0.6826294640625 0.7856473687500001 0.6761383921874999 0.7856473687500001 0.6761383921874999 0.7980842109374999 0.6826294640625 0.7980842109374999 0.6826294640625 0.7856473687500001
8 0.6915580359375 0.8057421046875 0.6834419640625 0.8057421046875 0.6834419640625 0.8153105265624999 0.6915580359375 0.8153105265624999 0.6915580359375 0.8057421046875
8 0.6688303578125 0.6181842109375 0.6599017859375 0.6181842109375 0.6599017859375 0.6296631578125 0.6688303578125 0.6296631578125 0.6688303578125 0.6181842109375
8 0.7232142859375 0.26124210468750003 0.689125 0.26124210468750003 0.689125 0.29186842031250004 0.7232142859375 0.29186842031250004 0.7232142859375 0.26124210468750003
8 0.7524330359375 0.3282315796875 0.7191562499999999 0.3282315796875 0.7191562499999999 0.3645947375 0.7524330359375 0.3645947375 0.7524330359375 0.3282315796875
8 0.8165580359375 0.258373684375 0.7678571421875 0.258373684375 0.7678571421875 0.35502631562500003 0.8165580359375 0.35502631562500003 0.8165580359375 0.258373684375
8 0.832790178125 0.6622 0.8003258921875 0.6622 0.8003258921875 0.7062210531249999 0.832790178125 0.7062210531249999 0.832790178125 0.6622
8 0.8814955359375001 0.5779894734375 0.8636383921874999 0.5779894734375 0.8636383921874999 0.6296631578125 0.8814955359375001 0.6296631578125 0.8814955359375001 0.5779894734375
8 0.853084821875 0.466026315625 0.8003258921875 0.466026315625 0.8003258921875 0.569378946875 0.853084821875 0.569378946875 0.853084821875 0.466026315625
8 0.914772321875 0.5177052625 0.896102678125 0.5177052625 0.896102678125 0.5942578953125001 0.914772321875 0.5942578953125001 0.914772321875 0.5177052625
8 0.814125 0.41722631562499995 0.7475669640625 0.41722631562499995 0.7475669640625 0.4535894734375 0.814125 0.4535894734375 0.814125 0.41722631562499995
8 0.163147321875 0.251673684375 0.1412321421875 0.251673684375 0.1412321421875 0.29186842031250004 0.163147321875 0.29186842031250004 0.163147321875 0.251673684375
5 0.19399553593750002 0.15885263125 0.0048705359375 0.15885263125 0.0048705359375 0.5464105265625 0.19399553593750002 0.5464105265625 0.19399553593750002 0.15885263125