6 0.47887500000000005 0.44155865937499994 0.008897321875 0.44155865937499994 0.008897321875 0.9851620109375 0.47887500000000005 0.9851620109375 0.47887500000000005 0.44155865937499994
7 0.1527053578125 0.105754190625 0.000741071875 0.105754190625 0.000741071875 0.6419329609375 0.1527053578125 0.6419329609375 0.1527053578125 0.105754190625
8 0.74721875 0.3033407828125 0.7205357140624999 0.3033407828125 0.7205357140624999 0.347865921875 0.74721875 0.347865921875 0.74721875 0.3033407828125
8 0.620459821875 0.0630782125 0.6011875 0.0630782125 0.6011875 0.097402234375 0.620459821875 0.097402234375 0.620459821875 0.0630782125
8 0.61453125 0.0102067046875 0.5900669640625 0.0102067046875 0.5900669640625 0.0473072625 0.61453125 0.0473072625 0.61453125 0.0102067046875
8 0.3780580359375 0.18460335156250002 0.3513705359375 0.18460335156250002 0.3513705359375 0.21892737499999998 0.3780580359375 0.21892737499999998 0.3780580359375 0.18460335156250002
8 0.357303571875 0.0027821234375 0.3187544640625 0.0027821234375 0.3187544640625 0.0371061453125 0.357303571875 0.0371061453125 0.357303571875 0.0027821234375
8 0.3409955359375 0.089055865625 0.3187544640625 0.089055865625 0.3187544640625 0.11410055937500001 0.3409955359375 0.11410055937500001 0.3409955359375 0.089055865625
3 0.1779107140625 0.1159553078125 0.1119330359375 0.1159553078125 0.1119330359375 0.26530726250000003 0.1779107140625 0.26530726250000003 0.1779107140625 0.1159553078125
3 0.1423258921875 0.20315642500000003 0.0889553578125 0.20315642500000003 0.0889553578125 0.36641899375000003 0.1423258921875 0.36641899375000003 0.1423258921875 0.20315642500000003
3 0.12157142812499999 0.2838603359375 0.0652321421875 0.2838603359375 0.0652321421875 0.4313575421875 0.12157142812499999 0.4313575421875 0.12157142812499999 0.2838603359375
3 0.128241071875 0.3766256984375 0.0874732140625 0.3766256984375 0.0874732140625 0.49443575468749995 0.128241071875 0.49443575468749995 0.128241071875 0.3766256984375
3 0.1504821421875 0.359 0.095625 0.359 0.095625 0.4536201125 0.1504821421875 0.4536201125 0.1504821421875 0.359
3 0.1971830359375 0.370134078125 0.1341741078125 0.370134078125 0.1341741078125 0.4740279328125 0.1971830359375 0.4740279328125 0.1971830359375 0.370134078125
3 0.244625 0.4155865921875 0.176428571875 0.4155865921875 0.176428571875 0.49443575468749995 0.244625 0.49443575468749995 0.244625 0.4155865921875
3 0.309116071875 0.4693910609375 0.2053392859375 0.4693910609375 0.2053392859375 0.5751396640625 0.309116071875 0.5751396640625 0.309116071875 0.4693910609375
3 0.2075625 0.4434134078125 0.1052633921875 0.4434134078125 0.1052633921875 0.5686480453125 0.2075625 0.5686480453125 0.2075625 0.4434134078125
3 0.09414285781250001 0.43692178750000005 0.031133928124999998 0.43692178750000005 0.031133928124999998 0.5565865921875 0.09414285781250001 0.5565865921875 0.09414285781250001 0.43692178750000005
3 0.11712499999999999 0.038960893749999996 0.00815625 0.038960893749999996 0.00815625 0.5603016765625 0.11712499999999999 0.5603016765625 0.11712499999999999 0.038960893749999996
3 0.45737500000000003 0.77273184375 0.4269821421875 0.77273184375 0.4269821421875 0.8218938546875 0.45737500000000003 0.8218938546875 0.45737500000000003 0.77273184375
3 0.483321428125 0.8051955312500001 0.447741071875 0.8051955312500001 0.447741071875 0.84322905 0.483321428125 0.84322905 0.483321428125 0.8051955312500001
8 0.451446428125 0.7755139671875 0.4321741078125 0.7755139671875 0.4321741078125 0.8098379890625 0.451446428125 0.8098379890625 0.451446428125 0.7755139671875
8 0.4722008921875 0.807055865625 0.4558928578125 0.807055865625 0.4558928578125 0.8321005593749999 0.4722008921875 0.8321005593749999 0.4722008921875 0.807055865625
8 0.6871741078125 0.8089106140625001 0.6597500000000001 0.8089106140625001 0.6597500000000001 0.831173184375 0.6871741078125 0.831173184375 0.6871741078125 0.8089106140625001
3 0.52409375 0.21706703906249997 0.4996294640625 0.21706703906249997 0.4996294640625 0.24489944062500002 0.52409375 0.24489944062500002 0.52409375 0.21706703906249997
5 0.9925892859375001 0.0324692734375 0.7323928578125 0.0324692734375 0.7323928578125 0.9897988828125 0.9925892859375001 0.9897988828125 0.9925892859375001 0.0324692734375
3 0.3380267859375 0.7745865921874999 0.25278125 0.7745865921874999 0.25278125 0.9749553078125001 0.3380267859375 0.9749553078125001 0.3380267859375 0.7745865921874999
8 0.8621205359375 0.393324021875 0.8539642859375001 0.393324021875 0.8539642859375001 0.40630726250000004 0.8621205359375 0.40630726250000004 0.8621205359375 0.393324021875
8 0.9540401781250001 0.33581005625000004 0.9444017859375 0.33581005625000004 0.9444017859375 0.3506480453125 0.9540401781250001 0.3506480453125 0.9540401781250001 0.33581005625000004
8 0.8213482140625 0.2077932953125 0.8139375 0.2077932953125 0.8139375 0.22170949687500002 0.8213482140625 0.22170949687500002 0.8213482140625 0.2077932953125
8 0.7205357140624999 0.22727374375 0.7123794640625001 0.22727374375 0.7123794640625001 0.2365474859375 0.7205357140624999 0.2365474859375 0.7205357140624999 0.22727374375
8 0.710897321875 0.11131843593749999 0.6864330359374999 0.11131843593749999 0.6864330359374999 0.141 0.710897321875 0.141 0.710897321875 0.11131843593749999
8 0.8947366078125001 0.0482402234375 0.8873258921874999 0.0482402234375 0.8873258921874999 0.059368715625 0.8947366078125001 0.059368715625 0.8947366078125001 0.0482402234375
8 0.871758928125 0.0287597765625 0.8628616078125001 0.0287597765625 0.8628616078125001 0.038960893749999996 0.871758928125 0.038960893749999996 0.871758928125 0.0287597765625
8 0.8302455359375 0.0018547484375 0.8117142859375001 0.0018547484375 0.8117142859375001 0.025044692187500002 0.8302455359375 0.025044692187500002 0.8302455359375 0.0018547484375
8 0.394366071875 0.0667932953125 0.3706428578125 0.0667932953125 0.3706428578125 0.10760893906249999 0.394366071875 0.10760893906249999 0.394366071875 0.0667932953125
8 0.4091919640625 0.120592178125 0.39140178593749997 0.120592178125 0.39140178593749997 0.137290503125 0.4091919640625 0.137290503125 0.4091919640625 0.120592178125
8 0.16753125 0.15677095000000002 0.1541875 0.15677095000000002 0.1541875 0.1790335203125 0.16753125 0.1790335203125 0.16753125 0.15677095000000002
8 0.37954017812499996 0.472173184375 0.3602678578125 0.472173184375 0.3602678578125 0.495363128125 0.37954017812499996 0.495363128125 0.37954017812499996 0.472173184375
8 0.45663392812500003 0.5519497203125 0.4151205359375 0.5519497203125 0.4151205359375 0.6094636875 0.45663392812500003 0.6094636875 0.45663392812500003 0.5519497203125
8 0.3602678578125 0.85158100625 0.35359375000000004 0.85158100625 0.35359375000000004 0.8664245812500001 0.3602678578125 0.8664245812500001 0.3602678578125 0.85158100625
7 0.3869553578125 0.542675978125 0.0014821421875 0.542675978125 0.0014821421875 0.9972234640625001 0.3869553578125 0.9972234640625001 0.3869553578125 0.542675978125
3 0.367678571875 0.0027821234375 0.31060267812500003 0.0027821234375 0.31060267812500003 0.0463798875 0.367678571875 0.0463798875 0.367678571875 0.0027821234375
3 0.6997767859375 0.77180446875 0.612303571875 0.77180446875 0.612303571875 0.8580726249999999 0.6997767859375 0.8580726249999999 0.6997767859375 0.77180446875