8 0.88803125 0.387128571875 0.8725848218750001 0.387128571875 0.8725848218750001 0.3994857140625 0.88803125 0.3994857140625 0.88803125 0.387128571875
8 0.1544419640625 0.518919046875 0.1196919640625 0.518919046875 0.1196919640625 0.5559857140625 0.1544419640625 0.5559857140625 0.1544419640625 0.518919046875
8 0.498071428125 0.766023809375 0.4903482140625 0.766023809375 0.4903482140625 0.7701428578125 0.498071428125 0.7701428578125 0.498071428125 0.766023809375
8 0.5212366078125 0.7536666671875001 0.498071428125 0.7536666671875001 0.498071428125 0.7577857140625001 0.5212366078125 0.7577857140625001 0.5212366078125 0.7536666671875001
8 0.8146696421874999 0.5559857140625 0.7876428578125 0.5559857140625 0.7876428578125 0.564219046875 0.8146696421874999 0.564219046875 0.8146696421874999 0.5559857140625
7 0.22007589218749998 0.11943333281249999 0.0424732140625 0.11943333281249999 0.0424732140625 0.387128571875 0.22007589218749998 0.387128571875 0.22007589218749998 0.11943333281249999
4 0.277991071875 0.8978142859375 0.0386116078125 0.8978142859375 0.0386116078125 0.9307571421875 0.277991071875 0.9307571421875 0.277991071875 0.8978142859375
4 0.9652499999999999 0.831919046875 0.864866071875 0.831919046875 0.864866071875 0.8936952375 0.9652499999999999 0.8936952375 0.9652499999999999 0.831919046875
6 0.7142857140625 1 0.7142857140625 0.7166 0.5559866078125 0.7166 0.5559866078125 1 0.7142857140625 1
1 0.5328169640625 0.251223809375 0.3629330359375 0.251223809375 0.3629330359375 0.47773333281249997 0.5328169640625 0.47773333281249997 0.5328169640625 0.251223809375
1 0.9536696421874999 0.36241904687500004 0.648647321875 0.36241904687500004 0.648647321875 0.7289571421875001 0.9536696421874999 0.7289571421875001 0.9536696421874999 0.36241904687500004
5 0.5135133921875 0.7289571421875001 0.1196919640625 0.7289571421875001 0.1196919640625 0.9760619046875 0.5135133921875 0.9760619046875 0.5135133921875 0.7289571421875001
5 0.9343616078125001 0.7454333328125 0.6949821421875 0.7454333328125 0.6949821421875 0.9637047624999999 0.9343616078125001 0.9637047624999999 0.9343616078125001 0.7454333328125
5 0.687258928125 0.251223809375 0.48648660781249997 0.251223809375 0.48648660781249997 0.54774761875 0.687258928125 0.54774761875 0.687258928125 0.251223809375