7 0.03125 0 0.03125 0.2558616078125 0.5019553578125 0.2558616078125 0.5019553578125 0 0.03125 0
8 0.2734375 0.53125 0.20703125 0.53125 0.20703125 0.59375 0.2734375 0.59375 0.2734375 0.53125
8 0.2792991078125 0.44140625 0.2324241078125 0.44140625 0.2324241078125 0.484375 0.2792991078125 0.484375 0.2792991078125 0.44140625
8 0.2128928578125 0.453125 0.16796875 0.453125 0.16796875 0.5097678578125 0.2128928578125 0.5097678578125 0.2128928578125 0.453125
4 0.9980491078125 0.7324241078125 0.36328125 0.7324241078125 0.36328125 0.9980491078125 0.9980491078125 0.9980491078125 0.9980491078125 0.7324241078125
4 0.99609375 0.00390625 0.7871116078125 0.00390625 0.7871116078125 0.9980491078125 0.99609375 0.9980491078125 0.99609375 0.00390625
2 0.9941428578125 0.00390625 0.0019553578125 0.00390625 0.0019553578125 0.99609375 0.9941428578125 0.99609375 0.9941428578125 0.00390625
4 0.22265625 0.38671875 0.19140625 0.38671875 0.19140625 0.4375 0.22265625 0.4375 0.22265625 0.38671875
4 0.2753928578125 0.4453125 0.234375 0.4453125 0.234375 0.48046875 0.2753928578125 0.48046875 0.2753928578125 0.4453125
4 0.21484375 0.45703125 0.1699241078125 0.45703125 0.1699241078125 0.50390625 0.21484375 0.50390625 0.21484375 0.45703125
4 0.2753928578125 0.5332053578125 0.2128928578125 0.5332053578125 0.2128928578125 0.5957053578125 0.2753928578125 0.5957053578125 0.2753928578125 0.5332053578125