4 0.1972678578125 0.73828125 0.14453125 0.73828125 0.14453125 0.796875 0.1972678578125 0.796875 0.1972678578125 0.73828125
4 0.2402366078125 0.80859375 0.1015625 0.80859375 0.1015625 0.9453125 0.2402366078125 0.9453125 0.2402366078125 0.80859375
4 0.2871116078125 0.9003928578125 0.13671875 0.9003928578125 0.13671875 0.9902366078125 0.2871116078125 0.9902366078125 0.2871116078125 0.9003928578125
4 0.390625 0.90234375 0.3222678578125 0.90234375 0.3222678578125 0.98046875 0.390625 0.98046875 0.390625 0.90234375
4 0.5019553578125 0.86328125 0.4296875 0.86328125 0.4296875 0.9902366078125 0.5019553578125 0.9902366078125 0.5019553578125 0.86328125
4 0.6699241078125 0.88671875 0.58984375 0.88671875 0.58984375 0.99609375 0.6699241078125 0.99609375 0.6699241078125 0.88671875
4 0.1074241078125 0.7519553578125 0.05859375 0.7519553578125 0.05859375 0.8066428578125 0.1074241078125 0.8066428578125 0.1074241078125 0.7519553578125
4 0.0644553578125 0.79296875 0.0214866078125 0.79296875 0.0214866078125 0.83984375 0.0644553578125 0.83984375 0.0644553578125 0.79296875
4 0 0.78125 0.0566428578125 0.78125 0.0566428578125 0.65625 0 0.65625 0 0.78125
4 0.0839866078125 0.5800803578125 0.0410178578125 0.5800803578125 0.0410178578125 0.6425803578125 0.0839866078125 0.6425803578125 0.0839866078125 0.5800803578125
4 0.1484375 0.6425803578125 0.0957053578125 0.6425803578125 0.0957053578125 0.6894553578125 0.1484375 0.6894553578125 0.1484375 0.6425803578125
4 0.7324241078125 0.8964866078125 0.7109375 0.8964866078125 0.7109375 0.9375 0.7324241078125 0.9375 0.7324241078125 0.8964866078125
4 0.43164285781249995 0.69921875 0.3925803578125 0.69921875 0.3925803578125 0.7636741078125 0.43164285781249995 0.7636741078125 0.43164285781249995 0.69921875
3 0.9941428578125 0.53515625 0.6699241078125 0.53515625 0.6699241078125 0.7324241078125 0.9941428578125 0.7324241078125 0.9941428578125 0.53515625
3 0.65625 0.5996116078125 0.6171875 0.5996116078125 0.6171875 0.64453125 0.65625 0.64453125 0.65625 0.5996116078125
3 0.59765625 0.1464866078125 0.48633035781249995 0.1464866078125 0.48633035781249995 0.2734375 0.59765625 0.2734375 0.59765625 0.1464866078125
3 0.484375 0.20703125 0.0625 0.20703125 0.0625 0.4140625 0.484375 0.4140625 0.484375 0.20703125
8 0.359375 0.05859375 0.1269553578125 0.05859375 0.1269553578125 0.1855491078125 0.359375 0.1855491078125 0.359375 0.05859375
7 0.0761741078125 0 0.0761741078125 0.0878928578125 0.40820535781249995 0.0878928578125 0.40820535781249995 0 0.0761741078125 0
3 0.08984375 0.41211160781249995 0.0449241078125 0.41211160781249995 0.0449241078125 0.45508035781249995 0.08984375 0.45508035781249995 0.08984375 0.41211160781249995
4 0.828125 0.9199241078125 0.7949241078125 0.9199241078125 0.7949241078125 0.97265625 0.828125 0.97265625 0.828125 0.9199241078125
4 0.45898660781249995 0.6269553578125 0.41796875 0.6269553578125 0.41796875 0.66796875 0.45898660781249995 0.66796875 0.45898660781249995 0.6269553578125
4 0.08984375 0.86328125 0.02734375 0.86328125 0.02734375 0.921875 0.08984375 0.921875 0.08984375 0.86328125
4 0.9140625 0.01171875 0.6953125 0.01171875 0.6953125 0.30078125 0.9140625 0.30078125 0.9140625 0.01171875
4 0.9921875 0.3105491078125 0.90234375 0.3105491078125 0.90234375 0.43945535781249995 0.9921875 0.43945535781249995 0.9921875 0.3105491078125
4 0.47070535781249995 0.21484375 0.0957053578125 0.21484375 0.0957053578125 0.3105491078125 0.47070535781249995 0.3105491078125 0.47070535781249995 0.21484375
4 0.8203125 0.6035178578125 0.765625 0.6035178578125 0.765625 0.6542991078125 0.8203125 0.6542991078125 0.8203125 0.6035178578125
4 0.9296875 0.578125 0.8222678578125 0.578125 0.8222678578125 0.68359375 0.9296875 0.68359375 0.9296875 0.578125
4 0.2558616078125 0.97265625 0.1015625 0.97265625 0.1015625 0.99609375 0.2558616078125 0.99609375 0.2558616078125 0.97265625
3 0.17578125 0.1230491078125 0.0859375 0.1230491078125 0.0859375 0.2128928578125 0.17578125 0.2128928578125 0.17578125 0.1230491078125