5 0.709415178125 0.1706871515625 0.2335044640625 0.1706871515625 0.2335044640625 0.6957374296875 0.709415178125 0.6957374296875 0.709415178125 0.1706871515625
3 0.6212008921875001 0.6270893859375 0.5025937500000001 0.6270893859375 0.5025937500000001 0.6883128484375 0.6212008921875001 0.6883128484375 0.6212008921875001 0.6270893859375
3 0.8984419640624999 0.176251396875 0.8472946421875 0.176251396875 0.8472946421875 0.40259776562500005 0.8984419640624999 0.40259776562500005 0.8984419640624999 0.176251396875
3 0.28465625 0.004636871875 0.05040625 0.004636871875 0.05040625 0.22263687187499998 0.28465625 0.22263687187499998 0.28465625 0.004636871875
3 0.1601205359375 0.1883128484375 0.0037053578125 0.1883128484375 0.0037053578125 0.49165363125 0.1601205359375 0.49165363125 0.1601205359375 0.1883128484375
7 0.2424017859375 0.736553071875 0.0889553578125 0.736553071875 0.0889553578125 0.962899440625 0.2424017859375 0.962899440625 0.2424017859375 0.736553071875
7 0.7954017859375 0.8116927374999999 0.1601205359375 0.8116927374999999 0.1601205359375 0.9972234640625001 0.7954017859375 0.9972234640625001 0.7954017859375 0.8116927374999999
8 0.6530758921875 0.49814525156249995 0.5693125 0.49814525156249995 0.5693125 0.604826815625 0.6530758921875 0.604826815625 0.6530758921875 0.49814525156249995
8 0.7064508921875 0.016698323437500003 0.677540178125 0.016698323437500003 0.677540178125 0.042670390625 0.7064508921875 0.042670390625 0.7064508921875 0.016698323437500003
8 0.759821428125 0.051022346875 0.729428571875 0.051022346875 0.729428571875 0.10389385468750001 0.759821428125 0.10389385468750001 0.759821428125 0.051022346875
8 0.9229062499999999 0.0667932953125 0.8858392859374999 0.0667932953125 0.8858392859374999 0.10389385468750001 0.9229062499999999 0.10389385468750001 0.9229062499999999 0.0667932953125
3 0.7309107140625 0.300558659375 0.670125 0.300558659375 0.670125 0.5278324015625 0.7309107140625 0.5278324015625 0.7309107140625 0.300558659375
3 0.297258928125 0.21335754218749997 0.1601205359375 0.21335754218749997 0.1601205359375 0.3849720671875 0.297258928125 0.3849720671875 0.297258928125 0.21335754218749997
3 0.451446428125 0.10018435781249999 0.285397321875 0.10018435781249999 0.285397321875 0.2179944140625 0.451446428125 0.2179944140625 0.451446428125 0.10018435781249999
3 0.4217946421875 0.255100559375 0.392883928125 0.255100559375 0.392883928125 0.28478770937500003 0.4217946421875 0.28478770937500003 0.4217946421875 0.255100559375
3 0.6856919640625 0.21985474843750002 0.56115625 0.21985474843750002 0.56115625 0.3033407828125 0.6856919640625 0.3033407828125 0.6856919640625 0.21985474843750002
3 0.3009642859375 0.40259776562500005 0.203852678125 0.40259776562500005 0.203852678125 0.5417486031250001 0.3009642859375 0.5417486031250001 0.3009642859375 0.40259776562500005
3 0.5025937500000001 0.6224525140625 0.2750178578125 0.6224525140625 0.2750178578125 0.6948100562499999 0.5025937500000001 0.6948100562499999 0.5025937500000001 0.6224525140625
3 0.535209821875 0.4443407828125 0.515196428125 0.4443407828125 0.515196428125 0.47124580937499994 0.535209821875 0.47124580937499994 0.535209821875 0.4443407828125
3 0.573758928125 0.473100559375 0.5478125 0.473100559375 0.5478125 0.49721787656250005 0.573758928125 0.49721787656250005 0.573758928125 0.473100559375
8 0.8754642859375 0.187385475 0.86434375 0.187385475 0.86434375 0.20315642500000003 0.8754642859375 0.20315642500000003 0.8754642859375 0.187385475
8 0.8754642859375 0.2662346375 0.868790178125 0.2662346375 0.868790178125 0.27644134062500003 0.8754642859375 0.27644134062500003 0.8754642859375 0.2662346375
8 0.8739821421875 0.2940670390625 0.8673080359374999 0.2940670390625 0.8673080359374999 0.30426815625 0.8739821421875 0.30426815625 0.8739821421875 0.2940670390625
8 0.890290178125 0.2903519546875 0.8850982140625 0.2903519546875 0.8850982140625 0.30426815625 0.890290178125 0.30426815625 0.890290178125 0.2903519546875
8 0.8154196421875 0.5287597765625 0.8020758921875 0.5287597765625 0.8020758921875 0.55380446875 0.8154196421875 0.55380446875 0.8154196421875 0.5287597765625
8 0.838397321875 0.487016759375 0.8243124999999999 0.487016759375 0.8243124999999999 0.5157709500000001 0.838397321875 0.5157709500000001 0.838397321875 0.487016759375
8 0.841366071875 0.5287597765625 0.83246875 0.5287597765625 0.83246875 0.5436033515625 0.841366071875 0.5436033515625 0.841366071875 0.5287597765625
8 0.7916964281250001 0.5695754187500001 0.7842857140625 0.5695754187500001 0.7842857140625 0.5807094968750001 0.7916964281250001 0.5807094968750001 0.7916964281250001 0.5695754187500001
8 0.5730178578125 0.6502793296875 0.560415178125 0.6502793296875 0.560415178125 0.66326815625 0.5730178578125 0.66326815625 0.5730178578125 0.6502793296875
8 0.5085267859375 0.658631284375 0.498147321875 0.658631284375 0.498147321875 0.6725418999999999 0.5085267859375 0.6725418999999999 0.5085267859375 0.658631284375
8 0.660491071875 0.744899440625 0.6501116078125 0.744899440625 0.6501116078125 0.75696089375 0.660491071875 0.75696089375 0.660491071875 0.744899440625
8 0.6856919640625 0.889614525 0.6716071421875001 0.889614525 0.6716071421875001 0.9044581 0.6856919640625 0.9044581 0.6856919640625 0.889614525