8 0.4944419640625 0.32838547500000004 0.45737500000000003 0.32838547500000004 0.45737500000000003 0.378480446875 0.4944419640625 0.378480446875 0.4944419640625 0.32838547500000004
8 0.5129732140625001 0.393324021875 0.45885714218749996 0.393324021875 0.45885714218749996 0.43228491562500004 0.5129732140625001 0.43228491562500004 0.5129732140625001 0.393324021875
8 0.3409955359375 0.1855307265625 0.3128258921875 0.1855307265625 0.3128258921875 0.22449162031249997 0.3409955359375 0.22449162031249997 0.3409955359375 0.1855307265625
8 0.2557455359375 0.152134078125 0.2335044640625 0.152134078125 0.2335044640625 0.19573184375 0.2557455359375 0.19573184375 0.2557455359375 0.152134078125
8 0.174946428125 0.3654916203125 0.1438080359375 0.3654916203125 0.1438080359375 0.409094971875 0.174946428125 0.409094971875 0.174946428125 0.3654916203125
8 0.5366919640625001 0.1614134078125 0.49666517812500005 0.1614134078125 0.49666517812500005 0.20501117343750003 0.5366919640625001 0.20501117343750003 0.5366919640625001 0.1614134078125
3 0.7916964281250001 0.033396648437499996 0.705709821875 0.033396648437499996 0.705709821875 0.16326815625 0.7916964281250001 0.16326815625 0.7916964281250001 0.033396648437499996
3 0.8228303578125 0.12430726249999999 0.7939196421875 0.12430726249999999 0.7939196421875 0.1614134078125 0.8228303578125 0.1614134078125 0.8228303578125 0.12430726249999999
8 0.5893258921875 0.8218938546875 0.51075 0.8218938546875 0.51075 0.8859050281249999 0.5893258921875 0.8859050281249999 0.5893258921875 0.8218938546875
8 0.5426249999999999 0.67811173125 0.5077857140625001 0.67811173125 0.5077857140625001 0.7133631281249999 0.5426249999999999 0.7133631281249999 0.5426249999999999 0.67811173125
8 0.6078571421875 0.6066815640625001 0.5745 0.6066815640625001 0.5745 0.652134078125 0.6078571421875 0.652134078125 0.6078571421875 0.6066815640625001
8 0.4996294640625 0.6688324015625 0.47590625 0.6688324015625 0.47590625 0.7087206703125 0.4996294640625 0.7087206703125 0.4996294640625 0.6688324015625
5 0.5537455359375001 0.589055865625 0.47368303593750005 0.589055865625 0.47368303593750005 0.6883128484375 0.5537455359375001 0.6883128484375 0.5537455359375001 0.589055865625
8 0.4544107140625 0.25696089375 0.43365625 0.25696089375 0.43365625 0.29592178750000003 0.4544107140625 0.29592178750000003 0.4544107140625 0.25696089375
8 0.394366071875 0.26345251406250003 0.3684196421875 0.26345251406250003 0.3684196421875 0.3181843578125 0.394366071875 0.3181843578125 0.394366071875 0.26345251406250003
8 0.5663437499999999 0.32003910625 0.543366071875 0.32003910625 0.543366071875 0.362709496875 0.5663437499999999 0.362709496875 0.5663437499999999 0.32003910625
8 0.5937723218750001 0.28942458125 0.5574508921875 0.28942458125 0.5574508921875 0.3506480453125 0.5937723218750001 0.3506480453125 0.5937723218750001 0.28942458125
8 0.5404017859375 0.2439720671875 0.4959241078125 0.2439720671875 0.4959241078125 0.2801508375 0.5404017859375 0.2801508375 0.5404017859375 0.2439720671875
8 0.5848794640625 0.191094971875 0.5678258921875 0.191094971875 0.5678258921875 0.21335754218749997 0.5848794640625 0.21335754218749997 0.5848794640625 0.191094971875
8 0.606375 0.22634636874999997 0.5989642859375001 0.22634636874999997 0.5989642859375001 0.25046368750000003 0.606375 0.25046368750000003 0.606375 0.22634636874999997
8 0.8176428578125 0.13079888281250002 0.796147321875 0.13079888281250002 0.796147321875 0.152134078125 0.8176428578125 0.152134078125 0.8176428578125 0.13079888281250002
8 0.8754642859375 0.0519497203125 0.8628616078125001 0.0519497203125 0.8628616078125001 0.06493296093749999 0.8754642859375 0.06493296093749999 0.8754642859375 0.0519497203125
8 0.759821428125 0.13265363125000001 0.7457366078125001 0.13265363125000001 0.7457366078125001 0.14564245781250001 0.759821428125 0.14564245781250001 0.759821428125 0.13265363125000001
8 0.77909375 0.141 0.7627857140625001 0.141 0.7627857140625001 0.15491620156250002 0.77909375 0.15491620156250002 0.77909375 0.141
3 0.0207544640625 0.6094636875 0.0074107140625 0.6094636875 0.0074107140625 0.6270893859375 0.0207544640625 0.6270893859375 0.0207544640625 0.6094636875
3 0.7449955359375 0.21892737499999998 0.729428571875 0.21892737499999998 0.729428571875 0.25231843593750003 0.7449955359375 0.25231843593750003 0.7449955359375 0.21892737499999998
3 0.7524107140625 0.27272625625 0.7316517859375 0.27272625625 0.7316517859375 0.29592178750000003 0.7524107140625 0.29592178750000003 0.7524107140625 0.27272625625
3 0.5782053578124999 0.7736592171875001 0.5418839281250001 0.7736592171875001 0.5418839281250001 0.8089106140625001 0.5782053578124999 0.8089106140625001 0.5782053578124999 0.7736592171875001
3 0.606375 0.964754190625 0.5774642859375 0.964754190625 0.5774642859375 0.9981508375000001 0.606375 0.9981508375000001 0.606375 0.964754190625
8 0.25055803593750003 0.1159553078125 0.2372142859375 0.1159553078125 0.2372142859375 0.128016759375 0.25055803593750003 0.128016759375 0.25055803593750003 0.1159553078125
8 0.3921428578125 0.34879329531250003 0.381022321875 0.34879329531250003 0.381022321875 0.3645642453125 0.3921428578125 0.3645642453125 0.3921428578125 0.34879329531250003
8 0.40622767812499994 0.3423016765625 0.394366071875 0.3423016765625 0.394366071875 0.3571452515625 0.40622767812499994 0.3571452515625 0.40622767812499994 0.3423016765625
8 0.4106741078125 0.3729162015625 0.3988125 0.3729162015625 0.3988125 0.3886871515625 0.4106741078125 0.3886871515625 0.4106741078125 0.3729162015625
8 0.361008928125 0.3506480453125 0.34914732187499997 0.3506480453125 0.34914732187499997 0.36641899375000003 0.361008928125 0.36641899375000003 0.361008928125 0.3506480453125
8 0.2802053578125 0.2940670390625 0.2646383921875 0.2940670390625 0.2646383921875 0.3107597765625 0.2802053578125 0.3107597765625 0.2802053578125 0.2940670390625
8 0.471459821875 0.051022346875 0.4603392859375 0.051022346875 0.4603392859375 0.0658603359375 0.471459821875 0.0658603359375 0.471459821875 0.051022346875
8 0.4306875 0.1103910609375 0.41734821406249994 0.1103910609375 0.41734821406249994 0.120592178125 0.4306875 0.120592178125 0.4306875 0.1103910609375
8 0.4143794640625 0.073284915625 0.3988125 0.073284915625 0.3988125 0.08534636875 0.4143794640625 0.08534636875 0.4143794640625 0.073284915625
8 0.3283928578125 0.11224580937499999 0.3135669640625 0.11224580937499999 0.3135669640625 0.13265363125000001 0.3283928578125 0.13265363125000001 0.3283928578125 0.11224580937499999
8 0.553 0.4462011171875 0.530022321875 0.4462011171875 0.530022321875 0.472173184375 0.553 0.472173184375 0.553 0.4462011171875
8 0.5500357140625 0.5064972062499999 0.5329866078125 0.5064972062499999 0.5329866078125 0.5269050281250001 0.5500357140625 0.5269050281250001 0.5500357140625 0.5064972062499999
8 0.451446428125 0.5046424578125001 0.426241071875 0.5046424578125001 0.426241071875 0.5324692734375 0.451446428125 0.5324692734375 0.451446428125 0.5046424578125001
8 0.5329866078125 0.4536201125 0.44699999999999995 0.4536201125 0.44699999999999995 0.5491675984375 0.5329866078125 0.5491675984375 0.5329866078125 0.4536201125
3 0.7842857140625 0.7977765359375 0.7702008921875 0.7977765359375 0.7702008921875 0.8172569828125 0.7842857140625 0.8172569828125 0.7842857140625 0.7977765359375
3 0.5455892859375 0.6864581000000001 0.5085267859375 0.6864581000000001 0.5085267859375 0.718 0.5455892859375 0.718 0.5455892859375 0.6864581000000001