3 0.9746116078125 0.09375 0.6699241078125 0.09375 0.6699241078125 0.265625 0.9746116078125 0.265625 0.9746116078125 0.09375
3 0.6308616078125 0.53125 0.55078125 0.53125 0.55078125 0.6308616078125 0.6308616078125 0.6308616078125 0.6308616078125 0.53125
3 0.5996116078125 0.66796875 0.5078125 0.66796875 0.5078125 0.9667991078125 0.5996116078125 0.9667991078125 0.5996116078125 0.66796875
3 0.328125 0.6269553578125 0.2011741078125 0.6269553578125 0.2011741078125 0.73046875 0.328125 0.73046875 0.328125 0.6269553578125
5 0.6796875 0.1386741078125 0.2324241078125 0.1386741078125 0.2324241078125 0.52734375 0.6796875 0.52734375 0.6796875 0.1386741078125
7 0.9765625 0.76171875 0.7636741078125 0.76171875 0.7636741078125 0.984375 0.9765625 0.984375 0.9765625 0.76171875
4 0.8359375 0.0917991078125 0.7949241078125 0.0917991078125 0.7949241078125 0.1171875 0.8359375 0.1171875 0.8359375 0.0917991078125
4 0.59765625 0.73046875 0.5449241078125 0.73046875 0.5449241078125 0.91015625 0.59765625 0.91015625 0.59765625 0.73046875
4 0.2734375 0.6386741078125 0.23046875 0.6386741078125 0.23046875 0.7285178578125 0.2734375 0.7285178578125 0.2734375 0.6386741078125
4 0.0957053578125 0.86328125 0.05078125 0.86328125 0.05078125 0.9199241078125 0.0957053578125 0.9199241078125 0.0957053578125 0.86328125
3 0.17578125 0.6621116078125 0.140625 0.6621116078125 0.140625 0.6972678578125 0.17578125 0.6972678578125 0.17578125 0.6621116078125
3 0.90625 0.51953125 0.88671875 0.51953125 0.88671875 0.546875 0.90625 0.546875 0.90625 0.51953125
3 0.96875 0.51171875 0.9199241078125 0.51171875 0.9199241078125 0.58984375 0.96875 0.58984375 0.96875 0.51171875
4 0.40039285781249995 0.57421875 0.375 0.57421875 0.375 0.609375 0.40039285781249995 0.609375 0.40039285781249995 0.57421875
4 0.6269553578125 0.5488303578125 0.56640625 0.5488303578125 0.56640625 0.5683616078125 0.6269553578125 0.5683616078125 0.6269553578125 0.5488303578125
4 0.6230491078125 0.5761741078125 0.58203125 0.5761741078125 0.58203125 0.6171875 0.6230491078125 0.6171875 0.6230491078125 0.5761741078125
4 0.1484375 0.93359375 0.1230491078125 0.93359375 0.1230491078125 0.96484375 0.1484375 0.96484375 0.1484375 0.93359375