6 0.45703125 0.49804910781249995 0.0019553578125 0.49804910781249995 0.0019553578125 0.8984375 0.45703125 0.8984375 0.45703125 0.49804910781249995
8 0.4609375 0.5 0.4140625 0.5 0.4140625 0.546875 0.4609375 0.546875 0.4609375 0.5
4 0.3613303578125 0.328125 0.328125 0.328125 0.328125 0.3730491078125 0.3613303578125 0.3730491078125 0.3613303578125 0.328125
4 0.4140625 0.5839866078125 0.37109375 0.5839866078125 0.37109375 0.6230491078125 0.4140625 0.6230491078125 0.4140625 0.5839866078125
4 0.3964866078125 0.3183616078125 0.35546875 0.3183616078125 0.35546875 0.3574241078125 0.3964866078125 0.3574241078125 0.3964866078125 0.3183616078125
4 0.5449241078125 0.41015625 0.49804910781249995 0.41015625 0.49804910781249995 0.44140625 0.5449241078125 0.44140625 0.5449241078125 0.41015625
3 0.546875 0.3203125 0.5234375 0.3203125 0.5234375 0.3417991078125 0.546875 0.3417991078125 0.546875 0.3203125
3 0.765625 0.1972678578125 0.75 0.1972678578125 0.75 0.21484375 0.765625 0.21484375 0.765625 0.1972678578125
4 0.2832053578125 0.08984375 0.265625 0.08984375 0.265625 0.1035178578125 0.2832053578125 0.1035178578125 0.2832053578125 0.08984375
7 0.19140625 0.55078125 0.0019553578125 0.55078125 0.0019553578125 0.8964866078125 0.19140625 0.8964866078125 0.19140625 0.55078125
3 0.0800803578125 0.3808616078125 0.06640625 0.3808616078125 0.06640625 0.3984375 0.0800803578125 0.3984375 0.0800803578125 0.3808616078125
4 0.80859375 0.671875 0.7910178578125 0.671875 0.7910178578125 0.6894553578125 0.80859375 0.6894553578125 0.80859375 0.671875
4 0.8769553578125 0.2265625 0.86328125 0.2265625 0.86328125 0.2441428578125 0.8769553578125 0.2441428578125 0.8769553578125 0.2265625