4 0.9941428578125 0.00390625 0.0019553578125 0.00390625 0.0019553578125 0.9941428578125 0.9941428578125 0.9941428578125 0.9941428578125 0.00390625
4 0.6308616078125 0.0703125 0.47070535781249995 0.0703125 0.47070535781249995 0.47070535781249995 0.6308616078125 0.47070535781249995 0.6308616078125 0.0703125
4 0.7578125 0.0703125 0.61328125 0.0703125 0.61328125 0.37109375 0.7578125 0.37109375 0.7578125 0.0703125
4 0.2949241078125 0.6738303578125 0.025392857812500003 0.6738303578125 0.025392857812500003 0.9765625 0.2949241078125 0.9765625 0.2949241078125 0.6738303578125
4 0.9863303578125 0.29296875 0.7675803578125 0.29296875 0.7675803578125 0.7324241078125 0.9863303578125 0.7324241078125 0.9863303578125 0.29296875
4 0.46484375 0.48046875 0.3417991078125 0.48046875 0.3417991078125 0.7285178578125 0.46484375 0.7285178578125 0.46484375 0.48046875
4 0.31640625 0.21875 0.234375 0.21875 0.234375 0.484375 0.31640625 0.484375 0.31640625 0.21875
4 0.46679910781249995 0.046875 0.3652366078125 0.046875 0.3652366078125 0.2246116078125 0.46679910781249995 0.2246116078125 0.46679910781249995 0.046875
4 0.15234375 0.01953125 0.00390625 0.01953125 0.00390625 0.25 0.15234375 0.25 0.15234375 0.01953125
4 0.11328125 0.3046875 0.00390625 0.3046875 0.00390625 0.6230491078125 0.11328125 0.6230491078125 0.11328125 0.3046875
4 0.2421875 0.5 0.12109375 0.5 0.12109375 0.6855491078125 0.2421875 0.6855491078125 0.2421875 0.5
4 0.3378928578125 0.5234375 0.2558616078125 0.5234375 0.2558616078125 0.6933616078125 0.3378928578125 0.6933616078125 0.3378928578125 0.5234375
4 0.625 0.7890625 0.3125 0.7890625 0.3125 0.98828125 0.625 0.98828125 0.625 0.7890625