8 0.6589553578125 0.671806121875 0.6161116078125 0.671806121875 0.6161116078125 0.712938775 0.6589553578125 0.712938775 0.6589553578125 0.671806121875
8 0.5715491078125 0.6580969390625 0.5252767859375 0.6580969390625 0.5252767859375 0.7217551015625 0.5715491078125 0.7217551015625 0.5715491078125 0.6580969390625
8 0.532133928125 0.714897959375 0.5124241078125 0.714897959375 0.5124241078125 0.73448469375 0.532133928125 0.73448469375 0.532133928125 0.714897959375
8 0.40788392812499996 0.6747448984375 0.359040178125 0.6747448984375 0.359040178125 0.7628826531249999 0.40788392812499996 0.7628826531249999 0.40788392812499996 0.6747448984375
8 0.3581830359375 0.7403622453125001 0.31791071406250004 0.7403622453125001 0.31791071406250004 0.7854081625 0.3581830359375 0.7854081625 0.3581830359375 0.7403622453125001
8 0.30848214218750003 0.71 0.2930580359375 0.71 0.2930580359375 0.7374234687500001 0.30848214218750003 0.7374234687500001 0.30848214218750003 0.71
8 0.21936607187499998 0.594443878125 0.1568125 0.594443878125 0.1568125 0.717836734375 0.21936607187499998 0.717836734375 0.21936607187499998 0.594443878125
8 0.1293928578125 0.5356836734375 0.08226339218749999 0.5356836734375 0.08226339218749999 0.6414489796875 0.1293928578125 0.6414489796875 0.1293928578125 0.5356836734375
8 0.0608392859375 0.559188775 0.006 0.559188775 0.006 0.5885663265625001 0.0608392859375 0.5885663265625001 0.0608392859375 0.559188775
4 0.997428571875 0.0763877546875 0.003428571875 0.0763877546875 0.003428571875 0.9949795921875 0.997428571875 0.9949795921875 0.997428571875 0.0763877546875
4 0.656383928125 0.5209948984375 0.6186785718750001 0.5209948984375 0.6186785718750001 0.5601683671875 0.656383928125 0.5601683671875 0.656383928125 0.5209948984375