8 0.40696875 0.3571452515625 0.3699017859375 0.3571452515625 0.3699017859375 0.39888826875 0.40696875 0.39888826875 0.40696875 0.3571452515625
8 0.6664196421875 0.4591843578125 0.625647321875 0.4591843578125 0.625647321875 0.5408212296875 0.6664196421875 0.5408212296875 0.6664196421875 0.4591843578125
8 0.6404732140625 0.518553071875 0.5885848218749999 0.518553071875 0.5885848218749999 0.5946201125 0.6404732140625 0.5946201125 0.6404732140625 0.518553071875
8 0.5826517859375 0.6085363125 0.56115625 0.6085363125 0.56115625 0.6391508375 0.5826517859375 0.6391508375 0.5826517859375 0.6085363125
8 0.5404017859375 0.644715084375 0.5196428578125001 0.644715084375 0.5196428578125001 0.6790391062500001 0.5404017859375 0.6790391062500001 0.5404017859375 0.644715084375
8 0.394366071875 0.4053798875 0.3721294640625 0.4053798875 0.3721294640625 0.4276480453125 0.394366071875 0.4276480453125 0.394366071875 0.4053798875
8 0.39140178593749997 0.43784916249999994 0.37361160781249997 0.43784916249999994 0.37361160781249997 0.46011173124999993 0.39140178593749997 0.46011173124999993 0.39140178593749997 0.43784916249999994
8 0.5418839281250001 0.371061453125 0.523352678125 0.371061453125 0.523352678125 0.3951787703125 0.5418839281250001 0.3951787703125 0.5418839281250001 0.371061453125
8 0.44699999999999995 0.0102067046875 0.4091919640625 0.0102067046875 0.4091919640625 0.06493296093749999 0.44699999999999995 0.06493296093749999 0.44699999999999995 0.0102067046875
8 0.7064508921875 0.0287597765625 0.6849508921874999 0.0287597765625 0.6849508921874999 0.0667932953125 0.7064508921875 0.0667932953125 0.7064508921875 0.0287597765625
8 0.9043749999999999 0.0473072625 0.871758928125 0.0473072625 0.871758928125 0.0807039109375 0.9043749999999999 0.0807039109375 0.9043749999999999 0.0473072625
8 0.40696875 0.2402625703125 0.3684196421875 0.2402625703125 0.3684196421875 0.27458100625 0.40696875 0.27458100625 0.40696875 0.2402625703125
8 0.4492232140625 0.27272625625 0.4091919640625 0.27272625625 0.4091919640625 0.3024134078125 0.4492232140625 0.3024134078125 0.4492232140625 0.27272625625
8 0.432915178125 0.1781061453125 0.4106741078125 0.1781061453125 0.4106741078125 0.2003743015625 0.432915178125 0.2003743015625 0.432915178125 0.1781061453125
7 0.28984375 0.5723575421875 0.000741071875 0.5723575421875 0.000741071875 0.9990782125000001 0.28984375 0.9990782125000001 0.28984375 0.5723575421875
3 0.2816919640625 0.034324021875 0.25278125 0.034324021875 0.25278125 0.06493296093749999 0.2816919640625 0.06493296093749999 0.2816919640625 0.034324021875
3 0.8843571421875 0.27272625625 0.8665669640625 0.27272625625 0.8665669640625 0.30426815625 0.8843571421875 0.30426815625 0.8843571421875 0.27272625625
8 0.174946428125 0.3840446921875 0.1601205359375 0.3840446921875 0.1601205359375 0.4035251390625 0.174946428125 0.4035251390625 0.174946428125 0.3840446921875
8 0.17420089218749998 0.4684636875 0.16382589218750002 0.4684636875 0.16382589218750002 0.487016759375 0.17420089218749998 0.487016759375 0.17420089218749998 0.4684636875
8 0.3335803578125 0.9267206703124999 0.29948214218749997 0.9267206703124999 0.29948214218749997 0.956402234375 0.3335803578125 0.956402234375 0.3335803578125 0.9267206703124999
8 0.2794642859375 0.9128044687499999 0.2609330359375 0.9128044687499999 0.2609330359375 0.9313575421875001 0.2794642859375 0.9313575421875001 0.2794642859375 0.9128044687499999
5 0.5144553578125 0.3144748609375 0.4225357140625 0.3144748609375 0.4225357140625 0.45269273749999994 0.5144553578125 0.45269273749999994 0.5144553578125 0.3144748609375