2 0.94959375 0.0380335203125 0.060785714062499996 0.0380335203125 0.060785714062499996 0.964754190625 0.94959375 0.964754190625 0.94959375 0.0380335203125
8 0.0518883921875 0.29777653593750003 0.0303928578125 0.29777653593750003 0.0303928578125 0.33951955312500004 0.0518883921875 0.33951955312500004 0.0518883921875 0.29777653593750003
8 0.095625 0.33024022343750004 0.060785714062499996 0.33024022343750004 0.060785714062499996 0.3719888265625 0.095625 0.3719888265625 0.095625 0.33024022343750004
8 0.1193482140625 0.3756983234375 0.1008169640625 0.3756983234375 0.1008169640625 0.4155865921875 0.1193482140625 0.4155865921875 0.1193482140625 0.3756983234375
8 0.1756875 0.4888715078125 0.1519642859375 0.4888715078125 0.1519642859375 0.534324021875 0.1756875 0.534324021875 0.1756875 0.4888715078125
8 0.1593794640625 0.514843575 0.09784821406250001 0.514843575 0.09784821406250001 0.589055865625 0.1593794640625 0.589055865625 0.1593794640625 0.514843575
8 0.0889553578125 0.5677206703125 0.061526785937499995 0.5677206703125 0.061526785937499995 0.6233798875 0.0889553578125 0.6233798875 0.0889553578125 0.5677206703125
8 0.081540178125 0.4693910609375 0.044477678124999996 0.4693910609375 0.044477678124999996 0.5603016765625 0.081540178125 0.5603016765625 0.081540178125 0.4693910609375
8 0.193477678125 0.6948100562499999 0.11267410781250001 0.6948100562499999 0.11267410781250001 0.7968491625 0.193477678125 0.7968491625 0.193477678125 0.6948100562499999
8 0.343959821875 0.760670390625 0.31060267812500003 0.760670390625 0.31060267812500003 0.8061284921875 0.343959821875 0.8061284921875 0.343959821875 0.760670390625
8 0.3283928578125 0.8450893859375 0.270571428125 0.8450893859375 0.270571428125 0.995363128125 0.3283928578125 0.995363128125 0.3283928578125 0.8450893859375
8 0.3884375 0.8923966484375001 0.3469241078125 0.8923966484375001 0.3469241078125 0.9517653625 0.3884375 0.9517653625 0.3884375 0.8923966484375001
8 0.3817633921875 0.9341396640624999 0.31653125000000004 0.9341396640624999 0.31653125000000004 0.995363128125 0.3817633921875 0.995363128125 0.3817633921875 0.9341396640624999
8 0.5189017859375 0.535251396875 0.419571428125 0.535251396875 0.419571428125 0.64749720625 0.5189017859375 0.64749720625 0.5189017859375 0.535251396875
8 0.580428571875 0.4202234640625 0.5404017859375 0.4202234640625 0.5404017859375 0.472173184375 0.580428571875 0.472173184375 0.580428571875 0.4202234640625
8 0.5574508921875 0.736553071875 0.49740624999999994 0.736553071875 0.49740624999999994 0.807983240625 0.5574508921875 0.807983240625 0.5574508921875 0.736553071875
8 0.520383928125 0.7643798875 0.4729419640625 0.7643798875 0.4729419640625 0.8209664796875 0.520383928125 0.8209664796875 0.520383928125 0.7643798875
8 0.51075 0.7968491625 0.434397321875 0.7968491625 0.434397321875 0.871061453125 0.51075 0.871061453125 0.51075 0.7968491625
8 0.4358794640625 0.6975921781250001 0.3469241078125 0.6975921781250001 0.3469241078125 0.7708770953124999 0.4358794640625 0.7708770953124999 0.4358794640625 0.6975921781250001
8 0.0659732140625 0.61688826875 0.051147321875 0.61688826875 0.051147321875 0.6372960890625 0.0659732140625 0.6372960890625 0.0659732140625 0.61688826875
8 0.23943750000000003 0.7708770953124999 0.1971830359375 0.7708770953124999 0.1971830359375 0.8014860328125 0.23943750000000003 0.8014860328125 0.23943750000000003 0.7708770953124999