2 0.980727678125 0.011134078125 0.1593794640625 0.011134078125 0.1593794640625 0.9471284921875001 0.980727678125 0.9471284921875001 0.980727678125 0.011134078125
7 0.8435892859375 0.1066815640625 0.8065223218750001 0.1066815640625 0.8065223218750001 0.15862569843750002 0.8435892859375 0.15862569843750002 0.8435892859375 0.1066815640625
7 0.9154910718749999 0.16326815625 0.8658258921875 0.16326815625 0.8658258921875 0.2291284921875 0.9154910718749999 0.2291284921875 0.9154910718749999 0.16326815625
7 0.946625 0.2291284921875 0.9065982140625 0.2291284921875 0.9065982140625 0.28664245781250003 0.946625 0.28664245781250003 0.946625 0.2291284921875
7 0.9977767859375 0.16975977656250002 0.94959375 0.16975977656250002 0.94959375 0.2810782125 0.9977767859375 0.2810782125 0.9977767859375 0.16975977656250002
7 0.960709821875 0.472173184375 0.9317991078125001 0.472173184375 0.9317991078125001 0.5092793296875 0.960709821875 0.5092793296875 0.960709821875 0.472173184375
3 0.2727946421875 0.5157709500000001 0.1793928578125 0.5157709500000001 0.1793928578125 0.6113184359375 0.2727946421875 0.6113184359375 0.2727946421875 0.5157709500000001
5 0.5463303578125001 0.5844189937500001 0.0014821421875 0.5844189937500001 0.0014821421875 0.99072625625 0.5463303578125001 0.99072625625 0.5463303578125001 0.5844189937500001
7 0.144553571875 0.004636871875 0.1104508921875 0.004636871875 0.1104508921875 0.044525139062500003 0.144553571875 0.044525139062500003 0.144553571875 0.004636871875
3 0.3988125 0.097402234375 0.2957767859375 0.097402234375 0.2957767859375 0.20501117343750003 0.3988125 0.20501117343750003 0.3988125 0.097402234375
3 0.3269107140625 0.2671620109375 0.2327633921875 0.2671620109375 0.2327633921875 0.359927375 0.3269107140625 0.359927375 0.3269107140625 0.2671620109375
3 0.4047455359375 0 0.4047455359375 0.5556592171875 0.6730892859375001 0.5556592171875 0.6730892859375001 0 0.4047455359375 0
3 0.4803571421875 0.5769944140625001 0.0029642859375 0.5769944140625001 0.0029642859375 0.760670390625 0.4803571421875 0.760670390625 0.4803571421875 0.5769944140625001
3 0.5841383921875 0.730061453125 0.40103571406249994 0.730061453125 0.40103571406249994 0.995363128125 0.5841383921875 0.995363128125 0.5841383921875 0.730061453125
3 0.298 0.1298715078125 0.1830982140625 0.1298715078125 0.1830982140625 0.26252513906249997 0.298 0.26252513906249997 0.298 0.1298715078125
8 0.2372142859375 0.5296871515625 0.20682142812499998 0.5296871515625 0.20682142812499998 0.5547318437500001 0.2372142859375 0.5547318437500001 0.2372142859375 0.5296871515625
8 0.2483303578125 0.5658659218750001 0.218678571875 0.5658659218750001 0.218678571875 0.5881284921875001 0.2483303578125 0.5881284921875001 0.2483303578125 0.5658659218750001
8 0.63825 0.0315419 0.5997053578125 0.0315419 0.5997053578125 0.07050279375 0.63825 0.07050279375 0.63825 0.0315419
8 0.56115625 0.1382178765625 0.46849553593750004 0.1382178765625 0.46849553593750004 0.2328379890625 0.56115625 0.2328379890625 0.56115625 0.1382178765625
8 0.5500357140625 0.2402625703125 0.492959821875 0.2402625703125 0.492959821875 0.2968491625 0.5500357140625 0.2968491625 0.5500357140625 0.2402625703125
8 0.5411428578125 0.28478770937500003 0.46775446406250004 0.28478770937500003 0.46775446406250004 0.33488268125 0.5411428578125 0.33488268125 0.5411428578125 0.28478770937500003
8 0.6397321421875 0.0640055859375 0.5441071421875 0.0640055859375 0.5441071421875 0.18645810000000002 0.6397321421875 0.18645810000000002 0.6397321421875 0.0640055859375
8 0.8925133921875 0.7940670390625 0.8650848218749999 0.7940670390625 0.8650848218749999 0.8265363125 0.8925133921875 0.8265363125 0.8925133921875 0.7940670390625
8 0.5841383921875 0.4248603359375 0.5478125 0.4248603359375 0.5478125 0.45269273749999994 0.5841383921875 0.45269273749999994 0.5841383921875 0.4248603359375