4 0.7167991078125 0.51953125 0.68359375 0.51953125 0.68359375 0.5917991078125 0.7167991078125 0.5917991078125 0.7167991078125 0.51953125
4 0.875 0.46484375 0.7792991078125 0.46484375 0.7792991078125 0.5917991078125 0.875 0.5917991078125 0.875 0.46484375
4 0.765625 0.6035178578125 0.6894553578125 0.6035178578125 0.6894553578125 0.7265625 0.765625 0.7265625 0.765625 0.6035178578125
4 0.7246116078125 0.7890625 0.5683616078125 0.7890625 0.5683616078125 0.91796875 0.7246116078125 0.91796875 0.7246116078125 0.7890625
4 0.609375 0.8828125 0.44140625 0.8828125 0.44140625 0.9921875 0.609375 0.9921875 0.609375 0.8828125
7 0.9785178578125 0.83984375 0.7890625 0.83984375 0.7890625 0.96875 0.9785178578125 0.96875 0.9785178578125 0.83984375
5 0.3066428578125 0.20703125 0.0546875 0.20703125 0.0546875 0.5546875 0.3066428578125 0.5546875 0.3066428578125 0.20703125
8 0.19921875 0.9785178578125 0.1582053578125 0.9785178578125 0.1582053578125 0.9980491078125 0.19921875 0.9980491078125 0.19921875 0.9785178578125
8 0.6035178578125 0.9121116078125 0.515625 0.9121116078125 0.515625 0.9941428578125 0.6035178578125 0.9941428578125 0.6035178578125 0.9121116078125
8 0.6796875 0.83203125 0.62109375 0.83203125 0.62109375 0.9042991078125 0.6796875 0.9042991078125 0.6796875 0.83203125
8 0.7089866078125 0.5332053578125 0.6855491078125 0.5332053578125 0.6855491078125 0.5761741078125 0.7089866078125 0.5761741078125 0.7089866078125 0.5332053578125
8 0.76171875 0.6796875 0.7246116078125 0.6796875 0.7246116078125 0.7246116078125 0.76171875 0.7246116078125 0.76171875 0.6796875