3 0.7792991078125 0.25 0.64453125 0.25 0.64453125 0.45898660781249995 0.7792991078125 0.45898660781249995 0.7792991078125 0.25
3 0.54296875 0.140625 0.47070535781249995 0.140625 0.47070535781249995 0.23828125 0.54296875 0.23828125 0.54296875 0.140625
3 0.2207053578125 0.265625 0.1816428578125 0.265625 0.1816428578125 0.3144553578125 0.2207053578125 0.3144553578125 0.2207053578125 0.265625
3 0.1308616078125 0.2519553578125 0.0957053578125 0.2519553578125 0.0957053578125 0.32421875 0.1308616078125 0.32421875 0.1308616078125 0.2519553578125
3 0.7207053578125 0.6855491078125 0.6425803578125 0.6855491078125 0.6425803578125 0.796875 0.7207053578125 0.796875 0.7207053578125 0.6855491078125
3 0.6972678578125 0.6152366078125 0.65625 0.6152366078125 0.65625 0.6738303578125 0.6972678578125 0.6738303578125 0.6972678578125 0.6152366078125
8 0.21484375 0.6308616078125 0.029299107812500003 0.6308616078125 0.029299107812500003 0.74609375 0.21484375 0.74609375 0.21484375 0.6308616078125
3 0.40625 0.6855491078125 0.3535178578125 0.6855491078125 0.3535178578125 0.74609375 0.40625 0.74609375 0.40625 0.6855491078125
3 0.3144553578125 0.54296875 0.26953125 0.54296875 0.26953125 0.57421875 0.3144553578125 0.57421875 0.3144553578125 0.54296875
3 0.16015625 0.39453125 0.1269553578125 0.39453125 0.1269553578125 0.44140625 0.16015625 0.44140625 0.16015625 0.39453125
7 0.41796875 0.06640625 0.1171875 0.06640625 0.1171875 0.19921875 0.41796875 0.19921875 0.41796875 0.06640625
4 0.47265625 0 0.47265625 0.01171875 0.7753928578125 0.01171875 0.7753928578125 0 0.47265625 0
4 0.11328125 0.640625 0.025392857812500003 0.640625 0.025392857812500003 0.7421875 0.11328125 0.7421875 0.11328125 0.640625
4 0.19921875 0.6464866078125 0.1484375 0.6464866078125 0.1484375 0.7128928578125 0.19921875 0.7128928578125 0.19921875 0.6464866078125
4 0.7675803578125 0.25 0.640625 0.25 0.640625 0.48046875 0.7675803578125 0.48046875 0.7675803578125 0.25
4 0.67578125 0.6894553578125 0.6464866078125 0.6894553578125 0.6464866078125 0.7207053578125 0.67578125 0.7207053578125 0.67578125 0.6894553578125
4 0.7050803578125 0.73046875 0.6738303578125 0.73046875 0.6738303578125 0.7597678578125 0.7050803578125 0.7597678578125 0.7050803578125 0.73046875
4 0.390625 0.703125 0.3652366078125 0.703125 0.3652366078125 0.7324241078125 0.390625 0.7324241078125 0.390625 0.703125
4 0.5078125 0.51953125 0.49023660781249995 0.51953125 0.49023660781249995 0.546875 0.5078125 0.546875 0.5078125 0.51953125
3 0.3203125 0.00390625 0.2265625 0.00390625 0.2265625 0.03515625 0.3203125 0.03515625 0.3203125 0.00390625
8 0.2949241078125 0.7753928578125 0.234375 0.7753928578125 0.234375 0.79296875 0.2949241078125 0.79296875 0.2949241078125 0.7753928578125
8 0.3222678578125 0.7890625 0.1640625 0.7890625 0.1640625 0.94140625 0.3222678578125 0.94140625 0.3222678578125 0.7890625
8 0.42578125 0.8691428578125 0.3886741078125 0.8691428578125 0.3886741078125 0.91015625 0.42578125 0.91015625 0.42578125 0.8691428578125
8 0.11328125 0.8847678578125 0.0683616078125 0.8847678578125 0.0683616078125 0.9140625 0.11328125 0.9140625 0.11328125 0.8847678578125
8 0.0839866078125 0.8300803578125 0.04296875 0.8300803578125 0.04296875 0.9277366078125 0.0839866078125 0.9277366078125 0.0839866078125 0.8300803578125