4 0.7597678578125 0.2421875 0.6933616078125 0.2421875 0.6933616078125 0.40234375 0.7597678578125 0.40234375 0.7597678578125 0.2421875
4 0.359375 0.07421875 0.265625 0.07421875 0.265625 0.28515625 0.359375 0.28515625 0.359375 0.07421875
4 0.2421875 0.23046875 0.1152366078125 0.23046875 0.1152366078125 0.3613303578125 0.2421875 0.3613303578125 0.2421875 0.23046875
4 0.50390625 0.3691428578125 0.3339866078125 0.3691428578125 0.3339866078125 0.5214866078125 0.50390625 0.5214866078125 0.50390625 0.3691428578125
4 0.47461160781249995 0.2089866078125 0.375 0.2089866078125 0.375 0.34375 0.47461160781249995 0.34375 0.47461160781249995 0.2089866078125
4 0.6640625 0.28515625 0.49609375 0.28515625 0.49609375 0.40234375 0.6640625 0.40234375 0.6640625 0.28515625
4 0.81640625 0.42773660781249995 0.73828125 0.42773660781249995 0.73828125 0.53125 0.81640625 0.53125 0.81640625 0.42773660781249995
4 0.890625 0.52734375 0.8574241078125 0.52734375 0.8574241078125 0.6113303578125 0.890625 0.6113303578125 0.890625 0.52734375
4 0.53515625 0 0.53515625 0.0703125 0.6503928578125 0.0703125 0.6503928578125 0 0.53515625 0
4 0.1640625 0.00390625 0.0859375 0.00390625 0.0859375 0.0605491078125 0.1640625 0.0605491078125 0.1640625 0.00390625
4 0.0917991078125 0.0839866078125 0.015625 0.0839866078125 0.015625 0.1503928578125 0.0917991078125 0.1503928578125 0.0917991078125 0.0839866078125
4 0.1152366078125 0.21484375 0.0019553578125 0.21484375 0.0019553578125 0.2792991078125 0.1152366078125 0.2792991078125 0.1152366078125 0.21484375
4 0.921875 0.3613303578125 0.7597678578125 0.3613303578125 0.7597678578125 0.47070535781249995 0.921875 0.47070535781249995 0.921875 0.3613303578125
4 0.7792991078125 0.5371116078125 0.72265625 0.5371116078125 0.72265625 0.6035178578125 0.7792991078125 0.6035178578125 0.7792991078125 0.5371116078125
4 0.453125 0.51171875 0.40820535781249995 0.51171875 0.40820535781249995 0.5566428578125 0.453125 0.5566428578125 0.453125 0.51171875
4 0.3300803578125 0.3144553578125 0.2363303578125 0.3144553578125 0.2363303578125 0.3808616078125 0.3300803578125 0.3808616078125 0.3300803578125 0.3144553578125
4 0.2734375 0.3808616078125 0.1777366078125 0.3808616078125 0.1777366078125 0.4375 0.2734375 0.4375 0.2734375 0.3808616078125
4 0.3457053578125 0.3886741078125 0.3066428578125 0.3886741078125 0.3066428578125 0.42773660781249995 0.3457053578125 0.42773660781249995 0.3457053578125 0.3886741078125
8 0.27734375 0.00390625 0.203125 0.00390625 0.203125 0.0566428578125 0.27734375 0.0566428578125 0.27734375 0.00390625
2 0.9921875 0.00390625 0.0058616078125 0.00390625 0.0058616078125 0.9921875 0.9921875 0.9921875 0.9921875 0.00390625
4 0.2265625 0.625 0.1542991078125 0.625 0.1542991078125 0.6816428578125 0.2265625 0.6816428578125 0.2265625 0.625
4 0.12109375 0.7011741078125 0.0214866078125 0.7011741078125 0.0214866078125 0.78125 0.12109375 0.78125 0.12109375 0.7011741078125
4 0.7207053578125 0.4609375 0.609375 0.4609375 0.609375 0.59375 0.7207053578125 0.59375 0.7207053578125 0.4609375
4 0.74609375 0.3984375 0.7050803578125 0.3984375 0.7050803578125 0.46484375 0.74609375 0.46484375 0.74609375 0.3984375