5 0.99609375 0.0019553578125 0.0019553578125 0.0019553578125 0.0019553578125 0.6191428578125 0.99609375 0.6191428578125 0.99609375 0.0019553578125
3 0.9941428578125 0.2519553578125 0.8417991078125 0.2519553578125 0.8417991078125 0.5097678578125 0.9941428578125 0.5097678578125 0.9941428578125 0.2519553578125
3 0.9511741078125 0.5175803578125 0.9082053578125 0.5175803578125 0.9082053578125 0.5839866078125 0.9511741078125 0.5839866078125 0.9511741078125 0.5175803578125
3 0.75390625 0.6699241078125 0.7109375 0.6699241078125 0.7109375 0.71875 0.75390625 0.71875 0.75390625 0.6699241078125
3 0.2441428578125 0.3730491078125 0.2050803578125 0.3730491078125 0.2050803578125 0.41992410781249995 0.2441428578125 0.41992410781249995 0.2441428578125 0.3730491078125
3 0.80078125 0.1074241078125 0.71875 0.1074241078125 0.71875 0.20703125 0.80078125 0.20703125 0.80078125 0.1074241078125
3 0.5996116078125 0.1035178578125 0.5390625 0.1035178578125 0.5390625 0.1933616078125 0.5996116078125 0.1933616078125 0.5996116078125 0.1035178578125
3 0.48828125 0.609375 0.41796875 0.609375 0.41796875 0.6699241078125 0.48828125 0.6699241078125 0.48828125 0.609375
4 0.37109375 0.66015625 0.2265625 0.66015625 0.2265625 0.83203125 0.37109375 0.83203125 0.37109375 0.66015625
7 0.2011741078125 0.7480491078125 0.0136741078125 0.7480491078125 0.0136741078125 0.9921875 0.2011741078125 0.9921875 0.2011741078125 0.7480491078125
3 0.21484375 0.18359375 0.1933616078125 0.18359375 0.1933616078125 0.21484375 0.21484375 0.21484375 0.21484375 0.18359375
3 0.27734375 0.12890625 0.2519553578125 0.12890625 0.2519553578125 0.15625 0.27734375 0.15625 0.27734375 0.12890625
3 0.1582053578125 0.1640625 0.1328125 0.1640625 0.1328125 0.1953125 0.1582053578125 0.1953125 0.1582053578125 0.1640625
3 0.0917991078125 0.2636741078125 0.0371116078125 0.2636741078125 0.0371116078125 0.3027366078125 0.0917991078125 0.3027366078125 0.0917991078125 0.2636741078125
3 0.2441428578125 0.4375 0.2207053578125 0.4375 0.2207053578125 0.46679910781249995 0.2441428578125 0.46679910781249995 0.2441428578125 0.4375
3 0.84375 0.2988303578125 0.69921875 0.2988303578125 0.69921875 0.41992410781249995 0.84375 0.41992410781249995 0.84375 0.2988303578125
3 0.73046875 0.5703125 0.6933616078125 0.5703125 0.6933616078125 0.6113303578125 0.73046875 0.6113303578125 0.73046875 0.5703125
3 0.7402366078125 0.8183616078125 0.6035178578125 0.8183616078125 0.6035178578125 0.9863303578125 0.7402366078125 0.9863303578125 0.7402366078125 0.8183616078125
3 0.7910178578125 0.73828125 0.7128928578125 0.73828125 0.7128928578125 0.8066428578125 0.7910178578125 0.8066428578125 0.7910178578125 0.73828125
3 0.7109375 0.7050803578125 0.64453125 0.7050803578125 0.64453125 0.7636741078125 0.7109375 0.7636741078125 0.7109375 0.7050803578125