3 0.9824241078125 0.078125 0.64453125 0.078125 0.64453125 0.2949241078125 0.9824241078125 0.2949241078125 0.9824241078125 0.078125
3 0.9199241078125 0.3828125 0.75390625 0.3828125 0.75390625 0.5253928578125 0.9199241078125 0.5253928578125 0.9199241078125 0.3828125
3 0.57421875 0.7441428578125 0.43945535781249995 0.7441428578125 0.43945535781249995 0.98828125 0.57421875 0.98828125 0.57421875 0.7441428578125
3 0.25390625 0.65234375 0.1972678578125 0.65234375 0.1972678578125 0.7324241078125 0.25390625 0.7324241078125 0.25390625 0.65234375
5 0.67578125 0.1894553578125 0.1855491078125 0.1894553578125 0.1855491078125 0.55859375 0.67578125 0.55859375 0.67578125 0.1894553578125
7 0.97265625 0.7910178578125 0.7167991078125 0.7910178578125 0.7167991078125 0.984375 0.97265625 0.984375 0.97265625 0.7910178578125
3 0.6347678578125 0.765625 0.6015625 0.765625 0.6015625 0.8144553578125 0.6347678578125 0.8144553578125 0.6347678578125 0.765625
3 0.9785178578125 0.5449241078125 0.9316428578125 0.5449241078125 0.9316428578125 0.63671875 0.9785178578125 0.63671875 0.9785178578125 0.5449241078125
3 0.95703125 0.41601785781249995 0.93359375 0.41601785781249995 0.93359375 0.44726785781249995 0.95703125 0.44726785781249995 0.95703125 0.41601785781249995
3 0.9707053578125 0.38671875 0.9472678578125 0.38671875 0.9472678578125 0.41015625 0.9707053578125 0.41015625 0.9707053578125 0.38671875
4 0.8222678578125 0.44726785781249995 0.8027366078125 0.44726785781249995 0.8027366078125 0.47070535781249995 0.8222678578125 0.47070535781249995 0.8222678578125 0.44726785781249995
4 0.8964866078125 0.484375 0.8730491078125 0.484375 0.8730491078125 0.5097678578125 0.8964866078125 0.5097678578125 0.8964866078125 0.484375
4 0.87890625 0.08203125 0.8496116078125 0.08203125 0.8496116078125 0.1015625 0.87890625 0.1015625 0.87890625 0.08203125
4 0.9140625 0.0996116078125 0.890625 0.0996116078125 0.890625 0.1230491078125 0.9140625 0.1230491078125 0.9140625 0.0996116078125
4 0.5957053578125 0.5996116078125 0.5683616078125 0.5996116078125 0.5683616078125 0.6269553578125 0.5957053578125 0.6269553578125 0.5957053578125 0.5996116078125
4 0.6113303578125 0.6464866078125 0.55859375 0.6464866078125 0.55859375 0.69921875 0.6113303578125 0.69921875 0.6113303578125 0.6464866078125
4 0.2480491078125 0.66015625 0.203125 0.66015625 0.203125 0.7324241078125 0.2480491078125 0.7324241078125 0.2480491078125 0.66015625
4 0.55859375 0.7441428578125 0.48633035781249995 0.7441428578125 0.48633035781249995 0.98828125 0.55859375 0.98828125 0.55859375 0.7441428578125
4 0.5 0.8105491078125 0.45703125 0.8105491078125 0.45703125 0.9863303578125 0.5 0.9863303578125 0.5 0.8105491078125
4 0.96484375 0.5488303578125 0.9394553578125 0.5488303578125 0.9394553578125 0.5800803578125 0.96484375 0.5800803578125 0.96484375 0.5488303578125