4 0.41601785781249995 0.0058616078125 0.2636741078125 0.0058616078125 0.2636741078125 0.1953125 0.41601785781249995 0.1953125 0.41601785781249995 0.0058616078125
3 0.48828125 0.5019553578125 0.1621116078125 0.5019553578125 0.1621116078125 0.88671875 0.48828125 0.88671875 0.48828125 0.5019553578125
4 0.9003928578125 0.6542991078125 0.7636741078125 0.6542991078125 0.7636741078125 0.8066428578125 0.9003928578125 0.8066428578125 0.9003928578125 0.6542991078125
4 0.8730491078125 0.5 0.7890625 0.5 0.7890625 0.57421875 0.8730491078125 0.57421875 0.8730491078125 0.5
4 0.7089866078125 0.3378928578125 0.6484375 0.3378928578125 0.6484375 0.3984375 0.7089866078125 0.3984375 0.7089866078125 0.3378928578125
4 0.9121116078125 0.2363303578125 0.875 0.2363303578125 0.875 0.28125 0.9121116078125 0.28125 0.9121116078125 0.2363303578125
8 0.06640625 0.1796875 0.0019553578125 0.1796875 0.0019553578125 0.2480491078125 0.06640625 0.2480491078125 0.06640625 0.1796875
8 0.1308616078125 0.078125 0.0625 0.078125 0.0625 0.19140625 0.1308616078125 0.19140625 0.1308616078125 0.078125
4 0.3652366078125 0.8261741078125 0.0332053578125 0.8261741078125 0.0332053578125 0.9902366078125 0.3652366078125 0.9902366078125 0.3652366078125 0.8261741078125
5 0.9746116078125 0.0175803578125 0.65234375 0.0175803578125 0.65234375 0.6699241078125 0.9746116078125 0.6699241078125 0.9746116078125 0.0175803578125
3 0.5761741078125 0.2011741078125 0.5527366078125 0.2011741078125 0.5527366078125 0.2285178578125 0.5761741078125 0.2285178578125 0.5761741078125 0.2011741078125
4 0.47851785781249995 0.51171875 0.17578125 0.51171875 0.17578125 0.87890625 0.47851785781249995 0.87890625 0.47851785781249995 0.51171875
4 0.7089866078125 0.5605491078125 0.6386741078125 0.5605491078125 0.6386741078125 0.6894553578125 0.7089866078125 0.6894553578125 0.7089866078125 0.5605491078125
8 0.2558616078125 0.66015625 0.2089866078125 0.66015625 0.2089866078125 0.6972678578125 0.2558616078125 0.6972678578125 0.2558616078125 0.66015625
8 0.3222678578125 0.0136741078125 0.2890625 0.0136741078125 0.2890625 0.1113303578125 0.3222678578125 0.1113303578125 0.3222678578125 0.0136741078125
8 0.28515625 0.0722678578125 0.2675803578125 0.0722678578125 0.2675803578125 0.0996116078125 0.28515625 0.0996116078125 0.28515625 0.0722678578125
8 0.3359375 0.9003928578125 0.1699241078125 0.9003928578125 0.1699241078125 0.9980491078125 0.3359375 0.9980491078125 0.3359375 0.9003928578125
8 0.1660178578125 0.94921875 0.0839866078125 0.94921875 0.0839866078125 0.9941428578125 0.1660178578125 0.9941428578125 0.1660178578125 0.94921875