3 0.98046875 0.0800803578125 0.6738303578125 0.0800803578125 0.6738303578125 0.3125 0.98046875 0.3125 0.98046875 0.0800803578125
3 0.9589866078125 0.3203125 0.71875 0.3203125 0.71875 0.52734375 0.9589866078125 0.52734375 0.9589866078125 0.3203125
3 0.6933616078125 0.63671875 0.5566428578125 0.63671875 0.5566428578125 0.8359375 0.6933616078125 0.8359375 0.6933616078125 0.63671875
3 0.6152366078125 0.83203125 0.49414285781249995 0.83203125 0.49414285781249995 0.98828125 0.6152366078125 0.98828125 0.6152366078125 0.83203125
3 0.2441428578125 0.70703125 0.1796875 0.70703125 0.1796875 0.7890625 0.2441428578125 0.7890625 0.2441428578125 0.70703125
3 0.3222678578125 0.7636741078125 0.27734375 0.7636741078125 0.27734375 0.80859375 0.3222678578125 0.80859375 0.3222678578125 0.7636741078125
7 0.8925803578125 0.9199241078125 0.7890625 0.9199241078125 0.7890625 0.98828125 0.8925803578125 0.98828125 0.8925803578125 0.9199241078125
5 0.78125 0.1796875 0.1738303578125 0.1796875 0.1738303578125 0.59765625 0.78125 0.59765625 0.78125 0.1796875
3 0.7109375 0.8769553578125 0.6621116078125 0.8769553578125 0.6621116078125 0.91796875 0.7109375 0.91796875 0.7109375 0.8769553578125
3 0.9921875 0.5058616078125 0.9453125 0.5058616078125 0.9453125 0.5449241078125 0.9921875 0.5449241078125 0.9921875 0.5058616078125
3 0.6777366078125 0.2441428578125 0.62890625 0.2441428578125 0.62890625 0.3203125 0.6777366078125 0.3203125 0.6777366078125 0.2441428578125
3 0.6230491078125 0.515625 0.59765625 0.515625 0.59765625 0.59375 0.6230491078125 0.59375 0.6230491078125 0.515625
3 0.3691428578125 0.6503928578125 0.3339866078125 0.6503928578125 0.3339866078125 0.6816428578125 0.3691428578125 0.6816428578125 0.3691428578125 0.6503928578125
3 0.15625 0.453125 0.11328125 0.453125 0.11328125 0.4921875 0.15625 0.4921875 0.15625 0.453125
3 0.04296875 0.2832053578125 0.0097678578125 0.2832053578125 0.0097678578125 0.3183616078125 0.04296875 0.3183616078125 0.04296875 0.2832053578125
3 0.59375 0.0449241078125 0.5410178578125 0.0449241078125 0.5410178578125 0.1191428578125 0.59375 0.1191428578125 0.59375 0.0449241078125
3 0.51953125 0.6796875 0.4921875 0.6796875 0.4921875 0.703125 0.51953125 0.703125 0.51953125 0.6796875
3 0.5996116078125 0.7011741078125 0.546875 0.7011741078125 0.546875 0.7441428578125 0.5996116078125 0.7441428578125 0.5996116078125 0.7011741078125
3 0.5410178578125 0.9238303578125 0.4765625 0.9238303578125 0.4765625 0.9902366078125 0.5410178578125 0.9902366078125 0.5410178578125 0.9238303578125