4 0.80859375 0.2871116078125 0.7109375 0.2871116078125 0.7109375 0.3808616078125 0.80859375 0.3808616078125 0.80859375 0.2871116078125
4 0.1269553578125 0.49023660781249995 0.0839866078125 0.49023660781249995 0.0839866078125 0.5332053578125 0.1269553578125 0.5332053578125 0.1269553578125 0.49023660781249995
4 0.14453125 0.5605491078125 0.0722678578125 0.5605491078125 0.0722678578125 0.6113303578125 0.14453125 0.6113303578125 0.14453125 0.5605491078125
4 0.5703125 0.24609375 0.5253928578125 0.24609375 0.5253928578125 0.2890625 0.5703125 0.2890625 0.5703125 0.24609375
3 0.78515625 0.6875 0.6699241078125 0.6875 0.6699241078125 0.83984375 0.78515625 0.83984375 0.78515625 0.6875
3 0.7285178578125 0.85546875 0.6640625 0.85546875 0.6640625 0.8984375 0.7285178578125 0.8984375 0.7285178578125 0.85546875
3 0.65625 0.796875 0.5761741078125 0.796875 0.5761741078125 0.8925803578125 0.65625 0.8925803578125 0.65625 0.796875
3 0.6503928578125 0.9355491078125 0.60546875 0.9355491078125 0.60546875 0.99609375 0.6503928578125 0.99609375 0.6503928578125 0.9355491078125
3 0.5839866078125 0.92578125 0.5234375 0.92578125 0.5234375 0.9980491078125 0.5839866078125 0.9980491078125 0.5839866078125 0.92578125
8 0.72265625 0.8613303578125 0.66796875 0.8613303578125 0.66796875 0.8925803578125 0.72265625 0.8925803578125 0.72265625 0.8613303578125
8 0.765625 0.8027366078125 0.6796875 0.8027366078125 0.6796875 0.84375 0.765625 0.84375 0.765625 0.8027366078125
8 0.64453125 0.9472678578125 0.6191428578125 0.9472678578125 0.6191428578125 0.96875 0.64453125 0.96875 0.64453125 0.9472678578125
8 0.6152366078125 0.828125 0.5878928578125 0.828125 0.5878928578125 0.890625 0.6152366078125 0.890625 0.6152366078125 0.828125
8 0.65234375 0.7988303578125 0.6035178578125 0.7988303578125 0.6035178578125 0.8300803578125 0.65234375 0.8300803578125 0.65234375 0.7988303578125
4 0.1015625 0.7871116078125 0.03515625 0.7871116078125 0.03515625 0.921875 0.1015625 0.921875 0.1015625 0.7871116078125