4 0.54296875 0.3144553578125 0.46875 0.3144553578125 0.46875 0.390625 0.54296875 0.390625 0.54296875 0.3144553578125
4 0.2246116078125 0.0703125 0.109375 0.0703125 0.109375 0.1816428578125 0.2246116078125 0.1816428578125 0.2246116078125 0.0703125
4 0.2109375 0.5722678578125 0.1660178578125 0.5722678578125 0.1660178578125 0.6328125 0.2109375 0.6328125 0.2109375 0.5722678578125
4 0.44140625 0.32421875 0.3203125 0.32421875 0.3203125 0.5058616078125 0.44140625 0.5058616078125 0.44140625 0.32421875
4 0.1347678578125 0.4296875 0.0078125 0.4296875 0.0078125 0.6308616078125 0.1347678578125 0.6308616078125 0.1347678578125 0.4296875
4 0.2832053578125 0.28515625 0.1328125 0.28515625 0.1328125 0.4765625 0.2832053578125 0.4765625 0.2832053578125 0.28515625
4 0.42383035781249995 0.16796875 0.2832053578125 0.16796875 0.2832053578125 0.29296875 0.42383035781249995 0.29296875 0.42383035781249995 0.16796875
4 0.55078125 0.09765625 0.42773660781249995 0.09765625 0.42773660781249995 0.23828125 0.55078125 0.23828125 0.55078125 0.09765625
4 0.93359375 0.0410178578125 0.5488303578125 0.0410178578125 0.5488303578125 0.1484375 0.93359375 0.1484375 0.93359375 0.0410178578125
4 0.81640625 0.4453125 0.7792991078125 0.4453125 0.7792991078125 0.5 0.81640625 0.5 0.81640625 0.4453125
4 0.56640625 0.6484375 0.5253928578125 0.6484375 0.5253928578125 0.7207053578125 0.56640625 0.7207053578125 0.56640625 0.6484375
8 0.7871116078125 0.9511741078125 0.6796875 0.9511741078125 0.6796875 0.99609375 0.7871116078125 0.99609375 0.7871116078125 0.9511741078125
7 0.07421875 0.7832053578125 0.0078125 0.7832053578125 0.0078125 0.8730491078125 0.07421875 0.8730491078125 0.07421875 0.7832053578125
5 0.73828125 0.3125 0.3183616078125 0.3125 0.3183616078125 0.8515625 0.73828125 0.8515625 0.73828125 0.3125
4 0.1308616078125 0.6464866078125 0.0097678578125 0.6464866078125 0.0097678578125 0.90234375 0.1308616078125 0.90234375 0.1308616078125 0.6464866078125
1 0.8808616078125 0.3925803578125 0.64453125 0.3925803578125 0.64453125 0.9042991078125 0.8808616078125 0.9042991078125 0.8808616078125 0.3925803578125
1 0.8828125 0.875 0.8144553578125 0.875 0.8144553578125 0.98046875 0.8828125 0.98046875 0.8828125 0.875
1 0.6464866078125 0.54296875 0.0761741078125 0.54296875 0.0761741078125 0.9921875 0.6464866078125 0.9921875 0.6464866078125 0.54296875
4 0.44726785781249995 0.79296875 0.41796875 0.79296875 0.41796875 0.8417991078125 0.44726785781249995 0.8417991078125 0.44726785781249995 0.79296875