3 0.2988303578125 0.65625 0.25390625 0.65625 0.25390625 0.7167991078125 0.2988303578125 0.7167991078125 0.2988303578125 0.65625
3 0.234375 0.80078125 0.19140625 0.80078125 0.19140625 0.859375 0.234375 0.859375 0.234375 0.80078125
4 0.1582053578125 0.8457053578125 0.0703125 0.8457053578125 0.0703125 0.9238303578125 0.1582053578125 0.9238303578125 0.1582053578125 0.8457053578125
3 0.5253928578125 0.2441428578125 0.40234375 0.2441428578125 0.40234375 0.3671875 0.5253928578125 0.3671875 0.5253928578125 0.2441428578125
3 0.8457053578125 0.6875 0.80078125 0.6875 0.80078125 0.7480491078125 0.8457053578125 0.7480491078125 0.8457053578125 0.6875
3 0.5996116078125 0.8964866078125 0.4453125 0.8964866078125 0.4453125 0.98046875 0.5996116078125 0.98046875 0.5996116078125 0.8964866078125
5 0.98046875 0.0136741078125 0.46484375 0.0136741078125 0.46484375 0.52734375 0.98046875 0.52734375 0.98046875 0.0136741078125
4 0.5019553578125 0.2597678578125 0.421875 0.2597678578125 0.421875 0.34765625 0.5019553578125 0.34765625 0.5019553578125 0.2597678578125
8 0.41796875 0.13671875 0.34375 0.13671875 0.34375 0.2441428578125 0.41796875 0.2441428578125 0.41796875 0.13671875
8 0.3261741078125 0.2871116078125 0.25390625 0.2871116078125 0.25390625 0.39453125 0.3261741078125 0.39453125 0.3261741078125 0.2871116078125
8 0.2421875 0.375 0.1542991078125 0.375 0.1542991078125 0.44140625 0.2421875 0.44140625 0.2421875 0.375
4 0.6269553578125 0.70703125 0.58984375 0.70703125 0.58984375 0.734375 0.6269553578125 0.734375 0.6269553578125 0.70703125
4 0.5917991078125 0.9082053578125 0.55859375 0.9082053578125 0.55859375 0.9589866078125 0.5917991078125 0.9589866078125 0.5917991078125 0.9082053578125
4 0.38671875 0.1894553578125 0.3496116078125 0.1894553578125 0.3496116078125 0.2402366078125 0.38671875 0.2402366078125 0.38671875 0.1894553578125
4 0.40820535781249995 0.1386741078125 0.37890625 0.1386741078125 0.37890625 0.19921875 0.40820535781249995 0.19921875 0.40820535781249995 0.1386741078125
4 0.4453125 0 0.4453125 0.06640625 0.5761741078125 0.06640625 0.5761741078125 0 0.4453125 0
3 0.44726785781249995 0.515625 0.421875 0.515625 0.421875 0.5371116078125 0.44726785781249995 0.5371116078125 0.44726785781249995 0.515625
3 0.2578125 0.44921875 0.2246116078125 0.44921875 0.2246116078125 0.48242410781249995 0.2578125 0.48242410781249995 0.2578125 0.44921875
3 0.390625 0.6796875 0.3671875 0.6796875 0.3671875 0.703125 0.390625 0.703125 0.390625 0.6796875
8 0 0.39453125 0.1933616078125 0.39453125 0.1933616078125 0.11328125 0 0.11328125 0 0.39453125
8 0.2832053578125 0.0019553578125 0.171875 0.0019553578125 0.171875 0.1074241078125 0.2832053578125 0.1074241078125 0.2832053578125 0.0019553578125
4 0 0.41796875 0.0917991078125 0.41796875 0.0917991078125 0.0019553578125 0 0.0019553578125 0 0.41796875
4 0.09375 0 0.09375 0.359375 0.1777366078125 0.359375 0.1777366078125 0 0.09375 0
4 0.1777366078125 0 0.1777366078125 0.2753928578125 0.37890625 0.2753928578125 0.37890625 0 0.1777366078125 0
4 0.87890625 0.1015625 0.83984375 0.1015625 0.83984375 0.33984375 0.87890625 0.33984375 0.87890625 0.1015625
4 0.9550803578125 0.27734375 0.9121116078125 0.27734375 0.9121116078125 0.3300803578125 0.9550803578125 0.3300803578125 0.9550803578125 0.27734375
4 0.8964866078125 0.16796875 0.87890625 0.16796875 0.87890625 0.2246116078125 0.8964866078125 0.2246116078125 0.8964866078125 0.16796875
4 0.9042991078125 0.2167991078125 0.8964866078125 0.2167991078125 0.8964866078125 0.2285178578125 0.9042991078125 0.2285178578125 0.9042991078125 0.2167991078125
4 0.92578125 0.2402366078125 0.91015625 0.2402366078125 0.91015625 0.2597678578125 0.92578125 0.2597678578125 0.92578125 0.2402366078125
4 0.953125 0.0839866078125 0.9003928578125 0.0839866078125 0.9003928578125 0.14453125 0.953125 0.14453125 0.953125 0.0839866078125