5 0.7089866078125 0.029299107812500003 0.19140625 0.029299107812500003 0.19140625 0.40820535781249995 0.7089866078125 0.40820535781249995 0.7089866078125 0.029299107812500003
7 0.72265625 0.0078125 0.44336160781249995 0.0078125 0.44336160781249995 0.1074241078125 0.72265625 0.1074241078125 0.72265625 0.0078125
7 0.9902366078125 0.0839866078125 0.82421875 0.0839866078125 0.82421875 0.9453125 0.9902366078125 0.9453125 0.9902366078125 0.0839866078125
8 0.0878928578125 0.5605491078125 0.0332053578125 0.5605491078125 0.0332053578125 0.71484375 0.0878928578125 0.71484375 0.0878928578125 0.5605491078125
8 0.1191428578125 0.5957053578125 0.0722678578125 0.5957053578125 0.0722678578125 0.62890625 0.1191428578125 0.62890625 0.1191428578125 0.5957053578125
8 0.10546875 0.45898660781249995 0.06640625 0.45898660781249995 0.06640625 0.5058616078125 0.10546875 0.5058616078125 0.10546875 0.45898660781249995
8 0.0917991078125 0.3574241078125 0.0546875 0.3574241078125 0.0546875 0.40039285781249995 0.0917991078125 0.40039285781249995 0.0917991078125 0.3574241078125
8 0.2832053578125 0.3066428578125 0.140625 0.3066428578125 0.140625 0.43164285781249995 0.2832053578125 0.43164285781249995 0.2832053578125 0.3066428578125
8 0.23828125 0.4609375 0.18359375 0.4609375 0.18359375 0.5371116078125 0.23828125 0.5371116078125 0.23828125 0.4609375
8 0.2792991078125 0.515625 0.23046875 0.515625 0.23046875 0.59765625 0.2792991078125 0.59765625 0.2792991078125 0.515625
8 0.5019553578125 0.1230491078125 0.4609375 0.1230491078125 0.4609375 0.1582053578125 0.5019553578125 0.1582053578125 0.5019553578125 0.1230491078125
8 0.47461160781249995 0.16015625 0.42773660781249995 0.16015625 0.42773660781249995 0.2324241078125 0.47461160781249995 0.2324241078125 0.47461160781249995 0.16015625
8 0.5332053578125 0.2207053578125 0.45508035781249995 0.2207053578125 0.45508035781249995 0.2753928578125 0.5332053578125 0.2753928578125 0.5332053578125 0.2207053578125
8 0.390625 0.32421875 0.34765625 0.32421875 0.34765625 0.3574241078125 0.390625 0.3574241078125 0.390625 0.32421875
8 0.1660178578125 0.1640625 0.1230491078125 0.1640625 0.1230491078125 0.2089866078125 0.1660178578125 0.2089866078125 0.1660178578125 0.1640625
8 0.1796875 0.5566428578125 0.16015625 0.5566428578125 0.16015625 0.5722678578125 0.1796875 0.5722678578125 0.1796875 0.5566428578125
8 0.3925803578125 0.43945535781249995 0.3261741078125 0.43945535781249995 0.3261741078125 0.47265625 0.3925803578125 0.47265625 0.3925803578125 0.43945535781249995
8 0.3496116078125 0.2480491078125 0.32421875 0.2480491078125 0.32421875 0.26953125 0.3496116078125 0.26953125 0.3496116078125 0.2480491078125
8 0.2128928578125 0.2441428578125 0.1640625 0.2441428578125 0.1640625 0.2890625 0.2128928578125 0.2890625 0.2128928578125 0.2441428578125
8 0.42773660781249995 0.26953125 0.40820535781249995 0.26953125 0.40820535781249995 0.2910178578125 0.42773660781249995 0.2910178578125 0.42773660781249995 0.26953125
8 0.42773660781249995 0.3105491078125 0.40820535781249995 0.3105491078125 0.40820535781249995 0.3261741078125 0.42773660781249995 0.3261741078125 0.42773660781249995 0.3105491078125
8 0.42578125 0.3417991078125 0.40429910781249995 0.3417991078125 0.40429910781249995 0.3613303578125 0.42578125 0.3613303578125 0.42578125 0.3417991078125
8 0.3691428578125 0.3828125 0.2890625 0.3828125 0.2890625 0.40625 0.3691428578125 0.40625 0.3691428578125 0.3828125
8 0.3886741078125 0.3515625 0.3613303578125 0.3515625 0.3613303578125 0.37109375 0.3886741078125 0.37109375 0.3886741078125 0.3515625
8 0.2363303578125 0.2050803578125 0.21875 0.2050803578125 0.21875 0.22265625 0.2363303578125 0.22265625 0.2363303578125 0.2050803578125
8 0.2792991078125 0.1855491078125 0.2597678578125 0.1855491078125 0.2597678578125 0.21484375 0.2792991078125 0.21484375 0.2792991078125 0.1855491078125
8 0.0546875 0.3261741078125 0.0410178578125 0.3261741078125 0.0410178578125 0.3496116078125 0.0546875 0.3496116078125 0.0546875 0.3261741078125
8 0.0683616078125 0.4921875 0.0546875 0.4921875 0.0546875 0.51953125 0.0683616078125 0.51953125 0.0683616078125 0.4921875
8 0.0175803578125 0.5175803578125 0.00390625 0.5175803578125 0.00390625 0.5488303578125 0.0175803578125 0.5488303578125 0.0175803578125 0.5175803578125