6 0.5085267859375 0.0027821234375 0.3721294640625 0.0027821234375 0.3721294640625 0.4035251390625 0.5085267859375 0.4035251390625 0.5085267859375 0.0027821234375
8 0.2238705359375 0.8126201125 0.19051339218750002 0.8126201125 0.19051339218750002 0.8487988828124999 0.2238705359375 0.8487988828124999 0.2238705359375 0.8126201125
8 0.2498125 0.8970335203124999 0.2031116078125 0.8970335203124999 0.2031116078125 0.9230111734375 0.2498125 0.9230111734375 0.2498125 0.8970335203124999
8 0.2416607140625 0.8682793296875 0.225352678125 0.8682793296875 0.225352678125 0.8886871515625 0.2416607140625 0.8886871515625 0.2416607140625 0.8682793296875
8 0.2609330359375 0.83581005625 0.230540178125 0.83581005625 0.230540178125 0.870134078125 0.2609330359375 0.870134078125 0.2609330359375 0.83581005625
8 0.2913258921875 0.7782960890624999 0.2483303578125 0.7782960890624999 0.2483303578125 0.8367374296874999 0.2913258921875 0.8367374296874999 0.2913258921875 0.7782960890624999
8 0.3765758921875 0.718 0.34321875 0.718 0.34321875 0.7736592171875001 0.3765758921875 0.7736592171875001 0.3765758921875 0.718
8 0.3143080359375 0.74118994375 0.2965178578125 0.74118994375 0.2965178578125 0.768094971875 0.3143080359375 0.768094971875 0.3143080359375 0.74118994375
8 0.52928125 0.807983240625 0.4988883921875 0.807983240625 0.4988883921875 0.840446928125 0.52928125 0.840446928125 0.52928125 0.807983240625
8 0.5663437499999999 0.82003910625 0.5441071421875 0.82003910625 0.5441071421875 0.8506536312499999 0.5663437499999999 0.8506536312499999 0.5663437499999999 0.82003910625
8 0.5922901781250001 0.824675978125 0.5707946421875 0.824675978125 0.5707946421875 0.846944134375 0.5922901781250001 0.846944134375 0.5922901781250001 0.824675978125
8 0.6367678578125 0.82003910625 0.6130446421875 0.82003910625 0.6130446421875 0.846944134375 0.6367678578125 0.846944134375 0.6367678578125 0.82003910625
8 0.601928571875 0.7820055859374999 0.5745 0.7820055859374999 0.5745 0.80426815625 0.601928571875 0.80426815625 0.601928571875 0.7820055859374999
8 0.6212008921875001 0.8562178765624999 0.6048928578125 0.8562178765624999 0.6048928578125 0.8886871515625 0.6212008921875001 0.8886871515625 0.6212008921875001 0.8562178765624999
8 0.510008928125 0.909094971875 0.471459821875 0.909094971875 0.471459821875 0.9313575421875001 0.510008928125 0.9313575421875001 0.510008928125 0.909094971875
8 0.5129732140625001 0.9313575421875001 0.49221428593749994 0.9313575421875001 0.49221428593749994 0.964754190625 0.5129732140625001 0.964754190625 0.5129732140625001 0.9313575421875001
8 0.47590625 0.89888826875 0.4551517859375 0.89888826875 0.4551517859375 0.9192960890625 0.47590625 0.9192960890625 0.47590625 0.89888826875
8 0.0103794640625 0.635441340625 0.000741071875 0.635441340625 0.000741071875 0.6734748609375 0.0103794640625 0.6734748609375 0.0103794640625 0.635441340625
8 0.1289866078125 0.018553071875 0.11267410781250001 0.018553071875 0.11267410781250001 0.0463798875 0.1289866078125 0.0463798875 0.1289866078125 0.018553071875
8 0.962196428125 0.3367374296875 0.9266116078125 0.3367374296875 0.9266116078125 0.3914692734375 0.962196428125 0.3914692734375 0.962196428125 0.3367374296875
8 0.9925892859375001 0.42578770937500005 0.9540401781250001 0.42578770937500005 0.9540401781250001 0.49443575468749995 0.9925892859375001 0.49443575468749995 0.9925892859375001 0.42578770937500005
8 0.9940714281249999 0.2987039109375 0.962196428125 0.2987039109375 0.962196428125 0.34322905000000004 0.9940714281249999 0.34322905000000004 0.9940714281249999 0.2987039109375
8 0.9199419640625001 0.34693854687500003 0.8472946421875 0.34693854687500003 0.8472946421875 0.4155865921875 0.9199419640625001 0.4155865921875 0.9199419640625001 0.34693854687500003
7 0.8591562500000001 0.254173184375 0.5715357140624999 0.254173184375 0.5715357140624999 0.60111731875 0.8591562500000001 0.60111731875 0.8591562500000001 0.254173184375
3 0.940696428125 0.42115083750000004 0.9169776781250001 0.42115083750000004 0.9169776781250001 0.4554748609375 0.940696428125 0.4554748609375 0.940696428125 0.42115083750000004
3 0.9117857140625001 0.4276480453125 0.8895491078125 0.4276480453125 0.8895491078125 0.46382122968750006 0.9117857140625001 0.46382122968750006 0.9117857140625001 0.4276480453125
3 0.8524821421875 0.534324021875 0.8139375 0.534324021875 0.8139375 0.589055865625 0.8524821421875 0.589055865625 0.8524821421875 0.534324021875
3 0.709415178125 0.6150279328125 0.6819866078125 0.6150279328125 0.6819866078125 0.6493519546875001 0.709415178125 0.6493519546875001 0.709415178125 0.6150279328125
3 0.8057812500000001 0.66326815625 0.647147321875 0.66326815625 0.647147321875 0.859 0.8057812500000001 0.859 0.8057812500000001 0.66326815625
3 0.7946607140624999 0.8580726249999999 0.6738303578125 0.8580726249999999 0.6738303578125 0.9990782125000001 0.7946607140624999 0.9990782125000001 0.7946607140624999 0.8580726249999999
3 0.34247767812499996 0.4499106140625 0.22683482187499998 0.4499106140625 0.22683482187499998 0.5881284921875001 0.34247767812499996 0.5881284921875001 0.34247767812499996 0.4499106140625
3 0.3639732140625 0.60018994375 0.3143080359375 0.60018994375 0.3143080359375 0.6410055859375 0.3639732140625 0.6410055859375 0.3639732140625 0.60018994375
3 0.218678571875 0.32282122968750004 0.18235714218750002 0.32282122968750004 0.18235714218750002 0.359 0.218678571875 0.359 0.218678571875 0.32282122968750004
3 0.2609330359375 0.034324021875 0.238696428125 0.034324021875 0.238696428125 0.0630782125 0.2609330359375 0.0630782125 0.2609330359375 0.034324021875
3 0.5537455359375001 0.308905028125 0.52928125 0.308905028125 0.52928125 0.3367374296875 0.5537455359375001 0.3367374296875 0.5537455359375001 0.308905028125
3 0.9718303578124999 0.799631284375 0.948852678125 0.799631284375 0.948852678125 0.8265363125 0.9718303578124999 0.8265363125 0.9718303578124999 0.799631284375
5 0.6834687500000001 0.9109497203125001 0.36249107187499996 0.9109497203125001 0.36249107187499996 0.9972234640625001 0.6834687500000001 0.9972234640625001 0.6834687500000001 0.9109497203125001
5 0.49073214218750005 0.004636871875 0.0037053578125 0.004636871875 0.0037053578125 0.42578770937500005 0.49073214218750005 0.42578770937500005 0.49073214218750005 0.004636871875
8 0.1541875 0.5825642453125 0.13862053593749998 0.5825642453125 0.13862053593749998 0.5992625703125001 0.1541875 0.5992625703125001 0.1541875 0.5825642453125
8 0.0570803578125 0.636368715625 0.044477678124999996 0.636368715625 0.044477678124999996 0.6549217875 0.0570803578125 0.6549217875 0.0570803578125 0.636368715625
8 0.1104508921875 0.9072402234375 0.089696428125 0.9072402234375 0.089696428125 0.933212290625 0.1104508921875 0.933212290625 0.1104508921875 0.9072402234375
8 0.21275 0.9434189937499999 0.1971830359375 0.9434189937499999 0.1971830359375 0.9582625703125001 0.21275 0.9582625703125001 0.21275 0.9434189937499999
8 0.7694598218750001 0.6929553078125 0.754633928125 0.6929553078125 0.754633928125 0.717072625 0.7694598218750001 0.717072625 0.7694598218750001 0.6929553078125
8 0.93625 0.42950279374999994 0.9206830359374999 0.42950279374999994 0.9206830359374999 0.4536201125 0.93625 0.4536201125 0.93625 0.42950279374999994
8 0.9095625 0.4359944140625 0.8932544640625 0.4359944140625 0.8932544640625 0.46011173124999993 0.9095625 0.46011173124999993 0.9095625 0.4359944140625
8 0.9933303578125001 0.6539888265625 0.9770178578125 0.6539888265625 0.9770178578125 0.6799664796875 0.9933303578125001 0.6799664796875 0.9933303578125001 0.6539888265625
8 0.8428482140625 0.5417486031250001 0.818383928125 0.5417486031250001 0.818383928125 0.5844189937500001 0.8428482140625 0.5844189937500001 0.8428482140625 0.5417486031250001
3 0.8791696421875 0.4591843578125 0.6034107140625 0.4591843578125 0.6034107140625 0.674402234375 0.8791696421875 0.674402234375 0.8791696421875 0.4591843578125
3 0.876946428125 0.3181843578125 0.7694598218750001 0.3181843578125 0.7694598218750001 0.4591843578125 0.876946428125 0.4591843578125 0.876946428125 0.3181843578125
3 0.1957008921875 0.22541899375000002 0.1074866078125 0.22541899375000002 0.1074866078125 0.385899440625 0.1957008921875 0.385899440625 0.1957008921875 0.22541899375000002
3 0.253522321875 0.3803351953125 0.140102678125 0.3803351953125 0.140102678125 0.5083519546875 0.253522321875 0.5083519546875 0.253522321875 0.3803351953125
3 0.538178571875 0.09647486093749999 0.4536696421875 0.09647486093749999 0.4536696421875 0.23933519531249997 0.538178571875 0.23933519531249997 0.538178571875 0.09647486093749999
3 0.41141517812500006 0.0027821234375 0.0570803578125 0.0027821234375 0.0570803578125 0.26252513906249997 0.41141517812500006 0.26252513906249997 0.41141517812500006 0.0027821234375
3 0.171977678125 0.589055865625 0.1541875 0.589055865625 0.1541875 0.613173184375 0.171977678125 0.613173184375 0.171977678125 0.589055865625