7 0.6859375 0.5870396828125 0.542709821875 0.5870396828125 0.542709821875 0.9925952375 0.6859375 0.9925952375 0.6859375 0.5870396828125
8 0.500522321875 0.8166666671874999 0.444790178125 0.8166666671874999 0.444790178125 0.8824047625 0.500522321875 0.8824047625 0.500522321875 0.8166666671874999
8 0.49791517812499997 0.9388888890624999 0.47760267812499996 0.9388888890624999 0.47760267812499996 0.9925952375 0.49791517812499997 0.9925952375 0.49791517812499997 0.9388888890624999
8 0.74375 0.3398174609375 0.7239598218750001 0.3398174609375 0.7239598218750001 0.3824047625 0.74375 0.3824047625 0.74375 0.3398174609375
8 0.745834821875 0.4351825390625 0.725522321875 0.4351825390625 0.725522321875 0.47315079375 0.745834821875 0.47315079375 0.745834821875 0.4351825390625
8 0.46197767812499996 0.3629603171875 0.403647321875 0.3629603171875 0.403647321875 0.40370634843750003 0.46197767812499996 0.40370634843750003 0.46197767812499996 0.3629603171875
8 0.306772321875 0.524071428125 0.286977678125 0.524071428125 0.286977678125 0.547222221875 0.306772321875 0.547222221875 0.306772321875 0.524071428125
8 0.391665178125 0.42315079375 0.370834821875 0.42315079375 0.370834821875 0.44815079375 0.391665178125 0.44815079375 0.391665178125 0.42315079375
8 0.4015625 0.477777778125 0.386977678125 0.477777778125 0.386977678125 0.502777778125 0.4015625 0.502777778125 0.4015625 0.477777778125
8 0.4625 0.5601825390624999 0.444790178125 0.5601825390624999 0.444790178125 0.5916666671875 0.4625 0.5916666671875 0.4625 0.5601825390624999
8 0.3546875 0.4388888890625 0.3328125 0.4388888890625 0.3328125 0.475 0.3546875 0.475 0.3546875 0.4388888890625
8 0.32552232187499996 0.48148412656249995 0.3 0.48148412656249995 0.3 0.5083333328124999 0.32552232187499996 0.5083333328124999 0.32552232187499996 0.48148412656249995
8 0.344790178125 0.527777778125 0.328647321875 0.527777778125 0.328647321875 0.5564841265625 0.344790178125 0.5564841265625 0.344790178125 0.527777778125
8 0.267709821875 0.579626984375 0.250522321875 0.579626984375 0.250522321875 0.6101825390625 0.267709821875 0.6101825390625 0.267709821875 0.579626984375
8 0.42083482187500004 0.9537063484375 0.40052232187500003 0.9537063484375 0.40052232187500003 0.9796269843750001 0.42083482187500004 0.9796269843750001 0.42083482187500004 0.9537063484375
8 0.325 0.8824047625 0.305727678125 0.8824047625 0.305727678125 0.92315079375 0.325 0.92315079375 0.325 0.8824047625
8 0.405727678125 0.6120396828125 0.381772321875 0.6120396828125 0.381772321875 0.650928571875 0.405727678125 0.650928571875 0.405727678125 0.6120396828125
8 0.4859375 0.4537063484375 0.465625 0.4537063484375 0.465625 0.4888888890625 0.4859375 0.4888888890625 0.4859375 0.4537063484375
8 0.7005223218750001 0.20092857187500002 0.6796875 0.20092857187500002 0.6796875 0.23981746093749998 0.7005223218750001 0.23981746093749998 0.7005223218750001 0.20092857187500002
8 0.525 0.954626984375 0.5109375 0.954626984375 0.5109375 0.9851825390625001 0.525 0.9851825390625001 0.525 0.954626984375
5 0.175 0 0.175 0.2611111109375 0.6578125 0.2611111109375 0.6578125 0 0.175 0
5 0.298959821875 0.2629603171875 0.1765625 0.2629603171875 0.1765625 0.575928571875 0.298959821875 0.575928571875 0.298959821875 0.2629603171875
5 0.39375 0.26481746093749997 0.3 0.26481746093749997 0.3 0.4157380953125 0.39375 0.4157380953125 0.39375 0.26481746093749997
5 0.76875 0.07037301562500001 0.7078125 0.07037301562500001 0.7078125 0.21111111093749999 0.76875 0.21111111093749999 0.76875 0.07037301562500001