5 0.5570758921875 0.1642835046875 0.118165178125 0.1642835046875 0.118165178125 0.656211340625 0.5570758921875 0.656211340625 0.5570758921875 0.1642835046875
8 0.7620580359375 0.47429381406250004 0.7379419640625 0.47429381406250004 0.7379419640625 0.51606185625 0.7620580359375 0.51606185625 0.7620580359375 0.47429381406250004
8 0.8006428578125 0.4882164953125 0.7660758921874999 0.4882164953125 0.7660758921874999 0.524412371875 0.8006428578125 0.524412371875 0.8006428578125 0.4882164953125
8 0.782959821875 0.5086340203125 0.745178571875 0.5086340203125 0.745178571875 0.5531855671875 0.782959821875 0.5531855671875 0.782959821875 0.5086340203125
8 0.6848883921875 0.5290567015625001 0.6471071421875 0.5290567015625001 0.6471071421875 0.5689639171875001 0.6848883921875 0.5689639171875001 0.6848883921875 0.5290567015625001
8 0.8834419640625001 0.956010309375 0.8360133921875 0.956010309375 0.8360133921875 0.9857113406250001 0.8834419640625001 0.9857113406250001 0.8834419640625001 0.956010309375
8 0.7660758921874999 0.356417525 0.721866071875 0.356417525 0.721866071875 0.3926134015625 0.7660758921874999 0.3926134015625 0.7660758921874999 0.356417525
6 0.44855357187499995 0.656211340625 0.106915178125 0.656211340625 0.106915178125 0.992211340625 0.44855357187499995 0.992211340625 0.44855357187499995 0.656211340625
1 0.9501607140624999 0.5346237109375 0.475883928125 0.5346237109375 0.475883928125 0.9875670109374999 0.9501607140624999 0.9875670109374999 0.9501607140624999 0.5346237109375
1 0.43408482187499997 0.3369226796875 0.045821428125 0.3369226796875 0.045821428125 0.8975360828125 0.43408482187499997 0.8975360828125 0.43408482187499997 0.3369226796875
4 0.44372767812499997 0.831639175 0.2765267859375 0.831639175 0.2765267859375 0.9439432984374999 0.44372767812499997 0.9439432984374999 0.44372767812499997 0.831639175
4 0.44533928593749994 0.7852268046875001 0.40755803593750006 0.7852268046875001 0.40755803593750006 0.8186443296875 0.44533928593749994 0.8186443296875 0.44533928593749994 0.7852268046875001
4 0.4276517859375 0.7184020624999999 0.40112500000000006 0.7184020624999999 0.40112500000000006 0.7388195875 0.4276517859375 0.7388195875 0.4276517859375 0.7184020624999999
4 0.8022500000000001 0.8928969078125 0.7572366078125 0.8928969078125 0.7572366078125 0.9708608249999999 0.8022500000000001 0.9708608249999999 0.8022500000000001 0.8928969078125
4 0.8955 0.5569020625000001 0.8520892859375 0.5569020625000001 0.8520892859375 0.60702061875 0.8955 0.60702061875 0.8955 0.5569020625000001
4 0.7475892859375 0.0482628859375 0.71784375 0.0482628859375 0.71784375 0.09003092812499999 0.7475892859375 0.09003092812499999 0.7475892859375 0.0482628859375
4 0.08440625 0.5142061859375 0.069133928125 0.5142061859375 0.069133928125 0.528128865625 0.08440625 0.528128865625 0.08440625 0.5142061859375
4 0.0827991078125 0.540190721875 0.067522321875 0.540190721875 0.067522321875 0.55875773125 0.0827991078125 0.55875773125 0.0827991078125 0.540190721875
4 0.151928571875 0.8214278343749999 0.1342455359375 0.8214278343749999 0.1342455359375 0.84370103125 0.151928571875 0.84370103125 0.151928571875 0.8214278343749999
3 0.410772321875 0.3573453609375 0.3673616078125 0.3573453609375 0.3673616078125 0.41210824687500003 0.410772321875 0.41210824687500003 0.410772321875 0.3573453609375