4 0.7480491078125 0.0332053578125 0.30078125 0.0332053578125 0.30078125 0.3359375 0.7480491078125 0.3359375 0.7480491078125 0.0332053578125
7 0.99609375 0.6953125 0.6855491078125 0.6953125 0.6855491078125 0.98828125 0.99609375 0.98828125 0.99609375 0.6953125
5 0.5527366078125 0.171875 0.02734375 0.171875 0.02734375 0.6074241078125 0.5527366078125 0.6074241078125 0.5527366078125 0.171875
4 0.8125 0 0.8125 0.140625 0.9121116078125 0.140625 0.9121116078125 0 0.8125 0
3 0.8496116078125 0.7558616078125 0.734375 0.7558616078125 0.734375 0.8691428578125 0.8496116078125 0.8691428578125 0.8496116078125 0.7558616078125
3 0.6074241078125 0.3613303578125 0.5722678578125 0.3613303578125 0.5722678578125 0.41211160781249995 0.6074241078125 0.41211160781249995 0.6074241078125 0.3613303578125
3 0.9453125 0.5683616078125 0.90625 0.5683616078125 0.90625 0.6230491078125 0.9453125 0.6230491078125 0.9453125 0.5683616078125
3 0.79296875 0.6035178578125 0.74609375 0.6035178578125 0.74609375 0.66015625 0.79296875 0.66015625 0.79296875 0.6035178578125
4 0.1894553578125 0.25390625 0.1191428578125 0.25390625 0.1191428578125 0.2890625 0.1894553578125 0.2890625 0.1894553578125 0.25390625
4 0.2988303578125 0.20703125 0.1875 0.20703125 0.1875 0.25 0.2988303578125 0.25 0.2988303578125 0.20703125
4 0.3125 0.17578125 0.2734375 0.17578125 0.2734375 0.2128928578125 0.3125 0.2128928578125 0.3125 0.17578125