3 0.62490625 0.3172569828125 0.5826517859375 0.3172569828125 0.5826517859375 0.3886871515625 0.62490625 0.3886871515625 0.62490625 0.3172569828125
3 0.3409955359375 0.32467597812500004 0.315790178125 0.32467597812500004 0.315790178125 0.3886871515625 0.3409955359375 0.3886871515625 0.3409955359375 0.32467597812500004
3 0.39066071406249997 0.40630726250000004 0.33728571406249996 0.40630726250000004 0.33728571406249996 0.4693910609375 0.39066071406249997 0.4693910609375 0.39066071406249997 0.40630726250000004
3 0.520383928125 0.29963128437500003 0.4633080359375 0.29963128437500003 0.4633080359375 0.38311731875 0.520383928125 0.38311731875 0.520383928125 0.29963128437500003
3 0.3869553578125 0.6827486031250001 0.298741071875 0.6827486031250001 0.298741071875 0.7495419 0.3869553578125 0.7495419 0.3869553578125 0.6827486031250001
3 0.6767991078125 0.658631284375 0.637508928125 0.658631284375 0.637508928125 0.7588156421875001 0.6767991078125 0.7588156421875001 0.6767991078125 0.658631284375
3 0.5003705359375 0.760670390625 0.46256696406250003 0.760670390625 0.46256696406250003 0.8126201125 0.5003705359375 0.8126201125 0.5003705359375 0.760670390625
3 0.416602678125 0.8923966484375001 0.3335803578125 0.8923966484375001 0.3335803578125 0.995363128125 0.416602678125 0.995363128125 0.416602678125 0.8923966484375001
3 0.7916964281250001 0.19758659218750002 0.6819866078125 0.19758659218750002 0.6819866078125 0.27179888281250003 0.7916964281250001 0.27179888281250003 0.7916964281250001 0.19758659218750002
5 0.8087455359375 0.00927374375 0.2683482140625 0.00927374375 0.2683482140625 0.120592178125 0.8087455359375 0.120592178125 0.8087455359375 0.00927374375
3 0.3513705359375 0.5194804468750001 0.33061607187500003 0.5194804468750001 0.33061607187500003 0.5473128484374999 0.3513705359375 0.5473128484374999 0.3513705359375 0.5194804468750001
3 0.424758928125 0.5797821234375 0.40029464218750005 0.5797821234375 0.40029464218750005 0.6085363125 0.424758928125 0.6085363125 0.424758928125 0.5797821234375
3 0.4255 0.6753296093750001 0.40845089218749997 0.6753296093750001 0.40845089218749997 0.7124357546875 0.4255 0.7124357546875 0.4255 0.6753296093750001
3 0.5418839281250001 0.6577039109375 0.5189017859375 0.6577039109375 0.5189017859375 0.6864581000000001 0.5418839281250001 0.6864581000000001 0.5418839281250001 0.6577039109375
3 0.5315044640625 0.6948100562499999 0.515196428125 0.6948100562499999 0.515196428125 0.718927375 0.5315044640625 0.718927375 0.5315044640625 0.6948100562499999
3 0.6501116078125 0.9109497203125001 0.6315803578125 0.9109497203125001 0.6315803578125 0.9424916203124999 0.6501116078125 0.9424916203124999 0.6501116078125 0.9109497203125001
3 0.46256696406250003 0.8191117312499999 0.44106696406249996 0.8191117312499999 0.44106696406249996 0.8478715078124999 0.46256696406250003 0.8478715078124999 0.46256696406250003 0.8191117312499999
3 0.464790178125 0.41744134062500005 0.44032589218749996 0.41744134062500005 0.44032589218749996 0.44805586562500005 0.464790178125 0.44805586562500005 0.464790178125 0.41744134062500005
3 0.23647321406250002 0.6428603359375 0.21275 0.6428603359375 0.21275 0.6679050281250001 0.23647321406250002 0.6679050281250001 0.23647321406250002 0.6428603359375
3 0.5626383921875 0.44155865937499994 0.5455892859375 0.44155865937499994 0.5455892859375 0.4666089390625 0.5626383921875 0.4666089390625 0.5626383921875 0.44155865937499994
3 0.37954017812499996 0.14564245781250001 0.361008928125 0.14564245781250001 0.361008928125 0.1651229046875 0.37954017812499996 0.1651229046875 0.37954017812499996 0.14564245781250001
3 0.2372142859375 0.19480446875 0.22090625 0.19480446875 0.22090625 0.21428491562500002 0.2372142859375 0.21428491562500002 0.2372142859375 0.19480446875
3 0.8124553578124999 0.09647486093749999 0.7805803578125 0.09647486093749999 0.7805803578125 0.1252346375 0.8124553578124999 0.1252346375 0.8124553578124999 0.09647486093749999
3 0.7991116078125 0.0621508375 0.77909375 0.0621508375 0.77909375 0.0797765359375 0.7991116078125 0.0797765359375 0.7991116078125 0.0621508375
3 0.8524821421875 0.8321005593749999 0.841366071875 0.8321005593749999 0.841366071875 0.8580726249999999 0.8524821421875 0.8580726249999999 0.8524821421875 0.8321005593749999
3 0.8984419640624999 0.8413743015625 0.8813928578124999 0.8413743015625 0.8813928578124999 0.8617821234375 0.8984419640624999 0.8617821234375 0.8984419640624999 0.8413743015625
8 0.085991071875 0.20222905 0.07190625 0.20222905 0.07190625 0.22356424531250002 0.085991071875 0.22356424531250002 0.085991071875 0.20222905
8 0.0555982140625 0.22263687187499998 0.0348392859375 0.22263687187499998 0.0348392859375 0.2486089390625 0.0555982140625 0.2486089390625 0.0555982140625 0.22263687187499998
8 0.3565625 0.6966648046875 0.34840625 0.6966648046875 0.34840625 0.706865921875 0.3565625 0.706865921875 0.3565625 0.6966648046875
8 0.37509375 0.7050111734375 0.367678571875 0.7050111734375 0.367678571875 0.718927375 0.37509375 0.718927375 0.37509375 0.7050111734375
8 0.230540178125 0.644715084375 0.21497321406249997 0.644715084375 0.21497321406249997 0.6623407828125 0.230540178125 0.6623407828125 0.230540178125 0.644715084375
8 0.606375 0.58627374375 0.5841383921875 0.58627374375 0.5841383921875 0.614100559375 0.606375 0.614100559375 0.606375 0.58627374375
8 0.612303571875 0.6233798875 0.6034107140625 0.6233798875 0.6034107140625 0.643787709375 0.612303571875 0.643787709375 0.612303571875 0.6233798875
8 0.692366071875 0.4276480453125 0.664196428125 0.4276480453125 0.664196428125 0.4703184359375 0.692366071875 0.4703184359375 0.692366071875 0.4276480453125
8 0.716084821875 0.5083519546875 0.690883928125 0.5083519546875 0.690883928125 0.534324021875 0.716084821875 0.534324021875 0.716084821875 0.5083519546875
8 0.8613794640625001 0.4387765359375 0.7398080359375 0.4387765359375 0.7398080359375 0.542675978125 0.8613794640625001 0.542675978125 0.8613794640625001 0.4387765359375
8 0.7353616078125 0.47124580937499994 0.7235 0.47124580937499994 0.7235 0.487016759375 0.7353616078125 0.487016759375 0.7353616078125 0.47124580937499994
8 0.9844330359375 0.3181843578125 0.9325446421875 0.3181843578125 0.9325446421875 0.40630726250000004 0.9844330359375 0.40630726250000004 0.9844330359375 0.3181843578125
8 0.9266116078125 0.2291284921875 0.8850982140625 0.2291284921875 0.8850982140625 0.308905028125 0.9266116078125 0.308905028125 0.9266116078125 0.2291284921875
8 0.9325446421875 0.2179944140625 0.91771875 0.2179944140625 0.91771875 0.2328379890625 0.9325446421875 0.2328379890625 0.9325446421875 0.2179944140625
8 0.8806517859375 0.27365363125000003 0.868790178125 0.27365363125000003 0.868790178125 0.31168715156250004 0.8806517859375 0.31168715156250004 0.8806517859375 0.27365363125000003
8 0.9006651781249999 0.3339553078125 0.882875 0.3339553078125 0.882875 0.3645642453125 0.9006651781249999 0.3645642453125 0.9006651781249999 0.3339553078125
8 0.9206830359374999 0.40630726250000004 0.9028928578125001 0.40630726250000004 0.9028928578125001 0.43692178750000005 0.9206830359374999 0.43692178750000005 0.9206830359374999 0.40630726250000004
8 0.8724999999999999 0.40259776562500005 0.8613794640625001 0.40259776562500005 0.8613794640625001 0.4239329609375 0.8724999999999999 0.4239329609375 0.8724999999999999 0.40259776562500005
8 0.8939955359375 0.43692178750000005 0.8836160718749999 0.43692178750000005 0.8836160718749999 0.4536201125 0.8939955359375 0.4536201125 0.8939955359375 0.43692178750000005
8 0.8154196421875 0.34508379843750003 0.8057812500000001 0.34508379843750003 0.8057812500000001 0.3654916203125 0.8154196421875 0.3654916203125 0.8154196421875 0.34508379843750003
8 0.7642678578125001 0.377553071875 0.7487008921875 0.377553071875 0.7487008921875 0.3961061453125 0.7642678578125001 0.3961061453125 0.7642678578125001 0.377553071875
8 0.8821339281249999 0.859927375 0.8628616078125001 0.859927375 0.8628616078125001 0.8840502796875 0.8821339281249999 0.8840502796875 0.8821339281249999 0.859927375
8 0.871758928125 0.8274636875000001 0.8591562500000001 0.8274636875000001 0.8591562500000001 0.846944134375 0.871758928125 0.846944134375 0.871758928125 0.8274636875000001
8 0.35878571406250004 0.26252513906249997 0.34247767812499996 0.26252513906249997 0.34247767812499996 0.277368715625 0.35878571406250004 0.277368715625 0.35878571406250004 0.26252513906249997
8 0.4040044640625 0.27272625625 0.389178571875 0.27272625625 0.389178571875 0.28849720625 0.4040044640625 0.28849720625 0.4040044640625 0.27272625625
8 0.5715357140624999 0.21613966406250001 0.5011116078125 0.21613966406250001 0.5011116078125 0.25046368750000003 0.5715357140624999 0.25046368750000003 0.5715357140624999 0.21613966406250001
8 0.5359508921875 0.2588156421875 0.521866071875 0.2588156421875 0.521866071875 0.277368715625 0.5359508921875 0.277368715625 0.5359508921875 0.2588156421875
8 0.5181607140625 0.26437988749999997 0.5055580359375 0.26437988749999997 0.5055580359375 0.2810782125 0.5181607140625 0.2810782125 0.5181607140625 0.26437988749999997
3 0.3832455359375 0.8376648046874999 0.3647142859375 0.8376648046874999 0.3647142859375 0.8673519546874999 0.3832455359375 0.8673519546874999 0.3832455359375 0.8376648046874999
3 0.6938482140625 0.75788826875 0.6501116078125 0.75788826875 0.6501116078125 0.8321005593749999 0.6938482140625 0.8321005593749999 0.6938482140625 0.75788826875
8 0.8710133921875001 0.8942513968749999 0.855446428125 0.8942513968749999 0.855446428125 0.910022346875 0.8710133921875001 0.910022346875 0.8710133921875001 0.8942513968749999
8 0.8361741078125 0.89888826875 0.818383928125 0.89888826875 0.818383928125 0.9350670390625 0.8361741078125 0.9350670390625 0.8361741078125 0.89888826875
7 0.13862053593749998 0.34137430156250004 0.000741071875 0.34137430156250004 0.000741071875 0.8942513968749999 0.13862053593749998 0.8942513968749999 0.13862053593749998 0.34137430156250004