8 0.9214241078125 0.25046368750000003 0.9058571421874999 0.25046368750000003 0.9058571421874999 0.2662346375 0.9214241078125 0.2662346375 0.9214241078125 0.25046368750000003
8 0.8813928578124999 0.308905028125 0.8576741078125 0.308905028125 0.8576741078125 0.3367374296875 0.8813928578124999 0.3367374296875 0.8813928578124999 0.308905028125
8 0.876946428125 0.520407821875 0.8621205359375 0.520407821875 0.8621205359375 0.5408212296875 0.876946428125 0.5408212296875 0.876946428125 0.520407821875
8 0.871758928125 0.393324021875 0.8576741078125 0.393324021875 0.8576741078125 0.41373184375000005 0.871758928125 0.41373184375000005 0.871758928125 0.393324021875
8 0.8154196421875 0.3209664796875 0.7998526781249999 0.3209664796875 0.7998526781249999 0.340446928125 0.8154196421875 0.340446928125 0.8154196421875 0.3209664796875
8 0.825053571875 0.3951787703125 0.8094866078124999 0.3951787703125 0.8094866078124999 0.42578770937500005 0.825053571875 0.42578770937500005 0.825053571875 0.3951787703125
8 0.7709419640624999 0.3914692734375 0.754633928125 0.3914692734375 0.754633928125 0.4053798875 0.7709419640624999 0.4053798875 0.7709419640624999 0.3914692734375
8 0.6931071421875 0.41373184375000005 0.6760580359375 0.41373184375000005 0.6760580359375 0.43784916249999994 0.6931071421875 0.43784916249999994 0.6931071421875 0.41373184375000005
8 0.701258928125 0.3506480453125 0.6849508921874999 0.3506480453125 0.6849508921874999 0.36734636875 0.701258928125 0.36734636875 0.701258928125 0.3506480453125
8 0.7286875 0.21150279374999997 0.68865625 0.21150279374999997 0.68865625 0.254173184375 0.7286875 0.254173184375 0.7286875 0.21150279374999997
8 0.7398080359375 0.0992569828125 0.7242410718750001 0.0992569828125 0.7242410718750001 0.1233798875 0.7398080359375 0.1233798875 0.7398080359375 0.0992569828125
8 0.7412901781250001 0.1298715078125 0.7286875 0.1298715078125 0.7286875 0.1493519546875 0.7412901781250001 0.1493519546875 0.7412901781250001 0.1298715078125
8 0.6901428578125001 0.1901675984375 0.6805044640625 0.1901675984375 0.6805044640625 0.20964804531249998 0.6901428578125001 0.20964804531249998 0.6901428578125001 0.1901675984375
8 0.7257232140625 0.1938770953125 0.7064508921875 0.1938770953125 0.7064508921875 0.21150279374999997 0.7257232140625 0.21150279374999997 0.7257232140625 0.1938770953125
8 0.478133928125 0.17996089375 0.45885714218749996 0.17996089375 0.45885714218749996 0.19758659218750002 0.478133928125 0.19758659218750002 0.478133928125 0.17996089375
8 0.44403125 0.1818212296875 0.426241071875 0.1818212296875 0.426241071875 0.20964804531249998 0.44403125 0.20964804531249998 0.44403125 0.1818212296875
8 0.431428571875 0.0807039109375 0.40845089218749997 0.0807039109375 0.40845089218749997 0.10946368749999999 0.431428571875 0.10946368749999999 0.431428571875 0.0807039109375
8 0.4151205359375 0.0528770953125 0.394366071875 0.0528770953125 0.394366071875 0.0788491625 0.4151205359375 0.0788491625 0.4151205359375 0.0528770953125
8 0.4358794640625 0.0528770953125 0.41808928593749994 0.0528770953125 0.41808928593749994 0.0769944140625 0.4358794640625 0.0769944140625 0.4358794640625 0.0528770953125
8 0.4551517859375 0.02318994375 0.43958482187500003 0.02318994375 0.43958482187500003 0.044525139062500003 0.4551517859375 0.044525139062500003 0.4551517859375 0.02318994375
8 0.6997767859375 0.020407821875000003 0.6738303578125 0.020407821875000003 0.6738303578125 0.0528770953125 0.6997767859375 0.0528770953125 0.6997767859375 0.020407821875000003
8 0.625647321875 0.018553071875 0.6093392859375 0.018553071875 0.6093392859375 0.0463798875 0.625647321875 0.0463798875 0.625647321875 0.018553071875
8 0.6627142859374999 0.034324021875 0.6449241078125 0.034324021875 0.6449241078125 0.051022346875 0.6627142859374999 0.051022346875 0.6627142859374999 0.034324021875
8 0.4040044640625 0.000927375 0.37361160781249997 0.000927375 0.37361160781249997 0.0222625703125 0.4040044640625 0.0222625703125 0.4040044640625 0.000927375
8 0.37361160781249997 0.23376536250000002 0.354334821875 0.23376536250000002 0.354334821875 0.25046368750000003 0.37361160781249997 0.25046368750000003 0.37361160781249997 0.23376536250000002
8 0.3335803578125 0.23005586562499997 0.30466964218750003 0.23005586562499997 0.30466964218750003 0.2486089390625 0.3335803578125 0.2486089390625 0.3335803578125 0.23005586562499997
8 0.4217946421875 0.28849720625 0.402522321875 0.28849720625 0.402522321875 0.3070502796875 0.4217946421875 0.3070502796875 0.4217946421875 0.28849720625
8 0.44106696406249996 0.3144748609375 0.424758928125 0.3144748609375 0.424758928125 0.33488268125 0.44106696406249996 0.33488268125 0.44106696406249996 0.3144748609375
8 0.53446875 0.8181843578124999 0.507040178125 0.8181843578124999 0.507040178125 0.846944134375 0.53446875 0.846944134375 0.53446875 0.8181843578124999
8 0.46701339218750004 0.8126201125 0.4455133921875 0.8126201125 0.4455133921875 0.8367374296874999 0.46701339218750004 0.8367374296874999 0.46701339218750004 0.8126201125
8 0.47961607187500005 0.8525083796875 0.4633080359375 0.8525083796875 0.4633080359375 0.8729162015625 0.47961607187500005 0.8729162015625 0.47961607187500005 0.8525083796875
8 0.154928571875 0.962899440625 0.1275 0.962899440625 0.1275 0.9833072625 0.154928571875 0.9833072625 0.154928571875 0.962899440625
8 0.2564866078125 0.940636871875 0.21423214218750003 0.940636871875 0.21423214218750003 0.9814525140624999 0.2564866078125 0.9814525140624999 0.2564866078125 0.940636871875
8 0.22090625 0.9777430171875 0.1964419640625 0.9777430171875 0.1964419640625 0.995363128125 0.22090625 0.995363128125 0.22090625 0.9777430171875
8 0.26241517812500004 0.9248659218749999 0.24314285781249997 0.9248659218749999 0.24314285781249997 0.9471284921875001 0.26241517812500004 0.9471284921875001 0.26241517812500004 0.9248659218749999
8 0.2290580359375 0.7634525140624999 0.20608035781249998 0.7634525140624999 0.20608035781249998 0.792212290625 0.2290580359375 0.792212290625 0.2290580359375 0.7634525140624999
8 0.6093392859375 0.0992569828125 0.5937723218750001 0.0992569828125 0.5937723218750001 0.11781005625 0.6093392859375 0.11781005625 0.6093392859375 0.0992569828125
8 0.5404017859375 0.4053798875 0.5226071421875 0.4053798875 0.5226071421875 0.42950279374999994 0.5404017859375 0.42950279374999994 0.5404017859375 0.4053798875
8 0.873241071875 0.2680893859375 0.855446428125 0.2680893859375 0.855446428125 0.28849720625 0.873241071875 0.28849720625 0.873241071875 0.2680893859375
8 0.8495178578125 0.4619664796875 0.8332098218749999 0.4619664796875 0.8332098218749999 0.4842346375 0.8495178578125 0.4842346375 0.8495178578125 0.4619664796875
7 0 0 0 0.5482402234375 0.23499107187499998 0.5482402234375 0.23499107187499998 0 0 0
3 0.37138839218749997 0.870134078125 0.3521116078125 0.870134078125 0.3521116078125 0.8923966484375001 0.37138839218749997 0.8923966484375001 0.37138839218749997 0.870134078125
3 0.3061517859375 0.699446928125 0.2816919640625 0.699446928125 0.2816919640625 0.7356256984375 0.3061517859375 0.7356256984375 0.3061517859375 0.699446928125
3 0.3380267859375 0.520407821875 0.2542633921875 0.520407821875 0.2542633921875 0.6567765359375 0.3380267859375 0.6567765359375 0.3380267859375 0.520407821875
3 0.3699017859375 0.4397039109375 0.2913258921875 0.4397039109375 0.2913258921875 0.550094971875 0.3699017859375 0.550094971875 0.3699017859375 0.4397039109375
3 0.392883928125 0.05658659218749999 0.35878571406250004 0.05658659218749999 0.35878571406250004 0.09091061406249999 0.392883928125 0.09091061406249999 0.392883928125 0.05658659218749999
3 0.37954017812499996 0.0222625703125 0.3506294640625 0.0222625703125 0.3506294640625 0.0491675984375 0.37954017812499996 0.0491675984375 0.37954017812499996 0.0222625703125
3 0.7412901781250001 0.051022346875 0.714602678125 0.051022346875 0.714602678125 0.081631284375 0.7412901781250001 0.081631284375 0.7412901781250001 0.051022346875
3 0.9503348218750001 0.546385475 0.9325446421875 0.546385475 0.9325446421875 0.5760670390625 0.9503348218750001 0.5760670390625 0.9503348218750001 0.546385475
3 0.40696875 0.8339553078125 0.3832455359375 0.8339553078125 0.3832455359375 0.8608547484375 0.40696875 0.8608547484375 0.40696875 0.8339553078125
3 0.180875 0.7152178765625 0.13862053593749998 0.7152178765625 0.13862053593749998 0.7634525140624999 0.180875 0.7634525140624999 0.180875 0.7152178765625
8 0.0904375 0.5909106140625 0.0570803578125 0.5909106140625 0.0570803578125 0.6224525140625 0.0904375 0.6224525140625 0.0904375 0.5909106140625
8 0.2031116078125 0.5788547484375 0.1223125 0.5788547484375 0.1223125 0.63265363125 0.2031116078125 0.63265363125 0.2031116078125 0.5788547484375
8 0.3365446421875 0.6512067046875 0.1979241078125 0.6512067046875 0.1979241078125 0.7959217875 0.3365446421875 0.7959217875 0.3365446421875 0.6512067046875
8 0.072647321875 0.6549217875 0.037803571875000004 0.6549217875 0.037803571875000004 0.718 0.072647321875 0.718 0.072647321875 0.6549217875
7 0.6078571421875 0.9508379890624999 0.507040178125 0.9508379890624999 0.507040178125 0.9990782125000001 0.6078571421875 0.9990782125000001 0.6078571421875 0.9508379890624999
5 0.9933303578125001 0.003709496875 0.642696428125 0.003709496875 0.642696428125 0.9981508375000001 0.9933303578125001 0.9981508375000001 0.9933303578125001 0.003709496875