8 0.6503928578125 0.1796875 0.5605491078125 0.1796875 0.5605491078125 0.2832053578125 0.6503928578125 0.2832053578125 0.6503928578125 0.1796875
8 0.75 0.3359375 0.64453125 0.3359375 0.64453125 0.41796875 0.75 0.41796875 0.75 0.3359375
8 0.6484375 0.41992410781249995 0.5390625 0.41992410781249995 0.5390625 0.5136741078125 0.6484375 0.5136741078125 0.6484375 0.41992410781249995
8 0.828125 0.35546875 0.765625 0.35546875 0.765625 0.44140625 0.828125 0.44140625 0.828125 0.35546875
8 0.8828125 0.45898660781249995 0.7636741078125 0.45898660781249995 0.7636741078125 0.6230491078125 0.8828125 0.6230491078125 0.8828125 0.45898660781249995
8 0.2089866078125 0 0.2089866078125 0.140625 0.8613303578125 0.140625 0.8613303578125 0 0.2089866078125 0
8 0 0.6777366078125 0.1582053578125 0.6777366078125 0.1582053578125 0.23828125 0 0.23828125 0 0.6777366078125
4 0.08203125 0.49414285781249995 0.0097678578125 0.49414285781249995 0.0097678578125 0.85546875 0.08203125 0.85546875 0.08203125 0.49414285781249995
4 0.359375 0.87109375 0.109375 0.87109375 0.109375 0.98828125 0.359375 0.98828125 0.359375 0.87109375
3 0.4765625 0.7636741078125 0.3417991078125 0.7636741078125 0.3417991078125 0.83203125 0.4765625 0.83203125 0.4765625 0.7636741078125
2 0.9589866078125 0.0390625 0.0332053578125 0.0390625 0.0332053578125 0.9589866078125 0.9589866078125 0.9589866078125 0.9589866078125 0.0390625
4 0.6464866078125 0.1796875 0.56640625 0.1796875 0.56640625 0.2832053578125 0.6464866078125 0.2832053578125 0.6464866078125 0.1796875
4 0.7441428578125 0.3300803578125 0.6464866078125 0.3300803578125 0.6464866078125 0.41601785781249995 0.7441428578125 0.41601785781249995 0.7441428578125 0.3300803578125
4 0.6972678578125 0.59375 0.43945535781249995 0.59375 0.43945535781249995 0.7402366078125 0.6972678578125 0.7402366078125 0.6972678578125 0.59375
4 0.765625 0.609375 0.7265625 0.609375 0.7265625 0.6972678578125 0.765625 0.6972678578125 0.765625 0.609375
4 0.7089866078125 0.56640625 0.69140625 0.56640625 0.69140625 0.609375 0.7089866078125 0.609375 0.7089866078125 0.56640625
4 0.41992410781249995 0.5625 0.3339866078125 0.5625 0.3339866078125 0.61328125 0.41992410781249995 0.61328125 0.41992410781249995 0.5625
4 0.52734375 0.5058616078125 0.5 0.5058616078125 0.5 0.5371116078125 0.52734375 0.5371116078125 0.52734375 0.5058616078125
4 0.640625 0.42578125 0.5410178578125 0.42578125 0.5410178578125 0.5097678578125 0.640625 0.5097678578125 0.640625 0.42578125
4 0.36328125 0.30859375 0.2578125 0.30859375 0.2578125 0.35546875 0.36328125 0.35546875 0.36328125 0.30859375
4 0.0644553578125 0.2734375 0.00390625 0.2734375 0.00390625 0.5761741078125 0.0644553578125 0.5761741078125 0.0644553578125 0.2734375
4 0.1464866078125 0.42383035781249995 0.0527366078125 0.42383035781249995 0.0527366078125 0.69140625 0.1464866078125 0.69140625 0.1464866078125 0.42383035781249995
4 0.3769553578125 0.8496116078125 0.30078125 0.8496116078125 0.30078125 0.9355491078125 0.3769553578125 0.9355491078125 0.3769553578125 0.8496116078125
4 0.8671875 0.7988303578125 0.8339866078125 0.7988303578125 0.8339866078125 0.875 0.8671875 0.875 0.8671875 0.7988303578125
4 0.82421875 0.6582053578125 0.7949241078125 0.6582053578125 0.7949241078125 0.7011741078125 0.82421875 0.7011741078125 0.82421875 0.6582053578125
4 0.82421875 0.7246116078125 0.8027366078125 0.7246116078125 0.8027366078125 0.76953125 0.82421875 0.76953125 0.82421875 0.7246116078125
4 0.90234375 0.5957053578125 0.8828125 0.5957053578125 0.8828125 0.6464866078125 0.90234375 0.6464866078125 0.90234375 0.5957053578125
4 0.859375 0.4609375 0.765625 0.4609375 0.765625 0.6152366078125 0.859375 0.6152366078125 0.859375 0.4609375
4 0.8203125 0.3574241078125 0.765625 0.3574241078125 0.765625 0.4375 0.8203125 0.4375 0.8203125 0.3574241078125
4 0.9824241078125 0.37890625 0.9453125 0.37890625 0.9453125 0.45703125 0.9824241078125 0.45703125 0.9824241078125 0.37890625
3 0.609375 0.2988303578125 0.55859375 0.2988303578125 0.55859375 0.359375 0.609375 0.359375 0.609375 0.2988303578125
8 0.3691428578125 0.0546875 0.09375 0.0546875 0.09375 0.2089866078125 0.3691428578125 0.2089866078125 0.3691428578125 0.0546875
8 0.47851785781249995 0.09765625 0.41015625 0.09765625 0.41015625 0.1542991078125 0.47851785781249995 0.1542991078125 0.47851785781249995 0.09765625
8 0.7871116078125 0.16796875 0.76953125 0.16796875 0.76953125 0.1933616078125 0.7871116078125 0.1933616078125 0.7871116078125 0.16796875
8 0.8769553578125 0.19921875 0.8027366078125 0.19921875 0.8027366078125 0.24609375 0.8769553578125 0.24609375 0.8769553578125 0.19921875
8 0.80859375 0.26953125 0.78515625 0.26953125 0.78515625 0.2871116078125 0.80859375 0.2871116078125 0.80859375 0.26953125
4 0.4375 0.390625 0.40820535781249995 0.390625 0.40820535781249995 0.41992410781249995 0.4375 0.41992410781249995 0.4375 0.390625
4 0.7890625 0.171875 0.7714866078125 0.171875 0.7714866078125 0.1953125 0.7890625 0.1953125 0.7890625 0.171875
4 0.8769553578125 0.2011741078125 0.8046875 0.2011741078125 0.8046875 0.25 0.8769553578125 0.25 0.8769553578125 0.2011741078125
3 0.2480491078125 0.7636741078125 0.1875 0.7636741078125 0.1875 0.8027366078125 0.2480491078125 0.8027366078125 0.2480491078125 0.7636741078125
3 0.3769553578125 0.671875 0.30859375 0.671875 0.30859375 0.7402366078125 0.3769553578125 0.7402366078125 0.3769553578125 0.671875
3 0.30859375 0.578125 0.2578125 0.578125 0.2578125 0.66796875 0.30859375 0.66796875 0.30859375 0.578125
3 0.23828125 0.3808616078125 0.12109375 0.3808616078125 0.12109375 0.51953125 0.23828125 0.51953125 0.23828125 0.3808616078125
4 0.234375 0.3847678578125 0.125 0.3847678578125 0.125 0.4921875 0.234375 0.4921875 0.234375 0.3847678578125
4 0.3046875 0.58203125 0.2597678578125 0.58203125 0.2597678578125 0.6640625 0.3046875 0.6640625 0.3046875 0.58203125
8 0.41601785781249995 0.5625 0.3359375 0.5625 0.3359375 0.6113303578125 0.41601785781249995 0.6113303578125 0.41601785781249995 0.5625
8 0.6972678578125 0.5917991078125 0.43945535781249995 0.5917991078125 0.43945535781249995 0.7402366078125 0.6972678578125 0.7402366078125 0.6972678578125 0.5917991078125
8 0.76171875 0.6074241078125 0.7246116078125 0.6074241078125 0.7246116078125 0.6953125 0.76171875 0.6953125 0.76171875 0.6074241078125
8 0.3515625 0.3144553578125 0.2597678578125 0.3144553578125 0.2597678578125 0.3496116078125 0.3515625 0.3496116078125 0.3515625 0.3144553578125
8 0.2753928578125 0.8300803578125 0.25390625 0.8300803578125 0.25390625 0.8457053578125 0.2753928578125 0.8457053578125 0.2753928578125 0.8300803578125
8 0.375 0.765625 0.34765625 0.765625 0.34765625 0.7910178578125 0.375 0.7910178578125 0.375 0.765625
4 0.421875 0.7832053578125 0.40039285781249995 0.7832053578125 0.40039285781249995 0.8027366078125 0.421875 0.8027366078125 0.421875 0.7832053578125
4 0.7011741078125 0.5917991078125 0.4375 0.5917991078125 0.4375 0.73828125 0.7011741078125 0.73828125 0.7011741078125 0.5917991078125
4 0.4375 0.6542991078125 0.38671875 0.6542991078125 0.38671875 0.6972678578125 0.4375 0.6972678578125 0.4375 0.6542991078125
4 0.2949241078125 0.2578125 0.2636741078125 0.2578125 0.2636741078125 0.2734375 0.2949241078125 0.2734375 0.2949241078125 0.2578125