5 0.99609375 0.0019553578125 0.0019553578125 0.0019553578125 0.0019553578125 0.625 0.99609375 0.625 0.99609375 0.0019553578125
3 0.8359375 0.1152366078125 0.7910178578125 0.1152366078125 0.7910178578125 0.15625 0.8359375 0.15625 0.8359375 0.1152366078125
3 0.26953125 0.703125 0.2246116078125 0.703125 0.2246116078125 0.7558616078125 0.26953125 0.7558616078125 0.26953125 0.703125
3 0.625 0.6699241078125 0.5683616078125 0.6699241078125 0.5683616078125 0.85546875 0.625 0.85546875 0.625 0.6699241078125
3 0.7988303578125 0.3925803578125 0.7578125 0.3925803578125 0.7578125 0.42773660781249995 0.7988303578125 0.42773660781249995 0.7988303578125 0.3925803578125
3 0.9921875 0.51171875 0.9394553578125 0.51171875 0.9394553578125 0.5839866078125 0.9921875 0.5839866078125 0.9921875 0.51171875
3 0.8964866078125 0.453125 0.8417991078125 0.453125 0.8417991078125 0.52734375 0.8964866078125 0.52734375 0.8964866078125 0.453125
3 0.85546875 0.4140625 0.80859375 0.4140625 0.80859375 0.4609375 0.85546875 0.4609375 0.85546875 0.4140625
3 0.3769553578125 0.5957053578125 0.2890625 0.5957053578125 0.2890625 0.6699241078125 0.3769553578125 0.6699241078125 0.3769553578125 0.5957053578125
4 0.6699241078125 0.8964866078125 0.54296875 0.8964866078125 0.54296875 0.9863303578125 0.6699241078125 0.9863303578125 0.6699241078125 0.8964866078125
4 0.1425803578125 0.8925803578125 0.0683616078125 0.8925803578125 0.0683616078125 0.95703125 0.1425803578125 0.95703125 0.1425803578125 0.8925803578125
7 0.90625 0.8828125 0.6816428578125 0.8828125 0.6816428578125 0.9980491078125 0.90625 0.9980491078125 0.90625 0.8828125
3 0.9921875 0.0957053578125 0.6894553578125 0.0957053578125 0.6894553578125 0.28125 0.9921875 0.28125 0.9921875 0.0957053578125
3 0.6425803578125 0.55078125 0.5839866078125 0.55078125 0.5839866078125 0.5996116078125 0.6425803578125 0.5996116078125 0.6425803578125 0.55078125