4 0.8769553578125 0.02734375 0.7421875 0.02734375 0.7421875 0.1542991078125 0.8769553578125 0.1542991078125 0.8769553578125 0.02734375
4 0.9980491078125 0.21875 0.8925803578125 0.21875 0.8925803578125 0.3359375 0.9980491078125 0.3359375 0.9980491078125 0.21875
4 0.80078125 0.8417991078125 0.59375 0.8417991078125 0.59375 0.9902366078125 0.80078125 0.9902366078125 0.80078125 0.8417991078125
4 0.2636741078125 0.92578125 0.1816428578125 0.92578125 0.1816428578125 0.99609375 0.2636741078125 0.99609375 0.2636741078125 0.92578125
4 0.8984375 0.43945535781249995 0.8378928578125 0.43945535781249995 0.8378928578125 0.5097678578125 0.8984375 0.5097678578125 0.8984375 0.43945535781249995
4 0.96875 0.44921875 0.9296875 0.44921875 0.9296875 0.5 0.96875 0.5 0.96875 0.44921875
3 0.5136741078125 0.3808616078125 0.47265625 0.3808616078125 0.47265625 0.41992410781249995 0.5136741078125 0.41992410781249995 0.5136741078125 0.3808616078125
7 0 0.29296875 0.1035178578125 0.29296875 0.1035178578125 0.0410178578125 0 0.0410178578125 0 0.29296875
4 0.8613303578125 0.1542991078125 0.81640625 0.1542991078125 0.81640625 0.2089866078125 0.8613303578125 0.2089866078125 0.8613303578125 0.1542991078125
4 0.8574241078125 0.6113303578125 0.81640625 0.6113303578125 0.81640625 0.7089866078125 0.8574241078125 0.7089866078125 0.8574241078125 0.6113303578125
4 0.9667991078125 0.3613303578125 0.8808616078125 0.3613303578125 0.8808616078125 0.4296875 0.9667991078125 0.4296875 0.9667991078125 0.3613303578125
4 0.8300803578125 0.9667991078125 0.7753928578125 0.9667991078125 0.7753928578125 0.99609375 0.8300803578125 0.99609375 0.8300803578125 0.9667991078125
4 0.265625 0.91015625 0.2089866078125 0.91015625 0.2089866078125 0.9550803578125 0.265625 0.9550803578125 0.265625 0.91015625
8 0.2480491078125 0.9316428578125 0.19140625 0.9316428578125 0.19140625 0.9667991078125 0.2480491078125 0.9667991078125 0.2480491078125 0.9316428578125
8 0.8222678578125 0.0644553578125 0.80078125 0.0644553578125 0.80078125 0.09375 0.8222678578125 0.09375 0.8222678578125 0.0644553578125
8 0.890625 0.46484375 0.8691428578125 0.46484375 0.8691428578125 0.5 0.890625 0.5 0.890625 0.46484375