8 0.42327678593750007 0.871061453125 0.36249107187499996 0.871061453125 0.36249107187499996 0.9369217875 0.42327678593750007 0.9369217875 0.42327678593750007 0.871061453125
8 0.523352678125 0.878480446875 0.45885714218749996 0.878480446875 0.45885714218749996 0.92857541875 0.523352678125 0.92857541875 0.523352678125 0.878480446875
8 0.45737500000000003 0.9434189937499999 0.432915178125 0.9434189937499999 0.432915178125 0.9675363125 0.45737500000000003 0.9675363125 0.45737500000000003 0.9434189937499999
8 0.6130446421875 0.838592178125 0.5841383921875 0.838592178125 0.5841383921875 0.8664245812500001 0.6130446421875 0.8664245812500001 0.6130446421875 0.838592178125
8 0.670866071875 0.8237486031250001 0.6501116078125 0.8237486031250001 0.6501116078125 0.8423016765625 0.670866071875 0.8423016765625 0.670866071875 0.8237486031250001
8 0.5500357140625 0.401670390625 0.46701339218750004 0.401670390625 0.46701339218750004 0.4591843578125 0.5500357140625 0.4591843578125 0.5500357140625 0.401670390625
8 0.46997767812499996 0.44526815624999994 0.431428571875 0.44526815624999994 0.431428571875 0.4842346375 0.46997767812499996 0.4842346375 0.46997767812499996 0.44526815624999994
8 0.6597500000000001 0.2346927375 0.5322455359375 0.2346927375 0.5322455359375 0.2662346375 0.6597500000000001 0.2662346375 0.6597500000000001 0.2346927375
8 0.761303571875 0.2346927375 0.6945892859375 0.2346927375 0.6945892859375 0.26994413437500003 0.761303571875 0.26994413437500003 0.761303571875 0.2346927375
8 0.7657544640625 0.34508379843750003 0.7435133921875 0.34508379843750003 0.7435133921875 0.377553071875 0.7657544640625 0.377553071875 0.7657544640625 0.34508379843750003
8 0.9073392859375 0.25046368750000003 0.838397321875 0.25046368750000003 0.838397321875 0.2940670390625 0.9073392859375 0.2940670390625 0.9073392859375 0.25046368750000003
8 0.9266116078125 0.22170949687500002 0.908821428125 0.22170949687500002 0.908821428125 0.245826815625 0.9266116078125 0.245826815625 0.9266116078125 0.22170949687500002
8 0.5277991078125 0.300558659375 0.46849553593750004 0.300558659375 0.46849553593750004 0.33488268125 0.5277991078125 0.33488268125 0.5277991078125 0.300558659375
8 0.2379553578125 0.612245809375 0.19940625 0.612245809375 0.19940625 0.658631284375 0.2379553578125 0.658631284375 0.2379553578125 0.612245809375
8 0.19199553593750002 0.5760670390625 0.1512232140625 0.5760670390625 0.1512232140625 0.6270893859375 0.19199553593750002 0.6270893859375 0.19199553593750002 0.5760670390625
8 0.1519642859375 0.6892402234375 0.1275 0.6892402234375 0.1275 0.717072625 0.1519642859375 0.717072625 0.1519642859375 0.6892402234375
8 0.10155803593749999 0.730061453125 0.0548571421875 0.730061453125 0.0548571421875 0.792212290625 0.10155803593749999 0.792212290625 0.10155803593749999 0.730061453125
8 0.0518883921875 0.6957374296875 0.008897321875 0.6957374296875 0.008897321875 0.745826815625 0.0518883921875 0.745826815625 0.0518883921875 0.6957374296875
8 0.5085267859375 0.3506480453125 0.4425491078125 0.3506480453125 0.4425491078125 0.389614525 0.5085267859375 0.389614525 0.5085267859375 0.3506480453125
8 0.44403125 0.3729162015625 0.3832455359375 0.3729162015625 0.3832455359375 0.4276480453125 0.44403125 0.4276480453125 0.44403125 0.3729162015625
8 0.34321875 0.479592178125 0.312084821875 0.479592178125 0.312084821875 0.5157709500000001 0.34321875 0.5157709500000001 0.34321875 0.479592178125
8 0.5196428578125001 0.703156425 0.49073214218750005 0.703156425 0.49073214218750005 0.7393351953125 0.5196428578125001 0.7393351953125 0.5196428578125001 0.703156425
8 0.548553571875 0.6836759781249999 0.5248348218750001 0.6836759781249999 0.5248348218750001 0.72541899375 0.548553571875 0.72541899375 0.548553571875 0.6836759781249999
8 0.7257232140625 0.589055865625 0.6997767859375 0.589055865625 0.6997767859375 0.620597765625 0.7257232140625 0.620597765625 0.7257232140625 0.589055865625
8 0.733875 0.6270893859375 0.6982946421875 0.6270893859375 0.6982946421875 0.6567765359375 0.733875 0.6567765359375 0.733875 0.6270893859375
8 0.625647321875 0.6066815640625001 0.5900669640625 0.6066815640625001 0.5900669640625 0.6410055859375 0.625647321875 0.6410055859375 0.625647321875 0.6066815640625001
8 0.9985178578125 0.5788547484375 0.9733124999999999 0.5788547484375 0.9733124999999999 0.6270893859375 0.9985178578125 0.6270893859375 0.9985178578125 0.5788547484375
8 0.13046875 0.0769944140625 0.10452232187499999 0.0769944140625 0.10452232187499999 0.10111173124999999 0.13046875 0.10111173124999999 0.13046875 0.0769944140625
8 0.077834821875 0.1883128484375 0.058562499999999997 0.1883128484375 0.058562499999999997 0.20222905 0.077834821875 0.20222905 0.077834821875 0.1883128484375
3 0.9985178578125 0.2588156421875 0.980727678125 0.2588156421875 0.980727678125 0.3024134078125 0.9985178578125 0.3024134078125 0.9985178578125 0.2588156421875
3 0.1275 0.0751396640625 0.10304017812499999 0.0751396640625 0.10304017812499999 0.10111173124999999 0.1275 0.10111173124999999 0.1275 0.0751396640625
3 0.0793169640625 0.17996089375 0.0570803578125 0.17996089375 0.0570803578125 0.205938546875 0.0793169640625 0.205938546875 0.0793169640625 0.17996089375
3 0.45737500000000003 0.940636871875 0.431428571875 0.940636871875 0.431428571875 0.9749553078125001 0.45737500000000003 0.9749553078125001 0.45737500000000003 0.940636871875
5 0.578946428125 0.60018994375 0.4633080359375 0.60018994375 0.4633080359375 0.6855307265625 0.578946428125 0.6855307265625 0.578946428125 0.60018994375
8 0.11860714218749999 0.7940670390625 0.1052633921875 0.7940670390625 0.1052633921875 0.8126201125 0.11860714218749999 0.8126201125 0.11860714218749999 0.7940670390625
8 0.3380267859375 0.3905419 0.3276517859375 0.3905419 0.3276517859375 0.4118770953125 0.3380267859375 0.4118770953125 0.3380267859375 0.3905419
8 0.3550758921875 0.4044525140625 0.343959821875 0.4044525140625 0.343959821875 0.4276480453125 0.3550758921875 0.4276480453125 0.3550758921875 0.4044525140625
7 0.560415178125 0.2968491625 0.2727946421875 0.2968491625 0.2727946421875 0.5834916203125 0.560415178125 0.5834916203125 0.560415178125 0.2968491625