4 0.37109375 0.3027366078125 0.2089866078125 0.3027366078125 0.2089866078125 0.5058616078125 0.37109375 0.5058616078125 0.37109375 0.3027366078125
4 0.7578125 0.0722678578125 0.41992410781249995 0.0722678578125 0.41992410781249995 0.2578125 0.7578125 0.2578125 0.7578125 0.0722678578125
4 0.7597678578125 0.7207053578125 0.6035178578125 0.7207053578125 0.6035178578125 0.91796875 0.7597678578125 0.91796875 0.7597678578125 0.7207053578125
8 0.97265625 0.5097678578125 0.9003928578125 0.5097678578125 0.9003928578125 0.609375 0.97265625 0.609375 0.97265625 0.5097678578125
4 0.40625 0.0097678578125 0.33984375 0.0097678578125 0.33984375 0.1152366078125 0.40625 0.1152366078125 0.40625 0.0097678578125
5 0.3417991078125 0.5078125 0.01171875 0.5078125 0.01171875 0.9785178578125 0.3417991078125 0.9785178578125 0.3417991078125 0.5078125
1 0.51953125 0.234375 0.20703125 0.234375 0.20703125 0.5390625 0.51953125 0.5390625 0.51953125 0.234375
4 0.9707053578125 0.5136741078125 0.9042991078125 0.5136741078125 0.9042991078125 0.61328125 0.9707053578125 0.61328125 0.9707053578125 0.5136741078125
4 0.2324241078125 0.609375 0.19140625 0.609375 0.19140625 0.65234375 0.2324241078125 0.65234375 0.2324241078125 0.609375
4 0.2441428578125 0.5761741078125 0.2128928578125 0.5761741078125 0.2128928578125 0.60546875 0.2441428578125 0.60546875 0.2441428578125 0.5761741078125
4 0.3261741078125 0.640625 0.296875 0.640625 0.296875 0.6660178578125 0.3261741078125 0.6660178578125 0.3261741078125 0.640625
8 0.6699241078125 0.73046875 0.6464866078125 0.73046875 0.6464866078125 0.78125 0.6699241078125 0.78125 0.6699241078125 0.73046875
8 0.73828125 0.86328125 0.7089866078125 0.86328125 0.7089866078125 0.8828125 0.73828125 0.8828125 0.73828125 0.86328125
8 0.75390625 0.890625 0.7246116078125 0.890625 0.7246116078125 0.9140625 0.75390625 0.9140625 0.75390625 0.890625
8 0.6464866078125 0.8613303578125 0.6191428578125 0.8613303578125 0.6191428578125 0.89453125 0.6464866078125 0.89453125 0.6464866078125 0.8613303578125
8 0.67578125 0.0800803578125 0.57421875 0.0800803578125 0.57421875 0.1386741078125 0.67578125 0.1386741078125 0.67578125 0.0800803578125
8 0.73828125 0.0761741078125 0.68359375 0.0761741078125 0.68359375 0.09765625 0.73828125 0.09765625 0.73828125 0.0761741078125
8 0.7265625 0.1464866078125 0.7089866078125 0.1464866078125 0.7089866078125 0.171875 0.7265625 0.171875 0.7265625 0.1464866078125
8 0.67578125 0.1875 0.609375 0.1875 0.609375 0.21484375 0.67578125 0.21484375 0.67578125 0.1875
8 0.61328125 0.2285178578125 0.59375 0.2285178578125 0.59375 0.25 0.61328125 0.25 0.61328125 0.2285178578125
8 0.578125 0.2011741078125 0.5527366078125 0.2011741078125 0.5527366078125 0.2167991078125 0.578125 0.2167991078125 0.578125 0.2011741078125
8 0.5644553578125 0.1464866078125 0.5234375 0.1464866078125 0.5234375 0.1699241078125 0.5644553578125 0.1699241078125 0.5644553578125 0.1464866078125
8 0.48828125 0.1503928578125 0.43359375 0.1503928578125 0.43359375 0.1777366078125 0.48828125 0.1777366078125 0.48828125 0.1503928578125
8 0.5078125 0.1777366078125 0.484375 0.1777366078125 0.484375 0.1972678578125 0.5078125 0.1972678578125 0.5078125 0.1777366078125
8 0.3769553578125 0.0058616078125 0.359375 0.0058616078125 0.359375 0.0214866078125 0.3769553578125 0.0214866078125 0.3769553578125 0.0058616078125
8 0.40625 0.0390625 0.3769553578125 0.0390625 0.3769553578125 0.1015625 0.40625 0.1015625 0.40625 0.0390625
8 0.3144553578125 0.31640625 0.29296875 0.31640625 0.29296875 0.3339866078125 0.3144553578125 0.3339866078125 0.3144553578125 0.31640625
8 0.2871116078125 0.3046875 0.2753928578125 0.3046875 0.2753928578125 0.3457053578125 0.2871116078125 0.3457053578125 0.2871116078125 0.3046875
8 0.2714866078125 0.3457053578125 0.2519553578125 0.3457053578125 0.2519553578125 0.3613303578125 0.2714866078125 0.3613303578125 0.2714866078125 0.3457053578125
8 0.328125 0.3613303578125 0.29296875 0.3613303578125 0.29296875 0.3847678578125 0.328125 0.3847678578125 0.328125 0.3613303578125
8 0.2246116078125 0.375 0.2128928578125 0.375 0.2128928578125 0.3925803578125 0.2246116078125 0.3925803578125 0.2246116078125 0.375
4 0.44140625 0.5566428578125 0.3886741078125 0.5566428578125 0.3886741078125 0.5761741078125 0.44140625 0.5761741078125 0.44140625 0.5566428578125
4 0.4453125 0.3847678578125 0.3847678578125 0.3847678578125 0.3847678578125 0.42383035781249995 0.4453125 0.42383035781249995 0.4453125 0.3847678578125