3 0.9785178578125 0.29296875 0.7050803578125 0.29296875 0.7050803578125 0.46875 0.9785178578125 0.46875 0.9785178578125 0.29296875
3 0.9433616078125 0.4375 0.87109375 0.4375 0.87109375 0.5917991078125 0.9433616078125 0.5917991078125 0.9433616078125 0.4375
3 0.78515625 0.67578125 0.6640625 0.67578125 0.6640625 0.8183616078125 0.78515625 0.8183616078125 0.78515625 0.67578125
3 0.7363303578125 0.8339866078125 0.6113303578125 0.8339866078125 0.6113303578125 0.9765625 0.7363303578125 0.9765625 0.7363303578125 0.8339866078125
3 0.39453125 0.6621116078125 0.2128928578125 0.6621116078125 0.2128928578125 0.8339866078125 0.39453125 0.8339866078125 0.39453125 0.6621116078125
7 0.1386741078125 0.8203125 0.025392857812500003 0.8203125 0.025392857812500003 0.9589866078125 0.1386741078125 0.9589866078125 0.1386741078125 0.8203125
5 0.84375 0.19921875 0.2578125 0.19921875 0.2578125 0.6015625 0.84375 0.6015625 0.84375 0.19921875
3 0.47265625 0.6152366078125 0.42773660781249995 0.6152366078125 0.42773660781249995 0.6660178578125 0.47265625 0.6660178578125 0.47265625 0.6152366078125
3 0.12890625 0.6894553578125 0.06640625 0.6894553578125 0.06640625 0.7519553578125 0.12890625 0.7519553578125 0.12890625 0.6894553578125
3 0.28125 0.1269553578125 0.2441428578125 0.1269553578125 0.2441428578125 0.15234375 0.28125 0.15234375 0.28125 0.1269553578125
3 0.15234375 0.16796875 0.1230491078125 0.16796875 0.1230491078125 0.1933616078125 0.15234375 0.1933616078125 0.15234375 0.16796875
3 0.2167991078125 0.1503928578125 0.171875 0.1503928578125 0.171875 0.2089866078125 0.2167991078125 0.2089866078125 0.2167991078125 0.1503928578125
3 0.23828125 0.37890625 0.2050803578125 0.37890625 0.2050803578125 0.41015625 0.23828125 0.41015625 0.23828125 0.37890625
3 0.0878928578125 0.2578125 0.025392857812500003 0.2578125 0.025392857812500003 0.3046875 0.0878928578125 0.3046875 0.0878928578125 0.2578125
3 0.1640625 0.1015625 0.13671875 0.1015625 0.13671875 0.1425803578125 0.1640625 0.1425803578125 0.1640625 0.1015625
3 0.9902366078125 0.2714866078125 0.90234375 0.2714866078125 0.90234375 0.47070535781249995 0.9902366078125 0.47070535781249995 0.9902366078125 0.2714866078125
3 0.9472678578125 0.51953125 0.8964866078125 0.51953125 0.8964866078125 0.5800803578125 0.9472678578125 0.5800803578125 0.9472678578125 0.51953125
4 0.3730491078125 0.6777366078125 0.2246116078125 0.6777366078125 0.2246116078125 0.8183616078125 0.3730491078125 0.8183616078125 0.3730491078125 0.6777366078125