4 0.3496116078125 0 0.3496116078125 0.0605491078125 0.6074241078125 0.0605491078125 0.6074241078125 0 0.3496116078125 0
4 0.640625 0 0.640625 0.0644553578125 0.69140625 0.0644553578125 0.69140625 0 0.640625 0
4 0.0761741078125 0.42383035781249995 0.01953125 0.42383035781249995 0.01953125 0.48046875 0.0761741078125 0.48046875 0.0761741078125 0.42383035781249995
4 0.1269553578125 0.4609375 0.09375 0.4609375 0.09375 0.5097678578125 0.1269553578125 0.5097678578125 0.1269553578125 0.4609375
4 0.08203125 0.6484375 0.0214866078125 0.6484375 0.0214866078125 0.70703125 0.08203125 0.70703125 0.08203125 0.6484375
4 0.0878928578125 0.7421875 0.0527366078125 0.7421875 0.0527366078125 0.7910178578125 0.0878928578125 0.7910178578125 0.0878928578125 0.7421875
4 0 0.3847678578125 0.0488303578125 0.3847678578125 0.0488303578125 0.3359375 0 0.3359375 0 0.3847678578125
4 0.1621116078125 0.3046875 0.1230491078125 0.3046875 0.1230491078125 0.3652366078125 0.1621116078125 0.3652366078125 0.1621116078125 0.3046875
7 0.859375 0.8535178578125 0.6640625 0.8535178578125 0.6640625 0.99609375 0.859375 0.99609375 0.859375 0.8535178578125
5 0.81640625 0.26171875 0.3457053578125 0.26171875 0.3457053578125 0.6113303578125 0.81640625 0.6113303578125 0.81640625 0.26171875
8 0.9980491078125 0.7890625 0.9746116078125 0.7890625 0.9746116078125 0.8457053578125 0.9980491078125 0.8457053578125 0.9980491078125 0.7890625