2 0.34766517812500003 0.03988826875 0.064491071875 0.03988826875 0.064491071875 0.9044581 0.34766517812500003 0.9044581 0.34766517812500003 0.03988826875
8 0.34766517812500003 0.004636871875 0.285397321875 0.004636871875 0.285397321875 0.0677206703125 0.34766517812500003 0.0677206703125 0.34766517812500003 0.004636871875
8 0.384727678125 0.043597765625 0.3647142859375 0.043597765625 0.3647142859375 0.0872011171875 0.384727678125 0.0872011171875 0.384727678125 0.043597765625
8 0.4106741078125 0.03988826875 0.3817633921875 0.03988826875 0.3817633921875 0.082558659375 0.4106741078125 0.082558659375 0.4106741078125 0.03988826875
8 0.49666517812500005 0.000927375 0.4818392859375 0.000927375 0.4818392859375 0.0640055859375 0.49666517812500005 0.0640055859375 0.49666517812500005 0.000927375
8 0.48258035781249997 0.0872011171875 0.3765758921875 0.0872011171875 0.3765758921875 0.22449162031249997 0.48258035781249997 0.22449162031249997 0.48258035781249997 0.0872011171875
8 0.5448482140625 0.12894413437500002 0.49073214218750005 0.12894413437500002 0.49073214218750005 0.22170949687500002 0.5448482140625 0.22170949687500002 0.5448482140625 0.12894413437500002
8 0.5767232140624999 0.20964804531249998 0.5189017859375 0.20964804531249998 0.5189017859375 0.26530726250000003 0.5767232140624999 0.26530726250000003 0.5767232140624999 0.20964804531249998
8 0.5174196421875 0.25696089375 0.5003705359375 0.25696089375 0.5003705359375 0.29777653593750003 0.5174196421875 0.29777653593750003 0.5174196421875 0.25696089375
8 0.483321428125 0.26345251406250003 0.46553125 0.26345251406250003 0.46553125 0.293134078125 0.483321428125 0.293134078125 0.483321428125 0.26345251406250003
8 0.48258035781249997 0.315402234375 0.4729419640625 0.315402234375 0.4729419640625 0.363636871875 0.48258035781249997 0.363636871875 0.48258035781249997 0.315402234375
8 0.6508526781249999 0.25231843593750003 0.580428571875 0.25231843593750003 0.580428571875 0.33951955312500004 0.6508526781249999 0.33951955312500004 0.6508526781249999 0.25231843593750003
8 0.5633794640625001 0.43228491562500004 0.5129732140625001 0.43228491562500004 0.5129732140625001 0.48237430156250005 0.5633794640625001 0.48237430156250005 0.5633794640625001 0.43228491562500004
8 0.6819866078125 0.347865921875 0.5967366078125 0.347865921875 0.5967366078125 0.4387765359375 0.6819866078125 0.4387765359375 0.6819866078125 0.347865921875
8 0.6805044640625 0.40630726250000004 0.645665178125 0.40630726250000004 0.645665178125 0.45640223437499994 0.6805044640625 0.45640223437499994 0.6805044640625 0.40630726250000004
8 0.714602678125 0.4267206703125 0.687915178125 0.4267206703125 0.687915178125 0.4851620109375 0.714602678125 0.4851620109375 0.714602678125 0.4267206703125
8 0.6627142859374999 0.4740279328125 0.5826517859375 0.4740279328125 0.5826517859375 0.53896089375 0.6627142859374999 0.53896089375 0.6627142859374999 0.4740279328125
8 0.6174955359375 0.5584413406250001 0.5915491078125 0.5584413406250001 0.5915491078125 0.6020446921875 0.6174955359375 0.6020446921875 0.6174955359375 0.5584413406250001
8 0.660491071875 0.603899440625 0.5715357140624999 0.603899440625 0.5715357140624999 0.7513966484375 0.660491071875 0.7513966484375 0.660491071875 0.603899440625
8 0.722758928125 0.52226815625 0.6508526781249999 0.52226815625 0.6508526781249999 0.61688826875 0.722758928125 0.61688826875 0.722758928125 0.52226815625
8 0.7724241078125 0.6604860328125 0.660491071875 0.6604860328125 0.660491071875 0.7820055859374999 0.7724241078125 0.7820055859374999 0.7724241078125 0.6604860328125
8 0.7316517859375 0.619670390625 0.714602678125 0.619670390625 0.714602678125 0.6558491625 0.7316517859375 0.6558491625 0.7316517859375 0.619670390625
8 0.759821428125 0.564938546875 0.7353616078125 0.564938546875 0.7353616078125 0.6150279328125 0.759821428125 0.6150279328125 0.759821428125 0.564938546875
8 0.4633080359375 0.4851620109375 0.431428571875 0.4851620109375 0.431428571875 0.53896089375 0.4633080359375 0.53896089375 0.4633080359375 0.4851620109375
8 0.5463303578125001 0.5371061453125 0.5144553578125 0.5371061453125 0.5144553578125 0.5992625703125001 0.5463303578125001 0.5992625703125001 0.5463303578125001 0.5371061453125
8 0.734616071875 0.7949944140625 0.6745758921875 0.7949944140625 0.6745758921875 0.84322905 0.734616071875 0.84322905 0.734616071875 0.7949944140625
8 0.6404732140625 0.7708770953124999 0.601928571875 0.7708770953124999 0.601928571875 0.8256089390625 0.6404732140625 0.8256089390625 0.6404732140625 0.7708770953124999
7 0.7857678578125 0.8061284921875 0.283915178125 0.8061284921875 0.283915178125 0.9944357546875 0.7857678578125 0.9944357546875 0.7857678578125 0.8061284921875
7 0.8799107140625001 0.9499106140625001 0.8309866078124999 0.9499106140625001 0.8309866078124999 0.9972234640625001 0.8799107140625001 0.9972234640625001 0.8799107140625001 0.9499106140625001
7 0.1393616078125 0.8107653625 0.059303571875 0.8107653625 0.059303571875 0.9823798874999999 0.1393616078125 0.9823798874999999 0.1393616078125 0.8107653625
1 0.32542410781250003 0.23005586562499997 0.11267410781250001 0.23005586562499997 0.11267410781250001 0.6753296093750001 0.32542410781250003 0.6753296093750001 0.32542410781250003 0.23005586562499997
1 0.9266116078125 0.5120614531250001 0.7642678578125001 0.5120614531250001 0.7642678578125001 0.73377095 0.9266116078125 0.73377095 0.9266116078125 0.5120614531250001
1 0.47590625 0.32467597812500004 0.3194955359375 0.32467597812500004 0.3194955359375 0.5333966484375 0.47590625 0.5333966484375 0.47590625 0.32467597812500004
1 0.44699999999999995 0.5380335203125 0.3647142859375 0.5380335203125 0.3647142859375 0.6224525140625 0.44699999999999995 0.6224525140625 0.44699999999999995 0.5380335203125
1 0.7398080359375 0 0.7398080359375 0.0575139671875 0.8458125000000001 0.0575139671875 0.8458125000000001 0 0.7398080359375 0
1 0.9747946421875 0.550094971875 0.927352678125 0.550094971875 0.927352678125 0.6103910609375001 0.9747946421875 0.6103910609375001 0.9747946421875 0.550094971875
8 0.3773169640625 0.535251396875 0.36249107187499996 0.535251396875 0.36249107187499996 0.5547318437500001 0.3773169640625 0.5547318437500001 0.3773169640625 0.535251396875
8 0.44625446406249997 0.5658659218750001 0.43513839218749994 0.5658659218750001 0.43513839218749994 0.5769944140625001 0.44625446406249997 0.5769944140625001 0.44625446406249997 0.5658659218750001
8 0.5174196421875 0.7152178765625 0.5077857140625001 0.7152178765625 0.5077857140625001 0.72541899375 0.5174196421875 0.72541899375 0.5174196421875 0.7152178765625
8 0.4840625 0.732843575 0.46553125 0.732843575 0.46553125 0.7588156421875001 0.4840625 0.7588156421875001 0.4840625 0.732843575
8 0.357303571875 0.6372960890625 0.334321428125 0.6372960890625 0.334321428125 0.6604860328125 0.357303571875 0.6604860328125 0.357303571875 0.6372960890625
8 0.7449955359375 0.5287597765625 0.7197946421875 0.5287597765625 0.7197946421875 0.5640111734375 0.7449955359375 0.5640111734375 0.7449955359375 0.5287597765625
8 0.761303571875 0.5055698328125 0.7435133921875 0.5055698328125 0.7435133921875 0.535251396875 0.761303571875 0.535251396875 0.761303571875 0.5055698328125
8 0.8658258921875 0.307977653125 0.8465535718750001 0.307977653125 0.8465535718750001 0.32931284843749997 0.8658258921875 0.32931284843749997 0.8658258921875 0.307977653125
7 0.9258705359375 0.9063128484374999 0.9065982140625 0.9063128484374999 0.9065982140625 0.9341396640624999 0.9258705359375 0.9341396640624999 0.9258705359375 0.9063128484374999
7 0.09414285781250001 0.518553071875 0.0474419640625 0.518553071875 0.0474419640625 0.5946201125 0.09414285781250001 0.5946201125 0.09414285781250001 0.518553071875
7 0 0.8682793296875 0.0785758921875 0.8682793296875 0.0785758921875 0.589983240625 0 0.589983240625 0 0.8682793296875
3 0.91771875 0.43228491562500004 0.83246875 0.43228491562500004 0.83246875 0.5473128484374999 0.91771875 0.5473128484374999 0.91771875 0.43228491562500004
3 0.870272321875 0.30519553125 0.845071428125 0.30519553125 0.845071428125 0.33581005625000004 0.870272321875 0.33581005625000004 0.870272321875 0.30519553125
3 0.492959821875 0.7235642453125 0.4603392859375 0.7235642453125 0.4603392859375 0.7699497203125001 0.492959821875 0.7699497203125001 0.492959821875 0.7235642453125
3 0.8302455359375 0.744899440625 0.77909375 0.744899440625 0.77909375 0.78757541875 0.8302455359375 0.78757541875 0.8302455359375 0.744899440625
1 0.8984419640624999 0.06957541874999999 0.7813214281249999 0.06957541874999999 0.7813214281249999 0.14749720625 0.8984419640624999 0.14749720625 0.8984419640624999 0.06957541874999999
1 0.9822098218749999 0.23933519531249997 0.801334821875 0.23933519531249997 0.801334821875 0.41280446875 0.9822098218749999 0.41280446875 0.9822098218749999 0.23933519531249997
1 0.9659017859375 0.3970335203125 0.8539642859375001 0.3970335203125 0.8539642859375001 0.5436033515625 0.9659017859375 0.5436033515625 0.9659017859375 0.3970335203125
1 0.9577455359375 0.5380335203125 0.761303571875 0.5380335203125 0.761303571875 0.7439720671875001 0.9577455359375 0.7439720671875001 0.9577455359375 0.5380335203125
1 0.4143794640625 0.6725418999999999 0.354334821875 0.6725418999999999 0.354334821875 0.75788826875 0.4143794640625 0.75788826875 0.4143794640625 0.6725418999999999
1 0.2357321421875 0.6660502796875 0.1593794640625 0.6660502796875 0.1593794640625 0.9990782125000001 0.2357321421875 0.9990782125000001 0.2357321421875 0.6660502796875