5 0.9710892859375001 0.7402625703125 0.49147321406250005 0.7402625703125 0.49147321406250005 0.9814525140624999 0.9710892859375001 0.9814525140624999 0.9710892859375001 0.7402625703125
5 0.980727678125 0.014843575000000001 0.7694598218750001 0.014843575000000001 0.7694598218750001 0.22541899375000002 0.980727678125 0.22541899375000002 0.980727678125 0.014843575000000001
3 0.1927366078125 0.25974301718750004 0.16530803593750001 0.25974301718750004 0.16530803593750001 0.3014860328125 0.1927366078125 0.3014860328125 0.1927366078125 0.25974301718750004
3 0.1890267859375 0.29777653593750003 0.1393616078125 0.29777653593750003 0.1393616078125 0.3460111734375 0.1890267859375 0.3460111734375 0.1890267859375 0.29777653593750003
3 0.1979241078125 0.40259776562500005 0.176428571875 0.40259776562500005 0.176428571875 0.4471284921875 0.1979241078125 0.4471284921875 0.1979241078125 0.40259776562500005
3 0.2461071421875 0.2820055859375 0.2075625 0.2820055859375 0.2075625 0.34879329531250003 0.2461071421875 0.34879329531250003 0.2461071421875 0.2820055859375
3 0.28465625 0.25974301718750004 0.266866071875 0.25974301718750004 0.266866071875 0.307977653125 0.28465625 0.307977653125 0.28465625 0.25974301718750004
3 0.30541071406250003 0.307977653125 0.2735357140625 0.307977653125 0.2735357140625 0.3645642453125 0.30541071406250003 0.3645642453125 0.30541071406250003 0.307977653125
3 0.32171875 0.332100559375 0.30541071406250003 0.332100559375 0.30541071406250003 0.3729162015625 0.32171875 0.3729162015625 0.32171875 0.332100559375
3 0.3780580359375 0.29592178750000003 0.32542410781250003 0.29592178750000003 0.32542410781250003 0.36827374375 0.3780580359375 0.36827374375 0.3780580359375 0.29592178750000003
3 0.2683482140625 0.141927375 0.2424017859375 0.141927375 0.2424017859375 0.18089385468750002 0.2683482140625 0.18089385468750002 0.2683482140625 0.141927375
3 0.2913258921875 0.1623407828125 0.2609330359375 0.1623407828125 0.2609330359375 0.19665921718749999 0.2913258921875 0.19665921718749999 0.2913258921875 0.1623407828125
3 0.3150491078125 0.16883240156249998 0.28762053593750003 0.16883240156249998 0.28762053593750003 0.21892737499999998 0.3150491078125 0.21892737499999998 0.3150491078125 0.16883240156249998
3 0.39955357187499996 0.1901675984375 0.3721294640625 0.1901675984375 0.3721294640625 0.2356201125 0.39955357187499996 0.2356201125 0.39955357187499996 0.1901675984375
3 0.30541071406250003 0.004636871875 0.258709821875 0.004636871875 0.258709821875 0.0408156421875 0.30541071406250003 0.0408156421875 0.30541071406250003 0.004636871875
3 0.4610803578125 0.0102067046875 0.3602678578125 0.0102067046875 0.3602678578125 0.128016759375 0.4610803578125 0.128016759375 0.4610803578125 0.0102067046875
3 0.4321741078125 0.1539888265625 0.24758928593750001 0.1539888265625 0.24758928593750001 0.3923966484375 0.4321741078125 0.3923966484375 0.4321741078125 0.1539888265625
3 0.46256696406250003 0.7653072625 0.43365625 0.7653072625 0.43365625 0.8116927374999999 0.46256696406250003 0.8116927374999999 0.46256696406250003 0.7653072625
3 0.44477232187500004 0.815402234375 0.4255 0.815402234375 0.4255 0.85158100625 0.44477232187500004 0.85158100625 0.44477232187500004 0.815402234375
3 0.24758928593750001 0.95918994375 0.1460357140625 0.95918994375 0.1460357140625 0.995363128125 0.24758928593750001 0.995363128125 0.24758928593750001 0.95918994375
3 0.45292857187499996 0.5241229046875 0.4284642859375 0.5241229046875 0.4284642859375 0.5565865921875 0.45292857187499996 0.5565865921875 0.45292857187499996 0.5241229046875
3 0.4188303578125 0.5584413406250001 0.4106741078125 0.5584413406250001 0.4106741078125 0.5872011171875 0.4188303578125 0.5872011171875 0.4188303578125 0.5584413406250001
3 0.4610803578125 0.562156425 0.44625446406249997 0.562156425 0.44625446406249997 0.5909106140625 0.4610803578125 0.5909106140625 0.4610803578125 0.562156425
3 0.5011116078125 0.551022346875 0.4773928578125 0.551022346875 0.4773928578125 0.597407821875 0.5011116078125 0.597407821875 0.5011116078125 0.551022346875
3 0.5315044640625 0.520407821875 0.5025937500000001 0.520407821875 0.5025937500000001 0.5769944140625001 0.5315044640625 0.5769944140625001 0.5315044640625 0.520407821875
3 0.5492946421875 0.5927653625 0.5226071421875 0.5927653625 0.5226071421875 0.63358100625 0.5492946421875 0.63358100625 0.5492946421875 0.5927653625
3 0.5759821421875 0.6855307265625 0.5463303578125001 0.6855307265625 0.5463303578125001 0.7309888265625 0.5759821421875 0.7309888265625 0.5759821421875 0.6855307265625
3 0.6271294640625 0.8237486031250001 0.580428571875 0.8237486031250001 0.580428571875 0.8766256984374999 0.6271294640625 0.8766256984374999 0.6271294640625 0.8237486031250001
3 0.5189017859375 0.9146592171875 0.475165178125 0.9146592171875 0.475165178125 0.95918994375 0.5189017859375 0.95918994375 0.5189017859375 0.9146592171875
3 0.567084821875 0.41744134062500005 0.543366071875 0.41744134062500005 0.543366071875 0.4554748609375 0.567084821875 0.4554748609375 0.567084821875 0.41744134062500005
3 0.6575223218749999 0.46103910625 0.6241651781249999 0.46103910625 0.6241651781249999 0.5157709500000001 0.6575223218749999 0.5157709500000001 0.6575223218749999 0.46103910625
3 0.709415178125 0.3905419 0.6738303578125 0.3905419 0.6738303578125 0.481446928125 0.709415178125 0.481446928125 0.709415178125 0.3905419
3 0.664196428125 0.15862569843750002 0.6241651781249999 0.15862569843750002 0.6241651781249999 0.1929497203125 0.664196428125 0.1929497203125 0.664196428125 0.15862569843750002
3 0.638991071875 0.21243016718750002 0.6212008921875001 0.21243016718750002 0.6212008921875001 0.24304469218750002 0.638991071875 0.24304469218750002 0.638991071875 0.21243016718750002
3 0.6664196421875 0.21892737499999998 0.64640625 0.21892737499999998 0.64640625 0.246754190625 0.6664196421875 0.246754190625 0.6664196421875 0.21892737499999998
3 0.535209821875 0.18645810000000002 0.5122321421875 0.18645810000000002 0.5122321421875 0.2328379890625 0.535209821875 0.2328379890625 0.535209821875 0.18645810000000002
3 0.528540178125 0.1539888265625 0.4944419640625 0.1539888265625 0.4944419640625 0.20315642500000003 0.528540178125 0.20315642500000003 0.528540178125 0.1539888265625
3 0.5129732140625001 0.10760893906249999 0.43810267812500003 0.10760893906249999 0.43810267812500003 0.25139106093749997 0.5129732140625001 0.25139106093749997 0.5129732140625001 0.10760893906249999
3 0.5544866078124999 0.2328379890625 0.543366071875 0.2328379890625 0.543366071875 0.26345251406250003 0.5544866078124999 0.26345251406250003 0.5544866078124999 0.2328379890625
3 0.4321741078125 0.94434636875 0.402522321875 0.94434636875 0.402522321875 0.9833072625 0.4321741078125 0.9833072625 0.4321741078125 0.94434636875
7 0.2357321421875 0.003709496875 0.0022232140625000002 0.003709496875 0.0022232140625000002 0.6243072625 0.2357321421875 0.6243072625 0.2357321421875 0.003709496875
3 0.6760580359375 0.3172569828125 0.642696428125 0.3172569828125 0.642696428125 0.3617821234375 0.6760580359375 0.3617821234375 0.6760580359375 0.3172569828125
3 0.52928125 0.41744134062500005 0.5077857140625001 0.41744134062500005 0.5077857140625001 0.4387765359375 0.52928125 0.4387765359375 0.52928125 0.41744134062500005
3 0.55596875 0.32838547500000004 0.5404017859375 0.32838547500000004 0.5404017859375 0.3460111734375 0.55596875 0.3460111734375 0.55596875 0.32838547500000004
3 0.3521116078125 0.3840446921875 0.3239419640625 0.3840446921875 0.3239419640625 0.42115083750000004 0.3521116078125 0.42115083750000004 0.3521116078125 0.3840446921875
8 0.2238705359375 0.300558659375 0.21052678593750002 0.300558659375 0.21052678593750002 0.3274581 0.2238705359375 0.3274581 0.2238705359375 0.300558659375
8 0.23424553593750003 0.3014860328125 0.2246116078125 0.3014860328125 0.2246116078125 0.3274581 0.23424553593750003 0.3274581 0.23424553593750003 0.3014860328125
8 0.18235714218750002 0.4118770953125 0.17420089218749998 0.4118770953125 0.17420089218749998 0.4304301671875 0.18235714218750002 0.4304301671875 0.18235714218750002 0.4118770953125
8 0.3143080359375 0.344156425 0.3068928578125 0.344156425 0.3068928578125 0.3645642453125 0.3143080359375 0.3645642453125 0.3143080359375 0.344156425
8 0.285397321875 0.32467597812500004 0.2779821421875 0.32467597812500004 0.2779821421875 0.34508379843750003 0.285397321875 0.34508379843750003 0.285397321875 0.32467597812500004
8 0.392883928125 0.2003743015625 0.3839866078125 0.2003743015625 0.3839866078125 0.21613966406250001 0.392883928125 0.21613966406250001 0.392883928125 0.2003743015625
8 0.335803571875 0.393324021875 0.3283928578125 0.393324021875 0.3283928578125 0.41280446875 0.335803571875 0.41280446875 0.335803571875 0.393324021875
8 0.6545580359375001 0.16790502812500002 0.645665178125 0.16790502812500002 0.645665178125 0.187385475 0.6545580359375001 0.187385475 0.6545580359375001 0.16790502812500002
8 0.637508928125 0.17346927343750002 0.6293571421874999 0.17346927343750002 0.6293571421874999 0.1883128484375 0.637508928125 0.1883128484375 0.637508928125 0.17346927343750002
8 0.6367678578125 0.21613966406250001 0.6271294640625 0.21613966406250001 0.6271294640625 0.2356201125 0.6367678578125 0.2356201125 0.6367678578125 0.21613966406250001
8 0.6590044640625 0.22727374375 0.6501116078125 0.22727374375 0.6501116078125 0.24118994374999997 0.6590044640625 0.24118994374999997 0.6590044640625 0.22727374375
8 0.573758928125 0.6975921781250001 0.561897321875 0.6975921781250001 0.561897321875 0.7198547484375 0.573758928125 0.7198547484375 0.573758928125 0.6975921781250001
8 0.5581919640625 0.6985195531249999 0.5478125 0.6985195531249999 0.5478125 0.717072625 0.5581919640625 0.717072625 0.5581919640625 0.6985195531249999
8 0.4610803578125 0.7820055859374999 0.4492232140625 0.7820055859374999 0.4492232140625 0.8005586593749999 0.4610803578125 0.8005586593749999 0.4610803578125 0.7820055859374999
8 0.44625446406249997 0.7820055859374999 0.4358794640625 0.7820055859374999 0.4358794640625 0.80426815625 0.44625446406249997 0.80426815625 0.44625446406249997 0.7820055859374999
8 0.43884375000000003 0.8293184359374999 0.4255 0.8293184359374999 0.4255 0.8423016765625 0.43884375000000003 0.8423016765625 0.43884375000000003 0.8293184359374999
8 0.6115625 0.8487988828124999 0.6011875 0.8487988828124999 0.6011875 0.8608547484375 0.6115625 0.8608547484375 0.6115625 0.8487988828124999
8 0.59821875 0.8460167593750001 0.587102678125 0.8460167593750001 0.587102678125 0.86549720625 0.59821875 0.86549720625 0.59821875 0.8460167593750001
8 0.8295044640624999 0.8961061453125 0.8117142859375001 0.8961061453125 0.8117142859375001 0.910022346875 0.8295044640624999 0.910022346875 0.8295044640624999 0.8961061453125
8 0.7590803578124999 0.8617821234375 0.746477678125 0.8617821234375 0.746477678125 0.8747709499999999 0.7590803578124999 0.8747709499999999 0.7590803578124999 0.8617821234375
8 0.7264642859375 0.870134078125 0.7175669640625 0.870134078125 0.7175669640625 0.8859050281249999 0.7264642859375 0.8859050281249999 0.7264642859375 0.870134078125
8 0.3706428578125 0.098329609375 0.3632321421875 0.098329609375 0.3632321421875 0.10946368749999999 0.3706428578125 0.10946368749999999 0.3706428578125 0.098329609375
3 0.1260178578125 0.3181843578125 0.09414285781250001 0.3181843578125 0.09414285781250001 0.3617821234375 0.1260178578125 0.3617821234375 0.1260178578125 0.3181843578125