6 0.446366071875 0.4245 0.0051919640625 0.4245 0.0051919640625 0.756108246875 0.446366071875 0.756108246875 0.446366071875 0.4245
4 0.351209821875 0.551350515625 0.3217991078125 0.551350515625 0.3217991078125 0.586309278125 0.351209821875 0.586309278125 0.351209821875 0.551350515625
4 0.408303571875 0.5223865984375 0.379758928125 0.5223865984375 0.379758928125 0.5483556703125 0.408303571875 0.5483556703125 0.408303571875 0.5223865984375
4 0.301040178125 0.5883041234374999 0.26816517812499996 0.5883041234374999 0.26816517812499996 0.6322525765625 0.301040178125 0.6322525765625 0.301040178125 0.5883041234374999
8 0.26903125 0.52638144375 0.2197232140625 0.52638144375 0.2197232140625 0.6172731953125 0.26903125 0.6172731953125 0.26903125 0.52638144375
8 0.9083035718750001 0.603288659375 0.8728392859375 0.603288659375 0.8728392859375 0.6582268046875 0.9083035718750001 0.6582268046875 0.9083035718750001 0.603288659375
4 0.9282008921875 0.603288659375 0.865053571875 0.603288659375 0.865053571875 0.667211340625 0.9282008921875 0.667211340625 0.9282008921875 0.603288659375
4 0.7923883921875 0.307639175 0.673008928125 0.307639175 0.673008928125 0.5313762890625 0.7923883921875 0.5313762890625 0.7923883921875 0.307639175
5 0.532008928125 0.014984535937499998 0.0276830359375 0.014984535937499998 0.0276830359375 0.4534639171875 0.532008928125 0.4534639171875 0.532008928125 0.014984535937499998
1 0.4403125 0.1917731953125 0.246540178125 0.1917731953125 0.246540178125 0.3096340203125 0.4403125 0.3096340203125 0.4403125 0.1917731953125
4 0.0657455359375 0.66222165 0.0380625 0.66222165 0.0380625 0.686190721875 0.0657455359375 0.686190721875 0.0657455359375 0.66222165
4 0.1089955359375 0.653231959375 0.06833928593750001 0.653231959375 0.06833928593750001 0.6801958765625 0.1089955359375 0.6801958765625 0.1089955359375 0.653231959375
4 0.1946383921875 0.6182731953125 0.10812946406249999 0.6182731953125 0.10812946406249999 0.6542268046874999 0.1946383921875 0.6542268046874999 0.1946383921875 0.6182731953125
4 0.23010267812500002 0.6012938140624999 0.198959821875 0.6012938140624999 0.198959821875 0.64324226875 0.23010267812500002 0.64324226875 0.23010267812500002 0.6012938140624999
4 0.059687500000000004 0.5443608249999999 0.0051919640625 0.5443608249999999 0.0051919640625 0.584309278125 0.059687500000000004 0.584309278125 0.059687500000000004 0.5443608249999999
4 0.0994821421875 0.5813144328125001 0.079584821875 0.5813144328125001 0.079584821875 0.603288659375 0.0994821421875 0.603288659375 0.0994821421875 0.5813144328125001
4 0.380625 0.5573453609375 0.346883928125 0.5573453609375 0.346883928125 0.59529896875 0.380625 0.59529896875 0.380625 0.5573453609375
4 0.43858035781250004 0.46045876249999995 0.3771607140625 0.46045876249999995 0.3771607140625 0.5373659796875 0.43858035781250004 0.5373659796875 0.43858035781250004 0.46045876249999995
4 0.3754330359375 0.485427834375 0.2984419640625 0.485427834375 0.2984419640625 0.5573453609375 0.3754330359375 0.5573453609375 0.3754330359375 0.485427834375
4 0.329584821875 0.5044072171875 0.24308035781249998 0.5044072171875 0.24308035781249998 0.5903041234375 0.329584821875 0.5903041234375 0.329584821875 0.5044072171875
4 0.1211071421875 0.7181546390625 0.076125 0.7181546390625 0.076125 0.7690927828125 0.1211071421875 0.7690927828125 0.1211071421875 0.7181546390625