5 0.4255 0.0102067046875 0.174946428125 0.0102067046875 0.174946428125 0.25324580937499996 0.4255 0.25324580937499996 0.4255 0.0102067046875
3 0.4558928578125 0.016698323437500003 0.357303571875 0.016698323437500003 0.357303571875 0.25139106093749997 0.4558928578125 0.25139106093749997 0.4558928578125 0.016698323437500003
3 0.51075 0.2291284921875 0.44625446406249997 0.2291284921875 0.44625446406249997 0.29592178750000003 0.51075 0.29592178750000003 0.51075 0.2291284921875
7 0.2008883921875 0.025044692187500002 0.0066696421875 0.025044692187500002 0.0066696421875 0.8682793296875 0.2008883921875 0.8682793296875 0.2008883921875 0.025044692187500002
8 0.19940625 0.854363128125 0.0807991078125 0.854363128125 0.0807991078125 0.9888715078124999 0.19940625 0.9888715078124999 0.19940625 0.854363128125
7 0.32987500000000003 0.84972625625 0.1860625 0.84972625625 0.1860625 0.9795977656250001 0.32987500000000003 0.9795977656250001 0.32987500000000003 0.84972625625
8 0.16827232187500002 0.6966648046875 0.134915178125 0.6966648046875 0.134915178125 0.730061453125 0.16827232187500002 0.730061453125 0.16827232187500002 0.6966648046875
3 0.7212767859375 0.1743966484375 0.6953303578125001 0.1743966484375 0.6953303578125001 0.21335754218749997 0.7212767859375 0.21335754218749997 0.7212767859375 0.1743966484375
8 0.5062991078125 0.004636871875 0.484803571875 0.004636871875 0.484803571875 0.026899440625 0.5062991078125 0.026899440625 0.5062991078125 0.004636871875
5 0.8680491078125 0.744899440625 0.43810267812500003 0.744899440625 0.43810267812500003 0.9795977656250001 0.8680491078125 0.9795977656250001 0.8680491078125 0.744899440625
5 0.9925892859375001 0.014843575000000001 0.6738303578125 0.014843575000000001 0.6738303578125 0.99165363125 0.9925892859375001 0.99165363125 0.9925892859375001 0.014843575000000001
5 0.42327678593750007 0.4740279328125 0.3691607140625 0.4740279328125 0.3691607140625 0.6252346375 0.42327678593750007 0.6252346375 0.42327678593750007 0.4740279328125
3 0.7034821421874999 0.511134078125 0.6849508921874999 0.511134078125 0.6849508921874999 0.5361787703124999 0.7034821421874999 0.5361787703124999 0.7034821421874999 0.511134078125
3 0.5989642859375001 0.3571452515625 0.5315044640625 0.3571452515625 0.5315044640625 0.4248603359375 0.5989642859375001 0.4248603359375 0.5989642859375001 0.3571452515625
8 0.5715357140624999 0.33581005625000004 0.5418839281250001 0.33581005625000004 0.5418839281250001 0.3654916203125 0.5715357140624999 0.3654916203125 0.5715357140624999 0.33581005625000004
8 0.5581919640625 0.359 0.53446875 0.359 0.53446875 0.378480446875 0.5581919640625 0.378480446875 0.5581919640625 0.359
8 0.5826517859375 0.4035251390625 0.5678258921875 0.4035251390625 0.5678258921875 0.4165139671875 0.5826517859375 0.4165139671875 0.5826517859375 0.4035251390625
8 0.44625446406249997 0.12708938593750002 0.41215624999999995 0.12708938593750002 0.41215624999999995 0.16048044687500002 0.44625446406249997 0.16048044687500002 0.44625446406249997 0.12708938593750002
8 0.4099330359375 0.153061453125 0.3765758921875 0.153061453125 0.3765758921875 0.18089385468750002 0.4099330359375 0.18089385468750002 0.4099330359375 0.153061453125
8 0.49666517812500005 0.246754190625 0.4840625 0.246754190625 0.4840625 0.2671620109375 0.49666517812500005 0.2671620109375 0.49666517812500005 0.246754190625
8 0.4729419640625 0.238407821875 0.4603392859375 0.238407821875 0.4603392859375 0.254173184375 0.4729419640625 0.254173184375 0.4729419640625 0.238407821875
8 0.40622767812499994 0.038960893749999996 0.39140178593749997 0.038960893749999996 0.39140178593749997 0.0602960890625 0.40622767812499994 0.0602960890625 0.40622767812499994 0.038960893749999996
8 0.41215624999999995 0.0936927375 0.40103571406249994 0.0936927375 0.40103571406249994 0.11131843593749999 0.41215624999999995 0.11131843593749999 0.41215624999999995 0.0936927375
8 0.39140178593749997 0.082558659375 0.3817633921875 0.082558659375 0.3817633921875 0.10018435781249999 0.39140178593749997 0.10018435781249999 0.39140178593749997 0.082558659375
8 0.37509375 0.1103910609375 0.366196428125 0.1103910609375 0.366196428125 0.120592178125 0.37509375 0.120592178125 0.37509375 0.1103910609375
8 0.40845089218749997 0.012061453125 0.392883928125 0.012061453125 0.392883928125 0.035251396875 0.40845089218749997 0.035251396875 0.40845089218749997 0.012061453125
8 0.3728705359375 0 0.3728705359375 0.0213351953125 0.407709821875 0.0213351953125 0.407709821875 0 0.3728705359375 0
8 0.7976294640625 0.0667932953125 0.7887321421875 0.0667932953125 0.7887321421875 0.082558659375 0.7976294640625 0.082558659375 0.7976294640625 0.0667932953125
8 0.7968883921875001 0.027826815625 0.7894732140625 0.027826815625 0.7894732140625 0.038960893749999996 0.7968883921875001 0.038960893749999996 0.7968883921875001 0.027826815625
8 0.7828035718749999 0.2291284921875 0.7664955359375 0.2291284921875 0.7664955359375 0.2439720671875 0.7828035718749999 0.2439720671875 0.7828035718749999 0.2291284921875
8 0.8843571421875 0.35621787656250004 0.8724999999999999 0.35621787656250004 0.8724999999999999 0.37477095 0.8843571421875 0.37477095 0.8843571421875 0.35621787656250004
8 0.361008928125 0.20872067031250002 0.3513705359375 0.20872067031250002 0.3513705359375 0.22356424531250002 0.361008928125 0.22356424531250002 0.361008928125 0.20872067031250002
8 0.31134375 0.1660502796875 0.29948214218749997 0.1660502796875 0.29948214218749997 0.1781061453125 0.31134375 0.1781061453125 0.31134375 0.1660502796875
8 0.144553571875 0.014843575000000001 0.1289866078125 0.014843575000000001 0.1289866078125 0.0371061453125 0.144553571875 0.0371061453125 0.144553571875 0.014843575000000001
8 0.45663392812500003 0.41280446875 0.4484821421875 0.41280446875 0.4484821421875 0.42578770937500005 0.45663392812500003 0.42578770937500005 0.45663392812500003 0.41280446875
8 0.49073214218750005 0.36827374375 0.4810982140625 0.36827374375 0.4810982140625 0.3840446921875 0.49073214218750005 0.3840446921875 0.49073214218750005 0.36827374375
8 0.5255758921875 0.3506480453125 0.516678571875 0.3506480453125 0.516678571875 0.36827374375 0.5255758921875 0.36827374375 0.5255758921875 0.3506480453125