4 0.234375 0.5371116078125 0.1640625 0.5371116078125 0.1640625 0.59375 0.234375 0.59375 0.234375 0.5371116078125
4 0.140625 0.5839866078125 0.08984375 0.5839866078125 0.08984375 0.6328125 0.140625 0.6328125 0.140625 0.5839866078125
4 0.1796875 0.65625 0.1152366078125 0.65625 0.1152366078125 0.7050803578125 0.1796875 0.7050803578125 0.1796875 0.65625
4 0.1015625 0.734375 0.0410178578125 0.734375 0.0410178578125 0.8046875 0.1015625 0.8046875 0.1015625 0.734375
4 0.19140625 0.71484375 0.125 0.71484375 0.125 0.7558616078125 0.19140625 0.7558616078125 0.19140625 0.71484375
4 0.5800803578125 0.6269553578125 0.5097678578125 0.6269553578125 0.5097678578125 0.7421875 0.5800803578125 0.7421875 0.5800803578125 0.6269553578125
6 0 0.8769553578125 0.2714866078125 0.8769553578125 0.2714866078125 0.546875 0 0.546875 0 0.8769553578125
7 0.0019553578125 0 0.0019553578125 0.1621116078125 0.1777366078125 0.1621116078125 0.1777366078125 0 0.0019553578125 0
2 0.2675803578125 0.546875 0.0019553578125 0.546875 0.0019553578125 0.87890625 0.2675803578125 0.87890625 0.2675803578125 0.546875
5 0.42773660781249995 0.3847678578125 0.3769553578125 0.3847678578125 0.3769553578125 0.43945535781249995 0.42773660781249995 0.43945535781249995 0.42773660781249995 0.3847678578125
4 0.453125 0.3613303578125 0.41992410781249995 0.3613303578125 0.41992410781249995 0.4296875 0.453125 0.4296875 0.453125 0.3613303578125
4 0.9121116078125 0.8066428578125 0.86328125 0.8066428578125 0.86328125 0.8535178578125 0.9121116078125 0.8535178578125 0.9121116078125 0.8066428578125
4 0.40820535781249995 0.8925803578125 0.2832053578125 0.8925803578125 0.2832053578125 0.9785178578125 0.40820535781249995 0.9785178578125 0.40820535781249995 0.8925803578125
4 0.08203125 0.6152366078125 0.0019553578125 0.6152366078125 0.0019553578125 0.6582053578125 0.08203125 0.6582053578125 0.08203125 0.6152366078125