5 0.9902366078125 0.00390625 0.0058616078125 0.00390625 0.0058616078125 0.60546875 0.9902366078125 0.60546875 0.9902366078125 0.00390625
3 0.8691428578125 0.76171875 0.5566428578125 0.76171875 0.5566428578125 0.9667991078125 0.8691428578125 0.9667991078125 0.8691428578125 0.76171875
3 0.1699241078125 0.328125 0.11328125 0.328125 0.11328125 0.38671875 0.1699241078125 0.38671875 0.1699241078125 0.328125
3 0.2128928578125 0.37109375 0.1816428578125 0.37109375 0.1816428578125 0.41796875 0.2128928578125 0.41796875 0.2128928578125 0.37109375
4 0.3417991078125 0.5683616078125 0.2441428578125 0.5683616078125 0.2441428578125 0.6425803578125 0.3417991078125 0.6425803578125 0.3417991078125 0.5683616078125
4 0.1816428578125 0.47851785781249995 0.0878928578125 0.47851785781249995 0.0878928578125 0.6699241078125 0.1816428578125 0.6699241078125 0.1816428578125 0.47851785781249995
4 0.47265625 0.48633035781249995 0.4296875 0.48633035781249995 0.4296875 0.5449241078125 0.47265625 0.5449241078125 0.47265625 0.48633035781249995
4 0.53125 0.49804910781249995 0.49609375 0.49804910781249995 0.49609375 0.5390625 0.53125 0.5390625 0.53125 0.49804910781249995
4 0.72265625 0.5449241078125 0.6308616078125 0.5449241078125 0.6308616078125 0.6015625 0.72265625 0.6015625 0.72265625 0.5449241078125
4 0.1660178578125 0.8203125 0.0234375 0.8203125 0.0234375 0.9707053578125 0.1660178578125 0.9707053578125 0.1660178578125 0.8203125
4 0.5683616078125 0.3808616078125 0.5097678578125 0.3808616078125 0.5097678578125 0.44336160781249995 0.5683616078125 0.44336160781249995 0.5683616078125 0.3808616078125
4 0.66015625 0.42578125 0.6269553578125 0.42578125 0.6269553578125 0.47070535781249995 0.66015625 0.47070535781249995 0.66015625 0.42578125
4 0.5371116078125 0.62109375 0.5058616078125 0.62109375 0.5058616078125 0.6660178578125 0.5371116078125 0.6660178578125 0.5371116078125 0.62109375
4 0.7734375 0.80859375 0.7285178578125 0.80859375 0.7285178578125 0.84375 0.7734375 0.84375 0.7734375 0.80859375
4 0.7011741078125 0.84375 0.6503928578125 0.84375 0.6503928578125 0.875 0.7011741078125 0.875 0.7011741078125 0.84375
4 0.8925803578125 0.83984375 0.8515625 0.83984375 0.8515625 0.8847678578125 0.8925803578125 0.8847678578125 0.8925803578125 0.83984375
4 0.97265625 0.6308616078125 0.8984375 0.6308616078125 0.8984375 0.75 0.97265625 0.75 0.97265625 0.6308616078125
4 0.9941428578125 0.6894553578125 0.97265625 0.6894553578125 0.97265625 0.7675803578125 0.9941428578125 0.7675803578125 0.9941428578125 0.6894553578125
4 0.5136741078125 0.5800803578125 0.48633035781249995 0.5800803578125 0.48633035781249995 0.609375 0.5136741078125 0.609375 0.5136741078125 0.5800803578125
4 0.2109375 0.2890625 0.1699241078125 0.2890625 0.1699241078125 0.33203125 0.2109375 0.33203125 0.2109375 0.2890625
7 0.9921875 0.8125 0.6933616078125 0.8125 0.6933616078125 0.9941428578125 0.9921875 0.9941428578125 0.9921875 0.8125
3 0.6230491078125 0.1464866078125 0.5917991078125 0.1464866078125 0.5917991078125 0.1777366078125 0.6230491078125 0.1777366078125 0.6230491078125 0.1464866078125
3 0.47265625 0.0644553578125 0.45117410781249995 0.0644553578125 0.45117410781249995 0.0878928578125 0.47265625 0.0878928578125 0.47265625 0.0644553578125
3 0.55859375 0.2285178578125 0.51953125 0.2285178578125 0.51953125 0.26953125 0.55859375 0.26953125 0.55859375 0.2285178578125
3 0.85546875 0.3535178578125 0.8125 0.3535178578125 0.8125 0.3847678578125 0.85546875 0.3847678578125 0.85546875 0.3535178578125
3 0.39453125 0.3261741078125 0.3515625 0.3261741078125 0.3515625 0.36328125 0.39453125 0.36328125 0.39453125 0.3261741078125
3 0.5078125 0.33984375 0.46289285781249995 0.33984375 0.46289285781249995 0.3828125 0.5078125 0.3828125 0.5078125 0.33984375