5 0.5092678578125 0.00927374375 0.064491071875 0.00927374375 0.064491071875 0.300558659375 0.5092678578125 0.300558659375 0.5092678578125 0.00927374375
3 0.8502589281249999 0.7282011171875 0.709415178125 0.7282011171875 0.709415178125 0.9146592171875 0.8502589281249999 0.9146592171875 0.8502589281249999 0.7282011171875
3 0.6167544640625 0.604826815625 0.5226071421875 0.604826815625 0.5226071421875 0.72634636875 0.6167544640625 0.72634636875 0.6167544640625 0.604826815625
3 0.9659017859375 0.40723463750000005 0.9125267859375 0.40723463750000005 0.9125267859375 0.464754190625 0.9659017859375 0.464754190625 0.9659017859375 0.40723463750000005
5 0.9547812499999999 0.5018547484375 0.8947366078125001 0.5018547484375 0.8947366078125001 0.6307988828125 0.9547812499999999 0.6307988828125 0.9547812499999999 0.5018547484375
8 0.6219419640625 0.480519553125 0.578946428125 0.480519553125 0.578946428125 0.53896089375 0.6219419640625 0.53896089375 0.6219419640625 0.480519553125
8 0.9925892859375001 0.4628938546875 0.960709821875 0.4628938546875 0.960709821875 0.5157709500000001 0.9925892859375001 0.5157709500000001 0.9925892859375001 0.4628938546875
8 0.9962946421875 0.5714301671875 0.9673839281250001 0.5714301671875 0.9673839281250001 0.6103910609375001 0.9962946421875 0.6103910609375001 0.9962946421875 0.5714301671875
8 0.858415178125 0.9758826812500001 0.8295044640624999 0.9758826812500001 0.8295044640624999 0.995363128125 0.858415178125 0.995363128125 0.858415178125 0.9758826812500001
8 0.878428571875 0.9276480453125 0.8673080359374999 0.9276480453125 0.8673080359374999 0.9536201125 0.878428571875 0.9536201125 0.878428571875 0.9276480453125
3 0.523352678125 0.92857541875 0.489991071875 0.92857541875 0.489991071875 0.9814525140624999 0.523352678125 0.9814525140624999 0.523352678125 0.92857541875
3 0.5945133921875 0.92022905 0.5248348218750001 0.92022905 0.5248348218750001 0.9860893859375001 0.5945133921875 0.9860893859375001 0.5945133921875 0.92022905
3 0.9162321421874999 0.378480446875 0.8591562500000001 0.378480446875 0.8591562500000001 0.4656815640625 0.9162321421874999 0.4656815640625 0.9162321421874999 0.378480446875
3 0.9985178578125 0.4591843578125 0.9799866078124999 0.4591843578125 0.9799866078124999 0.5213351953124999 0.9985178578125 0.5213351953124999 0.9985178578125 0.4591843578125
3 0.980727678125 0.49165363125 0.9644196421875 0.49165363125 0.9644196421875 0.514843575 0.980727678125 0.514843575 0.980727678125 0.49165363125
3 0.9540401781250001 0.58627374375 0.93625 0.58627374375 0.93625 0.6382234640625 0.9540401781250001 0.6382234640625 0.9540401781250001 0.58627374375
8 0.5915491078125 0.502787709375 0.5833973218749999 0.502787709375 0.5833973218749999 0.5176256984375 0.5915491078125 0.5176256984375 0.5915491078125 0.502787709375
8 0.7509285718750001 0.737480446875 0.736102678125 0.737480446875 0.736102678125 0.7476815640625001 0.7509285718750001 0.7476815640625001 0.7509285718750001 0.737480446875
8 0.7316517859375 0.7597430171874999 0.7235 0.7597430171874999 0.7235 0.7792234640625 0.7316517859375 0.7792234640625 0.7316517859375 0.7597430171874999
8 0.77909375 0.8135474859375 0.7694598218750001 0.8135474859375 0.7694598218750001 0.8265363125 0.77909375 0.8265363125 0.77909375 0.8135474859375
8 0.8117142859375001 0.7634525140624999 0.8035580359375001 0.7634525140624999 0.8035580359375001 0.7782960890624999 0.8117142859375001 0.7782960890624999 0.8117142859375001 0.7634525140624999
8 0.8072633921874999 0.8664245812500001 0.7968883921875001 0.8664245812500001 0.7968883921875001 0.88219553125 0.8072633921874999 0.88219553125 0.8072633921874999 0.8664245812500001
8 0.7909553578125 0.889614525 0.7746473218750001 0.889614525 0.7746473218750001 0.9220837984375001 0.7909553578125 0.9220837984375001 0.7909553578125 0.889614525
8 0.779834821875 0.9220837984375001 0.7664955359375 0.9220837984375001 0.7664955359375 0.9415642453125 0.779834821875 0.9415642453125 0.779834821875 0.9220837984375001
8 0.7212767859375 0.8738435750000001 0.7079330359375 0.8738435750000001 0.7079330359375 0.8961061453125 0.7212767859375 0.8961061453125 0.7212767859375 0.8738435750000001
8 0.8080044640624999 0.9860893859375001 0.7976294640625 0.9860893859375001 0.7976294640625 0.9981508375000001 0.8080044640624999 0.9981508375000001 0.8080044640624999 0.9860893859375001
8 0.5819107140625001 0.956402234375 0.573758928125 0.956402234375 0.573758928125 0.9703184359374999 0.5819107140625001 0.9703184359374999 0.5819107140625001 0.956402234375
8 0.6730892859375001 0.9851620109375 0.6612321421875 0.9851620109375 0.6612321421875 0.9981508375000001 0.6730892859375001 0.9981508375000001 0.6730892859375001 0.9851620109375
8 0.6056339281249999 0.9897988828125 0.5945133921875 0.9897988828125 0.5945133921875 0.9972234640625001 0.6056339281249999 0.9972234640625001 0.6056339281249999 0.9897988828125
8 0.9095625 0.39796089375 0.8984419640624999 0.39796089375 0.8984419640624999 0.4267206703125 0.9095625 0.4267206703125 0.9095625 0.39796089375
8 0.8762053578125 0.41373184375000005 0.86434375 0.41373184375000005 0.86434375 0.43321229062500005 0.8762053578125 0.43321229062500005 0.8762053578125 0.41373184375000005
8 0.895477678125 0.44063128437500004 0.8813928578124999 0.44063128437500004 0.8813928578124999 0.457329609375 0.895477678125 0.457329609375 0.895477678125 0.44063128437500004
8 0.9332857140625 0.41373184375000005 0.922165178125 0.41373184375000005 0.922165178125 0.43692178750000005 0.9332857140625 0.43692178750000005 0.9332857140625 0.41373184375000005
8 0.9570044640625 0.4276480453125 0.9444017859375 0.4276480453125 0.9444017859375 0.44805586562500005 0.9570044640625 0.44805586562500005 0.9570044640625 0.4276480453125
8 0.9747946421875 0.6382234640625 0.9644196421875 0.6382234640625 0.9644196421875 0.652134078125 0.9747946421875 0.652134078125 0.9747946421875 0.6382234640625
8 0.9985178578125 0.6428603359375 0.98665625 0.6428603359375 0.98665625 0.6762569828125 0.9985178578125 0.6762569828125 0.9985178578125 0.6428603359375
8 0.9948124999999999 0.7040837984375 0.9859151781250001 0.7040837984375 0.9859151781250001 0.7207821234375 0.9948124999999999 0.7207821234375 0.9948124999999999 0.7040837984375
8 0.9977767859375 0.7504692734375 0.9881383921875001 0.7504692734375 0.9881383921875001 0.7662346375 0.9977767859375 0.7662346375 0.9977767859375 0.7504692734375
3 0.9977767859375 0.6345083796875 0.9792455359375 0.6345083796875 0.9792455359375 0.7708770953124999 0.9977767859375 0.7708770953124999 0.9977767859375 0.6345083796875
3 0.8287633921875001 0.6493519546875001 0.8161607140625 0.6493519546875001 0.8161607140625 0.6762569828125 0.8287633921875001 0.6762569828125 0.8287633921875001 0.6493519546875001
3 0.8361741078125 0.940636871875 0.8087455359375 0.940636871875 0.8087455359375 0.9656815640625 0.8361741078125 0.9656815640625 0.8361741078125 0.940636871875
3 0.59303125 0.09647486093749999 0.5752410718750001 0.09647486093749999 0.5752410718750001 0.1233798875 0.59303125 0.1233798875 0.59303125 0.09647486093749999
3 0.4106741078125 0.20222905 0.3884375 0.20222905 0.3884375 0.2365474859375 0.4106741078125 0.2365474859375 0.4106741078125 0.20222905
3 0.5092678578125 0.14842458125 0.49221428593749994 0.14842458125 0.49221428593749994 0.16883240156249998 0.5092678578125 0.16883240156249998 0.5092678578125 0.14842458125
8 0.4047455359375 0.20686592187500003 0.39584821406250004 0.20686592187500003 0.39584821406250004 0.22170949687500002 0.4047455359375 0.22170949687500002 0.4047455359375 0.20686592187500003