5 0.7409508921875 0.5452731953125001 0.45615625 0.5452731953125001 0.45615625 0.80443814375 0.7409508921875 0.80443814375 0.7409508921875 0.5452731953125001
6 0.49798660781250004 0.624231959375 0.22606696406250001 0.624231959375 0.22606696406250001 0.984649484375 0.49798660781250004 0.984649484375 0.49798660781250004 0.624231959375
4 0.9903437500000001 0.768211340625 0.9308125 0.768211340625 0.9308125 0.8230154640625 0.9903437500000001 0.8230154640625 0.9903437500000001 0.768211340625
4 0.8270312499999999 0.7496340203125 0.791633928125 0.7496340203125 0.791633928125 0.785860825 0.8270312499999999 0.785860825 0.8270312499999999 0.7496340203125
4 0.10378125 0.8267319593750001 0.0474642859375 0.8267319593750001 0.0474642859375 0.8833969078124999 0.10378125 0.8833969078124999 0.10378125 0.8267319593750001
4 0.2019330359375 0.8230154640625 0.117459821875 0.8230154640625 0.117459821875 0.8490257734375 0.2019330359375 0.8490257734375 0.2019330359375 0.8230154640625
4 0.173772321875 0.8833969078124999 0.1263080359375 0.8833969078124999 0.1263080359375 0.9335567015624999 0.173772321875 0.9335567015624999 0.173772321875 0.8833969078124999
4 0.310540178125 0.632587628125 0.24698214218749998 0.632587628125 0.24698214218749998 0.6604587625 0.310540178125 0.6604587625 0.310540178125 0.632587628125
4 0.2477857140625 0.6520979375 0.22284821406250002 0.6520979375 0.22284821406250002 0.672530928125 0.2477857140625 0.672530928125 0.2477857140625 0.6520979375
4 0.249397321875 0.6771752578125 0.21560714218750002 0.6771752578125 0.21560714218750002 0.709690721875 0.249397321875 0.709690721875 0.249397321875 0.6771752578125
4 0.249397321875 0.709690721875 0.22124107187500003 0.709690721875 0.22124107187500003 0.7514896906249999 0.249397321875 0.7514896906249999 0.249397321875 0.709690721875
4 0.3161696421875 0.7514896906249999 0.252616071875 0.7514896906249999 0.252616071875 0.792360825 0.3161696421875 0.792360825 0.3161696421875 0.7514896906249999
2 0.6049866078125 0.014860825 0.3242142859375 0.014860825 0.3242142859375 0.198788659375 0.6049866078125 0.198788659375 0.6049866078125 0.014860825
2 0.9010446421875 0.008360824999999999 0.6114241078125 0.008360824999999999 0.6114241078125 0.078030928125 0.9010446421875 0.078030928125 0.9010446421875 0.008360824999999999
2 0.9903437500000001 0.23129896875 0.8254241078125 0.23129896875 0.8254241078125 0.53134020625 0.9903437500000001 0.53134020625 0.9903437500000001 0.23129896875
4 0.35478571406250003 0.587072165625 0.30329910781249997 0.587072165625 0.30329910781249997 0.614010309375 0.35478571406250003 0.614010309375 0.35478571406250003 0.587072165625
4 0.37892410781249997 0.5601340203125 0.3515669640625 0.5601340203125 0.3515669640625 0.5852164953125001 0.37892410781249997 0.5852164953125001 0.37892410781249997 0.5601340203125
4 0.3901830359375 0.597288659375 0.3612232140625 0.597288659375 0.3612232140625 0.6288762890624999 0.3901830359375 0.6288762890624999 0.3901830359375 0.597288659375
4 0.436040178125 0.6363041234375 0.3974241078125 0.6363041234375 0.3974241078125 0.6864690718750001 0.436040178125 0.6864690718750001 0.436040178125 0.6363041234375
4 0.0707946421875 0.7728556703125 0.045053571875 0.7728556703125 0.045053571875 0.8007216500000001 0.0707946421875 0.8007216500000001 0.0707946421875 0.7728556703125
4 0.0378125 0.7914329890625 0.0016071421874999999 0.7914329890625 0.0016071421874999999 0.8434536078124999 0.0378125 0.8434536078124999 0.0378125 0.7914329890625
4 0.1850357140625 0.7384845359375001 0.135959821875 0.7384845359375001 0.135959821875 0.7895773203124999 0.1850357140625 0.7895773203124999 0.1850357140625 0.7384845359375001
4 0.1946919640625 0.7960773203125 0.1681428578125 0.7960773203125 0.1681428578125 0.8202319593749999 0.1946919640625 0.8202319593749999 0.1946919640625 0.7960773203125