3 0.484375 0.8964866078125 0.43164285781249995 0.8964866078125 0.43164285781249995 0.9296875 0.484375 0.9296875 0.484375 0.8964866078125
3 0.1816428578125 0.76953125 0.0703125 0.76953125 0.0703125 0.8515625 0.1816428578125 0.8515625 0.1816428578125 0.76953125
3 0.5410178578125 0.73828125 0.4375 0.73828125 0.4375 0.8222678578125 0.5410178578125 0.8222678578125 0.5410178578125 0.73828125
3 0.47265625 0.51953125 0.42578125 0.51953125 0.42578125 0.5683616078125 0.47265625 0.5683616078125 0.47265625 0.51953125
3 0.42773660781249995 0.4140625 0.39453125 0.4140625 0.39453125 0.45508035781249995 0.42773660781249995 0.45508035781249995 0.42773660781249995 0.4140625
3 0.6796875 0.3886741078125 0.6464866078125 0.3886741078125 0.6464866078125 0.43945535781249995 0.6796875 0.43945535781249995 0.6796875 0.3886741078125
3 0.2792991078125 0.79296875 0.24609375 0.79296875 0.24609375 0.84375 0.2792991078125 0.84375 0.2792991078125 0.79296875
8 0.2109375 0.1171875 0.1640625 0.1171875 0.1640625 0.2578125 0.2109375 0.2578125 0.2109375 0.1171875
8 0.11328125 0.1582053578125 0.04296875 0.1582053578125 0.04296875 0.3496116078125 0.11328125 0.3496116078125 0.11328125 0.1582053578125
8 0.7050803578125 0.1699241078125 0.5996116078125 0.1699241078125 0.5996116078125 0.3144553578125 0.7050803578125 0.3144553578125 0.7050803578125 0.1699241078125
8 0.3652366078125 0.5292991078125 0.2558616078125 0.5292991078125 0.2558616078125 0.7285178578125 0.3652366078125 0.7285178578125 0.3652366078125 0.5292991078125
8 0.8925803578125 0.0527366078125 0.796875 0.0527366078125 0.796875 0.22265625 0.8925803578125 0.22265625 0.8925803578125 0.0527366078125
8 0.73046875 0.0078125 0.6660178578125 0.0078125 0.6660178578125 0.1074241078125 0.73046875 0.1074241078125 0.73046875 0.0078125
8 0.96875 0.7792991078125 0.9199241078125 0.7792991078125 0.9199241078125 0.890625 0.96875 0.890625 0.96875 0.7792991078125
8 0.8769553578125 0.5859375 0.8417991078125 0.5859375 0.8417991078125 0.69921875 0.8769553578125 0.69921875 0.8769553578125 0.5859375
8 0.40820535781249995 0.0175803578125 0.2558616078125 0.0175803578125 0.2558616078125 0.21875 0.40820535781249995 0.21875 0.40820535781249995 0.0175803578125
8 0.1464866078125 0 0.1464866078125 0.06640625 0.234375 0.06640625 0.234375 0 0.1464866078125 0
8 0.8183616078125 0.2988303578125 0.7675803578125 0.2988303578125 0.7675803578125 0.5722678578125 0.8183616078125 0.5722678578125 0.8183616078125 0.2988303578125
3 0.78125 0.59375 0.6640625 0.59375 0.6640625 0.69921875 0.78125 0.69921875 0.78125 0.59375
3 0.7324241078125 0.796875 0.6855491078125 0.796875 0.6855491078125 0.83984375 0.7324241078125 0.83984375 0.7324241078125 0.796875
8 0.1933616078125 0.5761741078125 0.025392857812500003 0.5761741078125 0.025392857812500003 0.7402366078125 0.1933616078125 0.7402366078125 0.1933616078125 0.5761741078125
3 0.4921875 0.6269553578125 0.4453125 0.6269553578125 0.4453125 0.6875 0.4921875 0.6875 0.4921875 0.6269553578125
3 0.44140625 0.7050803578125 0.3613303578125 0.7050803578125 0.3613303578125 0.76171875 0.44140625 0.76171875 0.44140625 0.7050803578125
8 0.2578125 0.2792991078125 0.12109375 0.2792991078125 0.12109375 0.45703125 0.2578125 0.45703125 0.2578125 0.2792991078125
8 0.3339866078125 0.1621116078125 0.2402366078125 0.1621116078125 0.2402366078125 0.31640625 0.3339866078125 0.31640625 0.3339866078125 0.1621116078125
8 0.4296875 0.2714866078125 0.34375 0.2714866078125 0.34375 0.3457053578125 0.4296875 0.3457053578125 0.4296875 0.2714866078125
8 0.40234375 0.3515625 0.3300803578125 0.3515625 0.3300803578125 0.41992410781249995 0.40234375 0.41992410781249995 0.40234375 0.3515625
8 0.6074241078125 0.03515625 0.40429910781249995 0.03515625 0.40429910781249995 0.2285178578125 0.6074241078125 0.2285178578125 0.6074241078125 0.03515625
8 0.9902366078125 0.0449241078125 0.9140625 0.0449241078125 0.9140625 0.19921875 0.9902366078125 0.19921875 0.9902366078125 0.0449241078125
8 0.9589866078125 0.16015625 0.9199241078125 0.16015625 0.9199241078125 0.2285178578125 0.9589866078125 0.2285178578125 0.9589866078125 0.16015625
8 0.99609375 0.2421875 0.87890625 0.2421875 0.87890625 0.390625 0.99609375 0.390625 0.99609375 0.2421875
8 0.9980491078125 0.41796875 0.93359375 0.41796875 0.93359375 0.5175803578125 0.9980491078125 0.5175803578125 0.9980491078125 0.41796875
8 0.984375 0.49804910781249995 0.9199241078125 0.49804910781249995 0.9199241078125 0.6640625 0.984375 0.6640625 0.984375 0.49804910781249995
8 0.9453125 0.65234375 0.8574241078125 0.65234375 0.8574241078125 0.78515625 0.9453125 0.78515625 0.9453125 0.65234375
8 0.85546875 0.80078125 0.7871116078125 0.80078125 0.7871116078125 0.8769553578125 0.85546875 0.8769553578125 0.85546875 0.80078125
8 0.91015625 0.9042991078125 0.83203125 0.9042991078125 0.83203125 0.9902366078125 0.91015625 0.9902366078125 0.91015625 0.9042991078125
8 0.98828125 0.7871116078125 0.88671875 0.7871116078125 0.88671875 0.9160178578125 0.98828125 0.9160178578125 0.98828125 0.7871116078125
3 0.41992410781249995 0.7734375 0.33984375 0.7734375 0.33984375 0.82421875 0.41992410781249995 0.82421875 0.41992410781249995 0.7734375
3 0.20703125 0.88671875 0.16015625 0.88671875 0.16015625 0.9375 0.20703125 0.9375 0.20703125 0.88671875
3 0.5253928578125 0.41015625 0.45117410781249995 0.41015625 0.45117410781249995 0.49023660781249995 0.5253928578125 0.49023660781249995 0.5253928578125 0.41015625
3 0.6035178578125 0.4140625 0.5527366078125 0.4140625 0.5527366078125 0.47265625 0.6035178578125 0.47265625 0.6035178578125 0.4140625
5 0.1328125 0.08203125 0.0097678578125 0.08203125 0.0097678578125 0.61328125 0.1328125 0.61328125 0.1328125 0.08203125
3 0.5605491078125 0.1191428578125 0.4921875 0.1191428578125 0.4921875 0.2167991078125 0.5605491078125 0.2167991078125 0.5605491078125 0.1191428578125
3 0.6328125 0.2265625 0.5800803578125 0.2265625 0.5800803578125 0.2832053578125 0.6328125 0.2832053578125 0.6328125 0.2265625
8 0.8125 0.37890625 0.7324241078125 0.37890625 0.7324241078125 0.5644553578125 0.8125 0.5644553578125 0.8125 0.37890625
8 0.8125 0.1269553578125 0.7128928578125 0.1269553578125 0.7128928578125 0.2734375 0.8125 0.2734375 0.8125 0.1269553578125
8 0.734375 0 0.734375 0.0410178578125 0.7734375 0.0410178578125 0.7734375 0 0.734375 0
8 0.8964866078125 0.0078125 0.85546875 0.0078125 0.85546875 0.0410178578125 0.8964866078125 0.0410178578125 0.8964866078125 0.0078125
8 0.9316428578125 0.0371116078125 0.890625 0.0371116078125 0.890625 0.078125 0.9316428578125 0.078125 0.9316428578125 0.0371116078125
8 0.95703125 0.06640625 0.9238303578125 0.06640625 0.9238303578125 0.1113303578125 0.95703125 0.1113303578125 0.95703125 0.06640625
8 0.9941428578125 0.0957053578125 0.9453125 0.0957053578125 0.9453125 0.19921875 0.9941428578125 0.19921875 0.9941428578125 0.0957053578125
8 0.5292991078125 0.6425803578125 0.4921875 0.6425803578125 0.4921875 0.71875 0.5292991078125 0.71875 0.5292991078125 0.6425803578125
8 0.50390625 0.71484375 0.48046875 0.71484375 0.48046875 0.734375 0.50390625 0.734375 0.50390625 0.71484375
8 0.42773660781249995 0.62109375 0.3574241078125 0.62109375 0.3574241078125 0.7128928578125 0.42773660781249995 0.7128928578125 0.42773660781249995 0.62109375
8 0.43554910781249995 0.9121116078125 0.30859375 0.9121116078125 0.30859375 0.9921875 0.43554910781249995 0.9921875 0.43554910781249995 0.9121116078125
3 0.6542991078125 0.42773660781249995 0.6308616078125 0.42773660781249995 0.6308616078125 0.45508035781249995 0.6542991078125 0.45508035781249995 0.6542991078125 0.42773660781249995
3 0.40820535781249995 0.5410178578125 0.3828125 0.5410178578125 0.3828125 0.56640625 0.40820535781249995 0.56640625 0.40820535781249995 0.5410178578125
3 0.3203125 0.52734375 0.2578125 0.52734375 0.2578125 0.5644553578125 0.3203125 0.5644553578125 0.3203125 0.52734375
3 0.78125 0.890625 0.6953125 0.890625 0.6953125 0.9667991078125 0.78125 0.9667991078125 0.78125 0.890625
8 0.78125 0.9003928578125 0.75 0.9003928578125 0.75 0.9394553578125 0.78125 0.9394553578125 0.78125 0.9003928578125
8 0.7324241078125 0.94140625 0.6972678578125 0.94140625 0.6972678578125 0.9667991078125 0.7324241078125 0.9667991078125 0.7324241078125 0.94140625
8 0.72265625 0.6425803578125 0.703125 0.6425803578125 0.703125 0.6699241078125 0.72265625 0.6699241078125 0.72265625 0.6425803578125
8 0.68359375 0.65625 0.66796875 0.65625 0.66796875 0.68359375 0.68359375 0.68359375 0.68359375 0.65625
8 0.7207053578125 0.80078125 0.6933616078125 0.80078125 0.6933616078125 0.8339866078125 0.7207053578125 0.8339866078125 0.7207053578125 0.80078125
8 0.24609375 0.6796875 0.2109375 0.6796875 0.2109375 0.70703125 0.24609375 0.70703125 0.24609375 0.6796875
8 0.2480491078125 0.72265625 0.2167991078125 0.72265625 0.2167991078125 0.7480491078125 0.2480491078125 0.7480491078125 0.2480491078125 0.72265625
8 0.23828125 0.7558616078125 0.18359375 0.7558616078125 0.18359375 0.7832053578125 0.23828125 0.7832053578125 0.23828125 0.7558616078125
8 0.2753928578125 0.7988303578125 0.26171875 0.7988303578125 0.26171875 0.81640625 0.2753928578125 0.81640625 0.2753928578125 0.7988303578125
8 0.13671875 0.7871116078125 0.1035178578125 0.7871116078125 0.1035178578125 0.8339866078125 0.13671875 0.8339866078125 0.13671875 0.7871116078125
8 0.1933616078125 0.8984375 0.1777366078125 0.8984375 0.1777366078125 0.91796875 0.1933616078125 0.91796875 0.1933616078125 0.8984375
8 0.48242410781249995 0.9003928578125 0.46679910781249995 0.9003928578125 0.46679910781249995 0.91796875 0.48242410781249995 0.91796875 0.48242410781249995 0.9003928578125
8 0.453125 0.9082053578125 0.43945535781249995 0.9082053578125 0.43945535781249995 0.9277366078125 0.453125 0.9277366078125 0.453125 0.9082053578125
8 0.8457053578125 0.6796875 0.8144553578125 0.6796875 0.8144553578125 0.70703125 0.8457053578125 0.70703125 0.8457053578125 0.6796875
8 0.7988303578125 0.7011741078125 0.7734375 0.7011741078125 0.7734375 0.7285178578125 0.7988303578125 0.7285178578125 0.7988303578125 0.7011741078125
8 0.74609375 0.75 0.7246116078125 0.75 0.7246116078125 0.7675803578125 0.74609375 0.7675803578125 0.74609375 0.75
8 0.0605491078125 0.3691428578125 0.0488303578125 0.3691428578125 0.0488303578125 0.3847678578125 0.0605491078125 0.3847678578125 0.0605491078125 0.3691428578125
8 0.09375 0.0957053578125 0.0761741078125 0.0957053578125 0.0761741078125 0.11328125 0.09375 0.11328125 0.09375 0.0957053578125
8 0.6152366078125 0 0.6152366078125 0.0175803578125 0.64453125 0.0175803578125 0.64453125 0 0.6152366078125 0
8 0.69921875 0.3222678578125 0.66015625 0.3222678578125 0.66015625 0.3613303578125 0.69921875 0.3613303578125 0.69921875 0.3222678578125
8 0.7441428578125 0.2871116078125 0.67578125 0.2871116078125 0.67578125 0.3730491078125 0.7441428578125 0.3730491078125 0.7441428578125 0.2871116078125
8 0.8222678578125 0.56640625 0.7910178578125 0.56640625 0.7910178578125 0.6035178578125 0.8222678578125 0.6035178578125 0.8222678578125 0.56640625
8 0.5 0.5371116078125 0.484375 0.5371116078125 0.484375 0.5546875 0.5 0.5546875 0.5 0.5371116078125
8 0.44921875 0.51953125 0.4375 0.51953125 0.4375 0.5566428578125 0.44921875 0.5566428578125 0.44921875 0.51953125
8 0.49609375 0.5625 0.47851785781249995 0.5625 0.47851785781249995 0.5839866078125 0.49609375 0.5839866078125 0.49609375 0.5625
8 0.3125 0.5332053578125 0.2558616078125 0.5332053578125 0.2558616078125 0.5625 0.3125 0.5625 0.3125 0.5332053578125