4 0.9199241078125 0.0136741078125 0.703125 0.0136741078125 0.703125 0.27734375 0.9199241078125 0.27734375 0.9199241078125 0.0136741078125
4 0.9921875 0.3066428578125 0.9355491078125 0.3066428578125 0.9355491078125 0.46679910781249995 0.9921875 0.46679910781249995 0.9921875 0.3066428578125
4 0.140625 0.03125 0.046875 0.03125 0.046875 0.16796875 0.140625 0.16796875 0.140625 0.03125
4 0.02734375 0.16015625 0.0058616078125 0.16015625 0.0058616078125 0.31640625 0.02734375 0.31640625 0.02734375 0.16015625
5 0.7089866078125 0.40039285781249995 0.0214866078125 0.40039285781249995 0.0214866078125 0.96875 0.7089866078125 0.96875 0.7089866078125 0.40039285781249995
4 0.1484375 0.38671875 0.00390625 0.38671875 0.00390625 0.5253928578125 0.1484375 0.5253928578125 0.1484375 0.38671875
4 0.3144553578125 0.3535178578125 0.1484375 0.3535178578125 0.1484375 0.43359375 0.3144553578125 0.43359375 0.3144553578125 0.3535178578125
4 0.47265625 0.3886741078125 0.2558616078125 0.3886741078125 0.2558616078125 0.5136741078125 0.47265625 0.5136741078125 0.47265625 0.3886741078125
4 0.66796875 0.45508035781249995 0.46289285781249995 0.45508035781249995 0.46289285781249995 0.609375 0.66796875 0.609375 0.66796875 0.45508035781249995
4 0.42383035781249995 0.03515625 0.3574241078125 0.03515625 0.3574241078125 0.140625 0.42383035781249995 0.140625 0.42383035781249995 0.03515625
2 0.9902366078125 0.00390625 0.0058616078125 0.00390625 0.0058616078125 0.5019553578125 0.9902366078125 0.5019553578125 0.9902366078125 0.00390625
7 0.9921875 0.6796875 0.8105491078125 0.6796875 0.8105491078125 0.9921875 0.9921875 0.9921875 0.9921875 0.6796875