8 0.1738303578125 0.37109375 0.0859375 0.37109375 0.0859375 0.49609375 0.1738303578125 0.49609375 0.1738303578125 0.37109375
8 0.3261741078125 0.5371116078125 0.2558616078125 0.5371116078125 0.2558616078125 0.6074241078125 0.3261741078125 0.6074241078125 0.3261741078125 0.5371116078125
8 0.51953125 0.7421875 0.45703125 0.7421875 0.45703125 0.8496116078125 0.51953125 0.8496116078125 0.51953125 0.7421875
3 0.671875 0.05078125 0.60546875 0.05078125 0.60546875 0.1113303578125 0.671875 0.1113303578125 0.671875 0.05078125
8 0.2207053578125 0.3925803578125 0.19140625 0.3925803578125 0.19140625 0.44140625 0.2207053578125 0.44140625 0.2207053578125 0.3925803578125
8 0.28125 0.6660178578125 0.234375 0.6660178578125 0.234375 0.7207053578125 0.28125 0.7207053578125 0.28125 0.6660178578125
3 0.234375 0.0644553578125 0.13671875 0.0644553578125 0.13671875 0.1484375 0.234375 0.1484375 0.234375 0.0644553578125
3 0.0761741078125 0.26953125 0.025392857812500003 0.26953125 0.025392857812500003 0.3222678578125 0.0761741078125 0.3222678578125 0.0761741078125 0.26953125
3 0.72265625 0.5566428578125 0.6660178578125 0.5566428578125 0.6660178578125 0.6464866078125 0.72265625 0.6464866078125 0.72265625 0.5566428578125
8 0.44726785781249995 0.7714866078125 0.3613303578125 0.7714866078125 0.3613303578125 0.9082053578125 0.44726785781249995 0.9082053578125 0.44726785781249995 0.7714866078125
8 0.3613303578125 0.9785178578125 0.34765625 0.9785178578125 0.34765625 0.9902366078125 0.3613303578125 0.9902366078125 0.3613303578125 0.9785178578125
8 0.28515625 0.8222678578125 0.26171875 0.8222678578125 0.26171875 0.8691428578125 0.28515625 0.8691428578125 0.28515625 0.8222678578125
8 0.47070535781249995 0.5800803578125 0.4609375 0.5800803578125 0.4609375 0.59375 0.47070535781249995 0.59375 0.47070535781249995 0.5800803578125
3 0.7636741078125 0.55078125 0.7441428578125 0.55078125 0.7441428578125 0.57421875 0.7636741078125 0.57421875 0.7636741078125 0.55078125
3 0.73046875 0.5292991078125 0.7089866078125 0.5292991078125 0.7089866078125 0.5488303578125 0.73046875 0.5488303578125 0.73046875 0.5292991078125
3 0.8535178578125 0.6074241078125 0.7871116078125 0.6074241078125 0.7871116078125 0.6855491078125 0.8535178578125 0.6855491078125 0.8535178578125 0.6074241078125
3 0.6191428578125 0.1035178578125 0.5917991078125 0.1035178578125 0.5917991078125 0.1269553578125 0.6191428578125 0.1269553578125 0.6191428578125 0.1035178578125
8 0.2402366078125 0.6074241078125 0.22265625 0.6074241078125 0.22265625 0.6269553578125 0.2402366078125 0.6269553578125 0.2402366078125 0.6074241078125
8 0.6542991078125 0.6542991078125 0.5996116078125 0.6542991078125 0.5996116078125 0.7167991078125 0.6542991078125 0.7167991078125 0.6542991078125 0.6542991078125
8 0.69140625 0.7519553578125 0.6796875 0.7519553578125 0.6796875 0.76171875 0.69140625 0.76171875 0.69140625 0.7519553578125
8 0.7753928578125 0.6816428578125 0.76171875 0.6816428578125 0.76171875 0.7089866078125 0.7753928578125 0.7089866078125 0.7753928578125 0.6816428578125
8 0.703125 0.59765625 0.6875 0.59765625 0.6875 0.6230491078125 0.703125 0.6230491078125 0.703125 0.59765625
8 0.7109375 0.5800803578125 0.6972678578125 0.5800803578125 0.6972678578125 0.6015625 0.7109375 0.6015625 0.7109375 0.5800803578125
8 0.8457053578125 0.4375 0.8183616078125 0.4375 0.8183616078125 0.48242410781249995 0.8457053578125 0.48242410781249995 0.8457053578125 0.4375
8 0.83203125 0.49609375 0.8105491078125 0.49609375 0.8105491078125 0.51953125 0.83203125 0.51953125 0.83203125 0.49609375
4 0.6542991078125 0.65625 0.6015625 0.65625 0.6015625 0.71875 0.6542991078125 0.71875 0.6542991078125 0.65625
4 0.4453125 0.7714866078125 0.3613303578125 0.7714866078125 0.3613303578125 0.9042991078125 0.4453125 0.9042991078125 0.4453125 0.7714866078125
4 0.5175803578125 0.75390625 0.4609375 0.75390625 0.4609375 0.8457053578125 0.5175803578125 0.8457053578125 0.5175803578125 0.75390625
3 0.55078125 0 0.55078125 0.0234375 0.5917991078125 0.0234375 0.5917991078125 0 0.55078125 0