4 0.83984375 0.00390625 0.5859375 0.00390625 0.5859375 0.1269553578125 0.83984375 0.1269553578125 0.83984375 0.00390625
4 0.95703125 0.30859375 0.90625 0.30859375 0.90625 0.3828125 0.95703125 0.3828125 0.95703125 0.30859375
4 0.91796875 0.2578125 0.8535178578125 0.2578125 0.8535178578125 0.3144553578125 0.91796875 0.3144553578125 0.91796875 0.2578125
4 0.9785178578125 0.42773660781249995 0.9296875 0.42773660781249995 0.9296875 0.4921875 0.9785178578125 0.4921875 0.9785178578125 0.42773660781249995
4 0.4140625 0.3105491078125 0.30859375 0.3105491078125 0.30859375 0.45703125 0.4140625 0.45703125 0.4140625 0.3105491078125
4 0.2558616078125 0.0058616078125 0.12109375 0.0058616078125 0.12109375 0.0546875 0.2558616078125 0.0546875 0.2558616078125 0.0058616078125
4 0.8046875 0.38671875 0.6425803578125 0.38671875 0.6425803578125 0.9628928578125 0.8046875 0.9628928578125 0.8046875 0.38671875
4 0.14453125 0.44140625 0.0175803578125 0.44140625 0.0175803578125 0.9394553578125 0.14453125 0.9394553578125 0.14453125 0.44140625
5 0.7011741078125 0.6152366078125 0.078125 0.6152366078125 0.078125 0.9921875 0.7011741078125 0.9921875 0.7011741078125 0.6152366078125
7 0.9902366078125 0.80078125 0.7558616078125 0.80078125 0.7558616078125 0.9921875 0.9902366078125 0.9921875 0.9902366078125 0.80078125
4 0.99609375 0.3496116078125 0.9824241078125 0.3496116078125 0.9824241078125 0.3886741078125 0.99609375 0.3886741078125 0.99609375 0.3496116078125
4 0.69140625 0.6152366078125 0.6171875 0.6152366078125 0.6171875 0.7832053578125 0.69140625 0.7832053578125 0.69140625 0.6152366078125
4 0.59375 0.0019553578125 0.45117410781249995 0.0019553578125 0.45117410781249995 0.029299107812500003 0.59375 0.029299107812500003 0.59375 0.0019553578125
4 0.59765625 0.02734375 0.5566428578125 0.02734375 0.5566428578125 0.0644553578125 0.59765625 0.0644553578125 0.59765625 0.02734375