4 0.640625 0.1738303578125 0.4921875 0.1738303578125 0.4921875 0.3261741078125 0.640625 0.3261741078125 0.640625 0.1738303578125
4 0.7363303578125 0.15234375 0.6855491078125 0.15234375 0.6855491078125 0.2128928578125 0.7363303578125 0.2128928578125 0.7363303578125 0.15234375
4 0.8574241078125 0.2910178578125 0.8222678578125 0.2910178578125 0.8222678578125 0.3339866078125 0.8574241078125 0.3339866078125 0.8574241078125 0.2910178578125
4 0.9433616078125 0.30078125 0.9042991078125 0.30078125 0.9042991078125 0.3652366078125 0.9433616078125 0.3652366078125 0.9433616078125 0.30078125
4 0.9628928578125 0.390625 0.9082053578125 0.390625 0.9082053578125 0.45508035781249995 0.9628928578125 0.45508035781249995 0.9628928578125 0.390625
4 0.8515625 0.46875 0.79296875 0.46875 0.79296875 0.53125 0.8515625 0.53125 0.8515625 0.46875
4 0.84375 0.6953125 0.80078125 0.6953125 0.80078125 0.7734375 0.84375 0.7734375 0.84375 0.6953125
4 0.45703125 0.1621116078125 0.3730491078125 0.1621116078125 0.3730491078125 0.265625 0.45703125 0.265625 0.45703125 0.1621116078125
4 0.3535178578125 0.1796875 0.3046875 0.1796875 0.3046875 0.2441428578125 0.3535178578125 0.2441428578125 0.3535178578125 0.1796875
4 0.29296875 0.203125 0.2109375 0.203125 0.2109375 0.2753928578125 0.29296875 0.2753928578125 0.29296875 0.203125
4 0.2207053578125 0.33203125 0.1152366078125 0.33203125 0.1152366078125 0.43164285781249995 0.2207053578125 0.43164285781249995 0.2207053578125 0.33203125
4 0.2207053578125 0.4453125 0.1582053578125 0.4453125 0.1582053578125 0.5488303578125 0.2207053578125 0.5488303578125 0.2207053578125 0.4453125
4 0.1015625 0.5878928578125 0.01171875 0.5878928578125 0.01171875 0.6738303578125 0.1015625 0.6738303578125 0.1015625 0.5878928578125
4 0.0878928578125 0.8183616078125 0.0449241078125 0.8183616078125 0.0449241078125 0.8828125 0.0878928578125 0.8828125 0.0878928578125 0.8183616078125
4 0.46289285781249995 0.7441428578125 0.40039285781249995 0.7441428578125 0.40039285781249995 0.8261741078125 0.46289285781249995 0.8261741078125 0.46289285781249995 0.7441428578125
4 0.42383035781249995 0.6484375 0.3339866078125 0.6484375 0.3339866078125 0.6933616078125 0.42383035781249995 0.6933616078125 0.42383035781249995 0.6484375
7 0.8671875 0.82421875 0.7988303578125 0.82421875 0.7988303578125 0.99609375 0.8671875 0.99609375 0.8671875 0.82421875
7 0.9824241078125 0.7910178578125 0.859375 0.7910178578125 0.859375 0.921875 0.9824241078125 0.921875 0.9824241078125 0.7910178578125
5 0.43554910781249995 0.65234375 0.3300803578125 0.65234375 0.3300803578125 0.7324241078125 0.43554910781249995 0.7324241078125 0.43554910781249995 0.65234375
7 0.9238303578125 0.8457053578125 0.8203125 0.8457053578125 0.8203125 0.9746116078125 0.9238303578125 0.9746116078125 0.9238303578125 0.8457053578125