4 0.8574241078125 0.78515625 0.7988303578125 0.78515625 0.7988303578125 0.875 0.8574241078125 0.875 0.8574241078125 0.78515625
4 0.7949241078125 0.2558616078125 0.7558616078125 0.2558616078125 0.7558616078125 0.296875 0.7949241078125 0.296875 0.7949241078125 0.2558616078125
4 0.6425803578125 0.3886741078125 0.5878928578125 0.3886741078125 0.5878928578125 0.4375 0.6425803578125 0.4375 0.6425803578125 0.3886741078125
3 0.28515625 0.28515625 0.2480491078125 0.28515625 0.2480491078125 0.33984375 0.28515625 0.33984375 0.28515625 0.28515625
7 0.1328125 0.8613303578125 0.0761741078125 0.8613303578125 0.0761741078125 0.9121116078125 0.1328125 0.9121116078125 0.1328125 0.8613303578125
4 0.46484375 0.80078125 0.41796875 0.80078125 0.41796875 0.8378928578125 0.46484375 0.8378928578125 0.46484375 0.80078125
5 0.9902366078125 0.0234375 0.7890625 0.0234375 0.7890625 0.26171875 0.9902366078125 0.26171875 0.9902366078125 0.0234375
4 0.8027366078125 0.7441428578125 0.75 0.7441428578125 0.75 0.828125 0.8027366078125 0.828125 0.8027366078125 0.7441428578125
4 0.8457053578125 0.703125 0.78515625 0.703125 0.78515625 0.7519553578125 0.8457053578125 0.7519553578125 0.8457053578125 0.703125
4 0.2441428578125 0.46484375 0.2167991078125 0.46484375 0.2167991078125 0.5097678578125 0.2441428578125 0.5097678578125 0.2441428578125 0.46484375
8 0.46679910781249995 0.45117410781249995 0.44921875 0.45117410781249995 0.44921875 0.48633035781249995 0.46679910781249995 0.48633035781249995 0.46679910781249995 0.45117410781249995