8 0.45737500000000003 0.0055642453125 0.4217946421875 0.0055642453125 0.4217946421875 0.0630782125 0.45737500000000003 0.0630782125 0.45737500000000003 0.0055642453125
8 0.483321428125 0.054731843749999995 0.4633080359375 0.054731843749999995 0.4633080359375 0.08534636875 0.483321428125 0.08534636875 0.483321428125 0.054731843749999995
8 0.521866071875 0.0139162015625 0.4996294640625 0.0139162015625 0.4996294640625 0.0482402234375 0.521866071875 0.0482402234375 0.521866071875 0.0139162015625
8 0.49666517812500005 0.061223464062499997 0.483321428125 0.061223464062499997 0.483321428125 0.089983240625 0.49666517812500005 0.089983240625 0.49666517812500005 0.061223464062499997
8 0.5277991078125 0.0807039109375 0.49740624999999994 0.0807039109375 0.49740624999999994 0.12430726249999999 0.5277991078125 0.12430726249999999 0.5277991078125 0.0807039109375
8 0.5374330359374999 0.13265363125000001 0.5062991078125 0.13265363125000001 0.5062991078125 0.1614134078125 0.5374330359374999 0.1614134078125 0.5374330359374999 0.13265363125000001
8 0.516678571875 0.15862569843750002 0.4803571421875 0.15862569843750002 0.4803571421875 0.22634636874999997 0.516678571875 0.22634636874999997 0.516678571875 0.15862569843750002
8 0.5426249999999999 0.19573184375 0.5248348218750001 0.19573184375 0.5248348218750001 0.2291284921875 0.5426249999999999 0.2291284921875 0.5426249999999999 0.19573184375
8 0.6367678578125 0.3070502796875 0.5767232140624999 0.3070502796875 0.5767232140624999 0.42578770937500005 0.6367678578125 0.42578770937500005 0.6367678578125 0.3070502796875
8 0.6263883921875 0.4239329609375 0.5989642859375001 0.4239329609375 0.5989642859375001 0.4693910609375 0.6263883921875 0.4693910609375 0.6263883921875 0.4239329609375
8 0.6552991078125 0.4007430171875 0.6293571421874999 0.4007430171875 0.6293571421874999 0.4304301671875 0.6552991078125 0.4304301671875 0.6552991078125 0.4007430171875
8 0.6767991078125 0.4239329609375 0.6545580359375001 0.4239329609375 0.6545580359375001 0.44805586562500005 0.6767991078125 0.44805586562500005 0.6767991078125 0.4239329609375
8 0.670866071875 0.47866480468750006 0.6434375 0.47866480468750006 0.6434375 0.5176256984375 0.670866071875 0.5176256984375 0.670866071875 0.47866480468750006
8 0.6953303578125001 0.45269273749999994 0.6686428578125 0.45269273749999994 0.6686428578125 0.46753631249999994 0.6953303578125001 0.46753631249999994 0.6953303578125001 0.45269273749999994
8 0.710897321875 0.344156425 0.682727678125 0.344156425 0.682727678125 0.3914692734375 0.710897321875 0.3914692734375 0.710897321875 0.344156425
8 0.733875 0.38311731875 0.702741071875 0.38311731875 0.702741071875 0.4434134078125 0.733875 0.4434134078125 0.733875 0.38311731875
8 0.6819866078125 0.308905028125 0.6575223218749999 0.308905028125 0.6575223218749999 0.3497206703125 0.6819866078125 0.3497206703125 0.6819866078125 0.308905028125
7 0.1838392859375 0.47866480468750006 0.0044464281250000005 0.47866480468750006 0.0044464281250000005 0.9795977656250001 0.1838392859375 0.9795977656250001 0.1838392859375 0.47866480468750006
3 0.15566964218749998 0.495363128125 0.1237946421875 0.495363128125 0.1237946421875 0.53896089375 0.15566964218749998 0.53896089375 0.15566964218749998 0.495363128125
3 0.25055803593750003 0.5760670390625 0.23128125000000002 0.5760670390625 0.23128125000000002 0.6085363125 0.25055803593750003 0.6085363125 0.25055803593750003 0.5760670390625
3 0.2787232140625 0.5630837984375 0.24758928593750001 0.5630837984375 0.24758928593750001 0.5992625703125001 0.2787232140625 0.5992625703125001 0.2787232140625 0.5630837984375
3 0.5404017859375 0.736553071875 0.4877678578125 0.736553071875 0.4877678578125 0.8756983234375 0.5404017859375 0.8756983234375 0.5404017859375 0.736553071875
3 0.6582633921875 0.9165139671875 0.613790178125 0.9165139671875 0.613790178125 0.9777430171875 0.6582633921875 0.9777430171875 0.6582633921875 0.9165139671875
3 0.705709821875 0.8840502796875 0.6582633921875 0.8840502796875 0.6582633921875 0.9619720671875 0.705709821875 0.9619720671875 0.705709821875 0.8840502796875
3 0.6575223218749999 0.721709496875 0.6286116078124999 0.721709496875 0.6286116078124999 0.760670390625 0.6575223218749999 0.760670390625 0.6575223218749999 0.721709496875
3 0.6597500000000001 0.8237486031250001 0.6367678578125 0.8237486031250001 0.6367678578125 0.8673519546874999 0.6597500000000001 0.8673519546874999 0.6597500000000001 0.8237486031250001
2 0.9659017859375 0.344156425 0.6078571421875 0.344156425 0.6078571421875 0.9211564250000001 0.9659017859375 0.9211564250000001 0.9659017859375 0.344156425
2 0.5196428578125001 0.43321229062500005 0.218678571875 0.43321229062500005 0.218678571875 0.9304301671875 0.5196428578125001 0.9304301671875 0.5196428578125001 0.43321229062500005
8 0.8057812500000001 0.00741899375 0.755375 0.00741899375 0.755375 0.082558659375 0.8057812500000001 0.082558659375 0.8057812500000001 0.00741899375
3 0.31134375 0.4656815640625 0.2742767859375 0.4656815640625 0.2742767859375 0.55380446875 0.31134375 0.55380446875 0.31134375 0.4656815640625
3 0.565602678125 0.9369217875 0.511491071875 0.9369217875 0.511491071875 0.9972234640625001 0.565602678125 0.9972234640625001 0.565602678125 0.9369217875
3 0.5908080359375 0.9740279328125 0.5730178578125 0.9740279328125 0.5730178578125 0.9944357546875 0.5908080359375 0.9944357546875 0.5908080359375 0.9740279328125
3 0.8065223218750001 0.8951787703124999 0.7835446421875 0.8951787703124999 0.7835446421875 0.9192960890625 0.8065223218750001 0.9192960890625 0.8065223218750001 0.8951787703124999
3 0.7620446421875 0.9044581 0.7309107140625 0.9044581 0.7309107140625 0.940636871875 0.7620446421875 0.940636871875 0.7620446421875 0.9044581
3 0.871758928125 0.3692011171875 0.8213482140625 0.3692011171875 0.8213482140625 0.4202234640625 0.871758928125 0.4202234640625 0.871758928125 0.3692011171875
3 0.8458125000000001 0.26437988749999997 0.826540178125 0.26437988749999997 0.826540178125 0.28942458125 0.8458125000000001 0.28942458125 0.8458125000000001 0.26437988749999997
3 0.6367678578125 0.5640111734375 0.6182366078125 0.5640111734375 0.6182366078125 0.5881284921875001 0.6367678578125 0.5881284921875001 0.6367678578125 0.5640111734375
3 0.5492946421875 0.5556592171875 0.530022321875 0.5556592171875 0.530022321875 0.5834916203125 0.5492946421875 0.5834916203125 0.5492946421875 0.5556592171875
8 0.1475178578125 0.5092793296875 0.1260178578125 0.5092793296875 0.1260178578125 0.5278324015625 0.1475178578125 0.5278324015625 0.1475178578125 0.5092793296875
8 0.317272321875 0.64749720625 0.308375 0.64749720625 0.308375 0.6577039109375 0.317272321875 0.6577039109375 0.317272321875 0.64749720625
8 0.34025 0.1771787703125 0.329133928125 0.1771787703125 0.329133928125 0.1985139671875 0.34025 0.1985139671875 0.34025 0.1771787703125
8 0.3239419640625 0.20872067031250002 0.31134375 0.20872067031250002 0.31134375 0.23005586562499997 0.3239419640625 0.23005586562499997 0.3239419640625 0.20872067031250002
8 0.8754642859375 0.7801508375 0.8606383921875 0.7801508375 0.8606383921875 0.8005586593749999 0.8754642859375 0.8005586593749999 0.8754642859375 0.7801508375
8 0.895477678125 0.7662346375 0.8813928578124999 0.7662346375 0.8813928578124999 0.7838603359375 0.895477678125 0.7838603359375 0.895477678125 0.7662346375
8 0.9666428578125 0.644715084375 0.9547812499999999 0.644715084375 0.9547812499999999 0.6679050281250001 0.9666428578125 0.6679050281250001 0.9666428578125 0.644715084375
8 0.9080803578125 0.6558491625 0.8888080359374999 0.6558491625 0.8888080359374999 0.67811173125 0.9080803578125 0.67811173125 0.9080803578125 0.6558491625
8 0.5248348218750001 0.7513966484375 0.5144553578125 0.7513966484375 0.5144553578125 0.7634525140624999 0.5248348218750001 0.7634525140624999 0.5248348218750001 0.7513966484375
8 0.520383928125 0.807055865625 0.498147321875 0.807055865625 0.498147321875 0.8256089390625 0.520383928125 0.8256089390625 0.520383928125 0.807055865625
8 0.523352678125 0.7820055859374999 0.5062991078125 0.7820055859374999 0.5062991078125 0.8014860328125 0.523352678125 0.8014860328125 0.523352678125 0.7820055859374999
8 0.43513839218749994 0.8766256984374999 0.4151205359375 0.8766256984374999 0.4151205359375 0.8961061453125 0.43513839218749994 0.8961061453125 0.43513839218749994 0.8766256984374999
8 0.2483303578125 0.5844189937500001 0.2372142859375 0.5844189937500001 0.2372142859375 0.6020446921875 0.2483303578125 0.6020446921875 0.2483303578125 0.5844189937500001
8 0.2683482140625 0.5723575421875 0.2557455359375 0.5723575421875 0.2557455359375 0.5909106140625 0.2683482140625 0.5909106140625 0.2683482140625 0.5723575421875
3 0.94959375 0.6966648046875 0.9140089281250001 0.6966648046875 0.9140089281250001 0.72541899375 0.94959375 0.72541899375 0.94959375 0.6966648046875
3 0.9132678578125001 0.6855307265625 0.895477678125 0.6855307265625 0.895477678125 0.7050111734375 0.9132678578125001 0.7050111734375 0.9132678578125001 0.6855307265625
3 0.963678571875 0.718927375 0.9444017859375 0.718927375 0.9444017859375 0.7476815640625001 0.963678571875 0.7476815640625001 0.963678571875 0.718927375
3 0.7509285718750001 0.5946201125 0.7042232140625 0.5946201125 0.7042232140625 0.6623407828125 0.7509285718750001 0.6623407828125 0.7509285718750001 0.5946201125
3 0.7249821421875 0.7820055859374999 0.690883928125 0.7820055859374999 0.690883928125 0.831173184375 0.7249821421875 0.831173184375 0.7249821421875 0.7820055859374999
1 0.5574508921875 0.42578770937500005 0.432915178125 0.42578770937500005 0.432915178125 0.635441340625 0.5574508921875 0.635441340625 0.5574508921875 0.42578770937500005
1 0.45663392812500003 0.42115083750000004 0.322459821875 0.42115083750000004 0.322459821875 0.5760670390625 0.45663392812500003 0.5760670390625 0.45663392812500003 0.42115083750000004
1 0.329133928125 0.4740279328125 0.25055803593750003 0.4740279328125 0.25055803593750003 0.589983240625 0.329133928125 0.589983240625 0.329133928125 0.4740279328125
1 0.4862857140625 0.589983240625 0.30541071406250003 0.589983240625 0.30541071406250003 0.9972234640625001 0.4862857140625 0.9972234640625001 0.4862857140625 0.589983240625
1 0.5730178578125 0.870134078125 0.49221428593749994 0.870134078125 0.49221428593749994 0.9962960890625 0.5730178578125 0.9962960890625 0.5730178578125 0.870134078125
1 0.652334821875 0.768094971875 0.5633794640625001 0.768094971875 0.5633794640625001 0.9740279328125 0.652334821875 0.9740279328125 0.652334821875 0.768094971875
1 0.3135669640625 0.46753631249999994 0.1319508921875 0.46753631249999994 0.1319508921875 0.9267206703124999 0.3135669640625 0.9267206703124999 0.3135669640625 0.46753631249999994
1 0.41215624999999995 0.120592178125 0.1475178578125 0.120592178125 0.1475178578125 0.47866480468750006 0.41215624999999995 0.47866480468750006 0.41215624999999995 0.120592178125
1 0.98665625 0.050094971875000005 0.6108214281250001 0.050094971875000005 0.6108214281250001 0.9675363125 0.98665625 0.9675363125 0.98665625 0.050094971875000005