4 0.41796875 0.0410178578125 0.35546875 0.0410178578125 0.35546875 0.1191428578125 0.41796875 0.1191428578125 0.41796875 0.0410178578125
4 0.77734375 0.171875 0.265625 0.171875 0.265625 0.44336160781249995 0.77734375 0.44336160781249995 0.77734375 0.171875
4 0.8671875 0.0019553578125 0.58984375 0.0019553578125 0.58984375 0.16796875 0.8671875 0.16796875 0.8671875 0.0019553578125
3 0.7636741078125 0.6074241078125 0.6953125 0.6074241078125 0.6953125 0.70703125 0.7636741078125 0.70703125 0.7636741078125 0.6074241078125
5 0.6621116078125 0.21875 0.3222678578125 0.21875 0.3222678578125 0.44140625 0.6621116078125 0.44140625 0.6621116078125 0.21875
3 0.99609375 0.24609375 0.875 0.24609375 0.875 0.3808616078125 0.99609375 0.3808616078125 0.99609375 0.24609375
3 0.9511741078125 0.65625 0.91796875 0.65625 0.91796875 0.6933616078125 0.9511741078125 0.6933616078125 0.9511741078125 0.65625
3 0.234375 0.6503928578125 0.20703125 0.6503928578125 0.20703125 0.6855491078125 0.234375 0.6855491078125 0.234375 0.6503928578125
4 0.0703125 0.1113303578125 0.0390625 0.1113303578125 0.0390625 0.1464866078125 0.0703125 0.1464866078125 0.0703125 0.1113303578125
4 0.9921875 0.2890625 0.9296875 0.2890625 0.9296875 0.35546875 0.9921875 0.35546875 0.9921875 0.2890625
4 0.7441428578125 0.62109375 0.7109375 0.62109375 0.7109375 0.6582053578125 0.7441428578125 0.6582053578125 0.7441428578125 0.62109375