3 0.49414285781249995 0.7265625 0.3808616078125 0.7265625 0.3808616078125 0.7949241078125 0.49414285781249995 0.7949241078125 0.49414285781249995 0.7265625
3 0.42773660781249995 0.8847678578125 0.37109375 0.8847678578125 0.37109375 0.91796875 0.42773660781249995 0.91796875 0.42773660781249995 0.8847678578125
3 0.42773660781249995 0.5 0.3886741078125 0.5 0.3886741078125 0.5488303578125 0.42773660781249995 0.5488303578125 0.42773660781249995 0.5
8 0.78515625 0.0097678578125 0.640625 0.0097678578125 0.640625 0.2597678578125 0.78515625 0.2597678578125 0.78515625 0.0097678578125
8 0.3964866078125 0.0234375 0.2480491078125 0.0234375 0.2480491078125 0.2089866078125 0.3964866078125 0.2089866078125 0.3964866078125 0.0234375
8 0.19921875 0.1074241078125 0.1484375 0.1074241078125 0.1484375 0.3222678578125 0.19921875 0.3222678578125 0.19921875 0.1074241078125
8 0.3847678578125 0.5722678578125 0.2597678578125 0.5722678578125 0.2597678578125 0.6816428578125 0.3847678578125 0.6816428578125 0.3847678578125 0.5722678578125
8 0.1484375 0.5566428578125 0.029299107812500003 0.5566428578125 0.029299107812500003 0.7128928578125 0.1484375 0.7128928578125 0.1484375 0.5566428578125
8 0.96875 0.77734375 0.8964866078125 0.77734375 0.8964866078125 0.8964866078125 0.96875 0.8964866078125 0.96875 0.77734375
8 0.9863303578125 0.2363303578125 0.92578125 0.2363303578125 0.92578125 0.3574241078125 0.9863303578125 0.3574241078125 0.9863303578125 0.2363303578125
8 0.9941428578125 0.41211160781249995 0.91015625 0.41211160781249995 0.91015625 0.625 0.9941428578125 0.625 0.9941428578125 0.41211160781249995
8 0.8066428578125 0.28515625 0.7421875 0.28515625 0.7421875 0.52734375 0.8066428578125 0.52734375 0.8066428578125 0.28515625
8 0.6015625 0.1015625 0.48046875 0.1015625 0.48046875 0.2050803578125 0.6015625 0.2050803578125 0.6015625 0.1015625
3 0.375 0.35546875 0.3125 0.35546875 0.3125 0.3847678578125 0.375 0.3847678578125 0.375 0.35546875
3 0.1894553578125 0.37109375 0.140625 0.37109375 0.140625 0.4140625 0.1894553578125 0.4140625 0.1894553578125 0.37109375
3 0.6953125 0.7910178578125 0.6542991078125 0.7910178578125 0.6542991078125 0.8339866078125 0.6953125 0.8339866078125 0.6953125 0.7910178578125
3 0.1269553578125 0.7480491078125 0.0371116078125 0.7480491078125 0.0371116078125 0.8203125 0.1269553578125 0.8203125 0.1269553578125 0.7480491078125
8 0.11328125 0.1328125 0.02734375 0.1328125 0.02734375 0.32421875 0.11328125 0.32421875 0.11328125 0.1328125
8 0.2734375 0.51171875 0.1953125 0.51171875 0.1953125 0.61328125 0.2734375 0.61328125 0.2734375 0.51171875
8 0.2753928578125 0.6269553578125 0.1464866078125 0.6269553578125 0.1464866078125 0.73828125 0.2753928578125 0.73828125 0.2753928578125 0.6269553578125
3 0.72265625 0.5839866078125 0.6308616078125 0.5839866078125 0.6308616078125 0.6953125 0.72265625 0.6953125 0.72265625 0.5839866078125
8 0.7988303578125 0.5214866078125 0.66796875 0.5214866078125 0.66796875 0.6621116078125 0.7988303578125 0.6621116078125 0.7988303578125 0.5214866078125
8 0.83984375 0.5859375 0.7910178578125 0.5859375 0.7910178578125 0.6972678578125 0.83984375 0.6972678578125 0.83984375 0.5859375
8 0.9238303578125 0.65234375 0.8144553578125 0.65234375 0.8144553578125 0.7949241078125 0.9238303578125 0.7949241078125 0.9238303578125 0.65234375
8 0.8925803578125 0.9238303578125 0.7949241078125 0.9238303578125 0.7949241078125 0.99609375 0.8925803578125 0.99609375 0.8925803578125 0.9238303578125
8 0.75390625 0.9003928578125 0.6503928578125 0.9003928578125 0.6503928578125 0.97265625 0.75390625 0.97265625 0.75390625 0.9003928578125
8 0.5371116078125 0.2167991078125 0.46289285781249995 0.2167991078125 0.46289285781249995 0.2734375 0.5371116078125 0.2734375 0.5371116078125 0.2167991078125
8 0.5410178578125 0.3027366078125 0.45508035781249995 0.3027366078125 0.45508035781249995 0.3417991078125 0.5410178578125 0.3417991078125 0.5410178578125 0.3027366078125
8 0.87109375 0.03515625 0.7558616078125 0.03515625 0.7558616078125 0.2324241078125 0.87109375 0.2324241078125 0.87109375 0.03515625
8 0.9921875 0.0097678578125 0.8769553578125 0.0097678578125 0.8769553578125 0.1855491078125 0.9921875 0.1855491078125 0.9921875 0.0097678578125
8 0.5292991078125 0.025392857812500003 0.3964866078125 0.025392857812500003 0.3964866078125 0.19921875 0.5292991078125 0.19921875 0.5292991078125 0.025392857812500003
8 0.2714866078125 0.00390625 0.1328125 0.00390625 0.1328125 0.08984375 0.2714866078125 0.08984375 0.2714866078125 0.00390625
8 0.3144553578125 0.1308616078125 0.2167991078125 0.1308616078125 0.2167991078125 0.2949241078125 0.3144553578125 0.2949241078125 0.3144553578125 0.1308616078125
8 0.7324241078125 0.2734375 0.6328125 0.2734375 0.6328125 0.3808616078125 0.7324241078125 0.3808616078125 0.7324241078125 0.2734375
3 0.6816428578125 0.3691428578125 0.58984375 0.3691428578125 0.58984375 0.43945535781249995 0.6816428578125 0.43945535781249995 0.6816428578125 0.3691428578125
3 0.5722678578125 0.3925803578125 0.52734375 0.3925803578125 0.52734375 0.453125 0.5722678578125 0.453125 0.5722678578125 0.3925803578125
8 0.5 0.6230491078125 0.43945535781249995 0.6230491078125 0.43945535781249995 0.6953125 0.5 0.6953125 0.5 0.6230491078125
3 0.44726785781249995 0.59765625 0.40820535781249995 0.59765625 0.40820535781249995 0.67578125 0.44726785781249995 0.67578125 0.44726785781249995 0.59765625
8 0.8984375 0.2402366078125 0.859375 0.2402366078125 0.859375 0.2949241078125 0.8984375 0.2949241078125 0.8984375 0.2402366078125
8 0.6347678578125 0.2265625 0.55859375 0.2265625 0.55859375 0.2714866078125 0.6347678578125 0.2714866078125 0.6347678578125 0.2265625
8 0.3730491078125 0.2832053578125 0.3359375 0.2832053578125 0.3359375 0.3261741078125 0.3730491078125 0.3261741078125 0.3730491078125 0.2832053578125
8 0.3964866078125 0.26953125 0.3769553578125 0.26953125 0.3769553578125 0.2871116078125 0.3964866078125 0.2871116078125 0.3964866078125 0.26953125
8 0.375 0.86328125 0.16796875 0.86328125 0.16796875 0.99609375 0.375 0.99609375 0.375 0.86328125
8 0.8984375 0.8261741078125 0.859375 0.8261741078125 0.859375 0.8925803578125 0.8984375 0.8925803578125 0.8984375 0.8261741078125
8 0.98828125 0.7011741078125 0.94140625 0.7011741078125 0.94140625 0.7558616078125 0.98828125 0.7558616078125 0.98828125 0.7011741078125
8 0.7871116078125 0.82421875 0.76953125 0.82421875 0.76953125 0.8496116078125 0.7871116078125 0.8496116078125 0.7871116078125 0.82421875
8 0.1582053578125 0.3203125 0.1191428578125 0.3203125 0.1191428578125 0.3613303578125 0.1582053578125 0.3613303578125 0.1582053578125 0.3203125
8 0.0957053578125 0.078125 0.0683616078125 0.078125 0.0683616078125 0.140625 0.0957053578125 0.140625 0.0957053578125 0.078125
8 0.46679910781249995 0.5214866078125 0.44336160781249995 0.5214866078125 0.44336160781249995 0.5566428578125 0.46679910781249995 0.5566428578125 0.46679910781249995 0.5214866078125
8 0.41796875 0.5 0.3964866078125 0.5 0.3964866078125 0.53515625 0.41796875 0.53515625 0.41796875 0.5
8 0.7265625 0.38671875 0.7050803578125 0.38671875 0.7050803578125 0.41796875 0.7265625 0.41796875 0.7265625 0.38671875
4 0.6894553578125 0.9472678578125 0.66015625 0.9472678578125 0.66015625 0.97265625 0.6894553578125 0.97265625 0.6894553578125 0.9472678578125
4 0.734375 0.90234375 0.71875 0.90234375 0.71875 0.9238303578125 0.734375 0.9238303578125 0.734375 0.90234375
4 0.8847678578125 0.6855491078125 0.85546875 0.6855491078125 0.85546875 0.7890625 0.8847678578125 0.7890625 0.8847678578125 0.6855491078125
4 0.9824241078125 0.7109375 0.9472678578125 0.7109375 0.9472678578125 0.7519553578125 0.9824241078125 0.7519553578125 0.9824241078125 0.7109375
4 0.9453125 0.8105491078125 0.9003928578125 0.8105491078125 0.9003928578125 0.90625 0.9453125 0.90625 0.9453125 0.8105491078125
4 0.9042991078125 0.828125 0.8652366078125 0.828125 0.8652366078125 0.8886741078125 0.9042991078125 0.8886741078125 0.9042991078125 0.828125