3 0.09859375000000001 0.4434134078125 0.0044464281250000005 0.4434134078125 0.0044464281250000005 0.8191117312499999 0.09859375000000001 0.8191117312499999 0.09859375000000001 0.4434134078125
3 0.18458035781249998 0.363636871875 0.07561160781250001 0.363636871875 0.07561160781250001 0.4267206703125 0.18458035781249998 0.4267206703125 0.18458035781249998 0.363636871875
3 0.3135669640625 0.0936927375 0.134915178125 0.0936927375 0.134915178125 0.27829608906250003 0.3135669640625 0.27829608906250003 0.3135669640625 0.0936927375
3 0.677540178125 0.0371061453125 0.6085982140625 0.0371061453125 0.6085982140625 0.09647486093749999 0.677540178125 0.09647486093749999 0.677540178125 0.0371061453125
3 0.7398080359375 0.464754190625 0.11564285781250001 0.464754190625 0.11564285781250001 0.8283910609375 0.7398080359375 0.8283910609375 0.7398080359375 0.464754190625
3 0.801334821875 0.6799664796875 0.606375 0.6799664796875 0.606375 0.77180446875 0.801334821875 0.77180446875 0.801334821875 0.6799664796875
3 0.471459821875 0.8803351953125 0.3647142859375 0.8803351953125 0.3647142859375 0.9823798874999999 0.471459821875 0.9823798874999999 0.471459821875 0.8803351953125
3 0.5455892859375 0.9304301671875 0.46182142812500004 0.9304301671875 0.46182142812500004 0.9944357546875 0.5455892859375 0.9944357546875 0.5455892859375 0.9304301671875
3 0.7116383921875 0.85158100625 0.5574508921875 0.85158100625 0.5574508921875 0.9842346375 0.7116383921875 0.9842346375 0.7116383921875 0.85158100625
3 0.8406205359375001 0.8014860328125 0.80059375 0.8014860328125 0.80059375 0.8580726249999999 0.8406205359375001 0.8580726249999999 0.8406205359375001 0.8014860328125
3 0.8939955359375 0.7977765359375 0.841366071875 0.7977765359375 0.841366071875 0.8645698328125 0.8939955359375 0.8645698328125 0.8939955359375 0.7977765359375
3 0.747959821875 0.23933519531249997 0.3387678578125 0.23933519531249997 0.3387678578125 0.33766480468750004 0.747959821875 0.33766480468750004 0.747959821875 0.23933519531249997
8 0.7005178578125 0.36734636875 0.6575223218749999 0.36734636875 0.6575223218749999 0.41280446875 0.7005178578125 0.41280446875 0.7005178578125 0.36734636875
8 0.7857678578125 0.4591843578125 0.7664955359375 0.4591843578125 0.7664955359375 0.49721787656250005 0.7857678578125 0.49721787656250005 0.7857678578125 0.4591843578125
8 0.7983705359375 0.4842346375 0.779834821875 0.4842346375 0.779834821875 0.5176256984375 0.7983705359375 0.5176256984375 0.7983705359375 0.4842346375
8 0.221647321875 0.75788826875 0.2045982140625 0.75788826875 0.2045982140625 0.7801508375 0.221647321875 0.7801508375 0.221647321875 0.75788826875
8 0.2246116078125 0.784787709375 0.193477678125 0.784787709375 0.193477678125 0.807983240625 0.2246116078125 0.807983240625 0.2246116078125 0.784787709375
8 0.2498125 0.8256089390625 0.21793749999999998 0.8256089390625 0.21793749999999998 0.854363128125 0.2498125 0.854363128125 0.2498125 0.8256089390625
3 0.2246116078125 0.9044581 0.1245357140625 0.9044581 0.1245357140625 0.995363128125 0.2246116078125 0.995363128125 0.2246116078125 0.9044581
8 0.5885848218749999 0.7755139671875 0.4937008921875 0.7755139671875 0.4937008921875 0.84972625625 0.5885848218749999 0.84972625625 0.5885848218749999 0.7755139671875
8 0.5678258921875 0.8645698328125 0.5174196421875 0.8645698328125 0.5174196421875 0.9517653625 0.5678258921875 0.9517653625 0.5678258921875 0.8645698328125
8 0.5048169640625 0.56122905 0.4455133921875 0.56122905 0.4455133921875 0.717072625 0.5048169640625 0.717072625 0.5048169640625 0.56122905
8 0.5967366078125 0.6307988828125 0.5678258921875 0.6307988828125 0.5678258921875 0.6697597765625 0.5967366078125 0.6697597765625 0.5967366078125 0.6307988828125
7 0.1979241078125 0.5129888265625 0.0867321421875 0.5129888265625 0.0867321421875 0.6456424578125 0.1979241078125 0.6456424578125 0.1979241078125 0.5129888265625
3 0.7894732140625 0.0222625703125 0.7516696421875 0.0222625703125 0.7516696421875 0.059368715625 0.7894732140625 0.059368715625 0.7894732140625 0.0222625703125
3 0.9080803578125 0.0797765359375 0.876946428125 0.0797765359375 0.876946428125 0.11131843593749999 0.9080803578125 0.11131843593749999 0.9080803578125 0.0797765359375
3 0.7353616078125 0.32931284843749997 0.7079330359375 0.32931284843749997 0.7079330359375 0.3617821234375 0.7353616078125 0.3617821234375 0.7353616078125 0.32931284843749997
3 0.7702008921875 0.8283910609375 0.714602678125 0.8283910609375 0.714602678125 0.9415642453125 0.7702008921875 0.9415642453125 0.7702008921875 0.8283910609375
7 0.398071428125 0.004636871875 0.0029642859375 0.004636871875 0.0029642859375 0.3339553078125 0.398071428125 0.3339553078125 0.398071428125 0.004636871875
8 0.06671428593749999 0.5667932953125 0.051147321875 0.5667932953125 0.051147321875 0.5992625703125001 0.06671428593749999 0.5992625703125001 0.06671428593749999 0.5667932953125
8 0.025946428124999997 0.5992625703125001 0.012602678124999999 0.5992625703125001 0.012602678124999999 0.6150279328125 0.025946428124999997 0.6150279328125 0.025946428124999997 0.5992625703125001
8 0.0237232140625 0.49443575468749995 0.0022232140625000002 0.49443575468749995 0.0022232140625000002 0.5120614531250001 0.0237232140625 0.5120614531250001 0.0237232140625 0.49443575468749995
8 0.0652321421875 0.5046424578125001 0.049665178125 0.5046424578125001 0.049665178125 0.5213351953124999 0.0652321421875 0.5213351953124999 0.0652321421875 0.5046424578125001
8 0.0659732140625 0.4591843578125 0.0570803578125 0.4591843578125 0.0570803578125 0.47124580937499994 0.0659732140625 0.47124580937499994 0.0659732140625 0.4591843578125
8 0.0526294640625 0.730061453125 0.0415133921875 0.730061453125 0.0415133921875 0.75696089375 0.0526294640625 0.75696089375 0.0526294640625 0.730061453125
8 0.0489241078125 0.6929553078125 0.036321428125 0.6929553078125 0.036321428125 0.7096480453125 0.0489241078125 0.7096480453125 0.0489241078125 0.6929553078125
8 0.07709375 0.6567765359375 0.058562499999999997 0.6567765359375 0.058562499999999997 0.6771843578125 0.07709375 0.6771843578125 0.07709375 0.6567765359375
8 0.07635267812499999 0.785715084375 0.060785714062499996 0.785715084375 0.060785714062499996 0.8024134078125 0.07635267812499999 0.8024134078125 0.07635267812499999 0.785715084375
8 0.09859375000000001 0.6178156421875001 0.07709375 0.6178156421875001 0.07709375 0.6558491625 0.09859375000000001 0.6558491625 0.09859375000000001 0.6178156421875001
8 0.16604910781249999 0.5250502796875 0.1423258921875 0.5250502796875 0.1423258921875 0.5417486031250001 0.16604910781249999 0.5417486031250001 0.16604910781249999 0.5250502796875
8 0.1890267859375 0.52226815625 0.17420089218749998 0.52226815625 0.17420089218749998 0.5361787703124999 0.1890267859375 0.5361787703124999 0.1890267859375 0.52226815625
8 0.1964419640625 0.534324021875 0.16679017812500002 0.534324021875 0.16679017812500002 0.5584413406250001 0.1964419640625 0.5584413406250001 0.1964419640625 0.534324021875
8 0.46775446406250004 0.52226815625 0.4366205359375 0.52226815625 0.4366205359375 0.55380446875 0.46775446406250004 0.55380446875 0.46775446406250004 0.52226815625
8 0.5581919640625 0.60018994375 0.5455892859375 0.60018994375 0.5455892859375 0.6224525140625 0.5581919640625 0.6224525140625 0.5581919640625 0.60018994375
8 0.2616741078125 0.5834916203125 0.244625 0.5834916203125 0.244625 0.6029720671875001 0.2616741078125 0.6029720671875001 0.2616741078125 0.5834916203125
8 0.3031875 0.6252346375 0.28984375 0.6252346375 0.28984375 0.64749720625 0.3031875 0.64749720625 0.3031875 0.6252346375
8 0.37361160781249997 0.5769944140625001 0.357303571875 0.5769944140625001 0.357303571875 0.5992625703125001 0.37361160781249997 0.5992625703125001 0.37361160781249997 0.5769944140625001
8 0.43365625 0.5872011171875 0.402522321875 0.5872011171875 0.402522321875 0.6243072625 0.43365625 0.6243072625 0.43365625 0.5872011171875
8 0.3558169640625 0.5315419 0.3409955359375 0.5315419 0.3409955359375 0.5519497203125 0.3558169640625 0.5519497203125 0.3558169640625 0.5315419
8 0.329133928125 0.5565865921875 0.32171875 0.5565865921875 0.32171875 0.5732849156250001 0.329133928125 0.5732849156250001 0.329133928125 0.5565865921875
8 0.4937008921875 0.854363128125 0.471459821875 0.854363128125 0.471459821875 0.8803351953125 0.4937008921875 0.8803351953125 0.4937008921875 0.854363128125
8 0.4877678578125 0.7643798875 0.46553125 0.7643798875 0.46553125 0.8126201125 0.4877678578125 0.8126201125 0.4877678578125 0.7643798875
8 0.4877678578125 0.7393351953125 0.46775446406250004 0.7393351953125 0.46775446406250004 0.761597765625 0.4877678578125 0.761597765625 0.4877678578125 0.7393351953125
8 0.464790178125 0.7309888265625 0.42994642812499995 0.7309888265625 0.42994642812499995 0.7643798875 0.464790178125 0.7643798875 0.464790178125 0.7309888265625
8 0.61971875 0.8126201125 0.5967366078125 0.8126201125 0.5967366078125 0.8460167593750001 0.61971875 0.8460167593750001 0.61971875 0.8126201125
8 0.6100803578125 0.8265363125 0.5841383921875 0.8265363125 0.5841383921875 0.859 0.6100803578125 0.859 0.6100803578125 0.8265363125
8 0.5908080359375 0.8423016765625 0.56115625 0.8423016765625 0.56115625 0.8756983234375 0.5908080359375 0.8756983234375 0.5908080359375 0.8423016765625
8 0.6441830359375 0.054731843749999995 0.6308392859375 0.054731843749999995 0.6308392859375 0.0714301671875 0.6441830359375 0.0714301671875 0.6441830359375 0.054731843749999995
8 0.2194196421875 0.1790335203125 0.2053392859375 0.1790335203125 0.2053392859375 0.199446928125 0.2194196421875 0.199446928125 0.2194196421875 0.1790335203125
8 0.2372142859375 0.1985139671875 0.22683482187499998 0.1985139671875 0.22683482187499998 0.21428491562500002 0.2372142859375 0.21428491562500002 0.2372142859375 0.1985139671875
8 0.263897321875 0.1391452515625 0.25278125 0.1391452515625 0.25278125 0.16419553125 0.263897321875 0.16419553125 0.263897321875 0.1391452515625
8 0.2868794640625 0.1233798875 0.2683482140625 0.1233798875 0.2683482140625 0.140072625 0.2868794640625 0.140072625 0.2868794640625 0.1233798875
8 0.16604910781249999 0.22541899375000002 0.1512232140625 0.22541899375000002 0.1512232140625 0.25324580937499996 0.16604910781249999 0.25324580937499996 0.16604910781249999 0.22541899375000002
8 0.16530803593750001 0.3886871515625 0.1512232140625 0.3886871515625 0.1512232140625 0.4007430171875 0.16530803593750001 0.4007430171875 0.16530803593750001 0.3886871515625
8 0.6819866078125 0.8859050281249999 0.6545580359375001 0.8859050281249999 0.6545580359375001 0.9109497203125001 0.6819866078125 0.9109497203125001 0.6819866078125 0.8859050281249999
8 0.71015625 0.92022905 0.6931071421875 0.92022905 0.6931071421875 0.940636871875 0.71015625 0.940636871875 0.71015625 0.92022905
8 0.6493705359375 0.9434189937499999 0.6278705359375001 0.9434189937499999 0.6278705359375001 0.9638268156249999 0.6493705359375 0.9638268156249999 0.6493705359375 0.9434189937499999
8 0.431428571875 0.9434189937499999 0.4203125 0.9434189937499999 0.4203125 0.9601173187500001 0.431428571875 0.9601173187500001 0.431428571875 0.9434189937499999
8 0.3832455359375 0.9601173187500001 0.3728705359375 0.9601173187500001 0.3728705359375 0.9768156421875 0.3832455359375 0.9768156421875 0.3832455359375 0.9601173187500001
8 0.4091919640625 0.9239385468749999 0.39955357187499996 0.9239385468749999 0.39955357187499996 0.9350670390625 0.4091919640625 0.9350670390625 0.4091919640625 0.9239385468749999
8 0.28317410781249996 0.9619720671875 0.2690892859375 0.9619720671875 0.2690892859375 0.9777430171875 0.28317410781249996 0.9777430171875 0.28317410781249996 0.9619720671875
8 0.180875 0.939709496875 0.163084821875 0.939709496875 0.163084821875 0.9675363125 0.180875 0.9675363125 0.180875 0.939709496875
8 0.1504821421875 0.917441340625 0.128241071875 0.917441340625 0.128241071875 0.9415642453125 0.1504821421875 0.9415642453125 0.1504821421875 0.917441340625
8 0.01853125 0.706865921875 0.00815625 0.706865921875 0.00815625 0.7356256984375 0.01853125 0.7356256984375 0.01853125 0.706865921875
8 0.040772321875 0.652134078125 0.027428571875000002 0.652134078125 0.027428571875000002 0.6716145250000001 0.040772321875 0.6716145250000001 0.040772321875 0.652134078125
8 0.0785758921875 0.745826815625 0.0689419640625 0.745826815625 0.0689419640625 0.7597430171874999 0.0785758921875 0.7597430171874999 0.0785758921875 0.745826815625
8 0.140102678125 0.6549217875 0.1252767859375 0.6549217875 0.1252767859375 0.6753296093750001 0.140102678125 0.6753296093750001 0.140102678125 0.6549217875
8 0.1438080359375 0.674402234375 0.128241071875 0.674402234375 0.128241071875 0.6901675984375 0.1438080359375 0.6901675984375 0.1438080359375 0.674402234375
8 0.2164553578125 0.64842458125 0.208303571875 0.64842458125 0.208303571875 0.6623407828125 0.2164553578125 0.6623407828125 0.2164553578125 0.64842458125
8 0.2297991078125 0.6252346375 0.2194196421875 0.6252346375 0.2194196421875 0.6372960890625 0.2297991078125 0.6372960890625 0.2297991078125 0.6252346375
8 0.225352678125 0.60111731875 0.212008928125 0.60111731875 0.212008928125 0.619670390625 0.225352678125 0.619670390625 0.225352678125 0.60111731875
8 0.39140178593749997 0.502787709375 0.37954017812499996 0.502787709375 0.37954017812499996 0.514843575 0.39140178593749997 0.514843575 0.39140178593749997 0.502787709375
8 0.5307633921875 0.49350837968750005 0.5174196421875 0.49350837968750005 0.5174196421875 0.5064972062499999 0.5307633921875 0.5064972062499999 0.5307633921875 0.49350837968750005
8 0.5722767859375 0.5398882687500001 0.55596875 0.5398882687500001 0.55596875 0.5593743015625 0.5722767859375 0.5593743015625 0.5722767859375 0.5398882687500001
8 0.520383928125 0.53896089375 0.49666517812500005 0.53896089375 0.49666517812500005 0.5630837984375 0.520383928125 0.5630837984375 0.520383928125 0.53896089375
8 0.7272053578125 0.5797821234375 0.71534375 0.5797821234375 0.71534375 0.5936927375 0.7272053578125 0.5936927375 0.7272053578125 0.5797821234375
8 0.7123794640625001 0.5807094968750001 0.702741071875 0.5807094968750001 0.702741071875 0.5946201125 0.7123794640625001 0.5946201125 0.7123794640625001 0.5807094968750001
8 0.451446428125 0.34508379843750003 0.43513839218749994 0.34508379843750003 0.43513839218749994 0.359 0.451446428125 0.359 0.451446428125 0.34508379843750003
8 0.426241071875 0.3367374296875 0.4136383921875 0.3367374296875 0.4136383921875 0.3506480453125 0.426241071875 0.3506480453125 0.426241071875 0.3367374296875
8 0.8806517859375 0.8283910609375 0.868790178125 0.8283910609375 0.868790178125 0.84322905 0.8806517859375 0.84322905 0.8806517859375 0.8283910609375
8 0.8591562500000001 0.8293184359374999 0.8502589281249999 0.8293184359374999 0.8502589281249999 0.8413743015625 0.8591562500000001 0.8413743015625 0.8591562500000001 0.8293184359374999
8 0.8287633921875001 0.8256089390625 0.818383928125 0.8256089390625 0.818383928125 0.838592178125 0.8287633921875001 0.838592178125 0.8287633921875001 0.8256089390625
8 0.52409375 0.9749553078125001 0.5144553578125 0.9749553078125001 0.5144553578125 0.9897988828125 0.52409375 0.9897988828125 0.52409375 0.9749553078125001
8 0.3550758921875 0.9888715078124999 0.343959821875 0.9888715078124999 0.343959821875 0.9981508375000001 0.3550758921875 0.9981508375000001 0.3550758921875 0.9888715078124999