8 0.4143794640625 0.020407821875000003 0.32987500000000003 0.020407821875000003 0.32987500000000003 0.10760893906249999 0.4143794640625 0.10760893906249999 0.4143794640625 0.020407821875000003
8 0.523352678125 0.26067039062499997 0.47887500000000005 0.26067039062499997 0.47887500000000005 0.3107597765625 0.523352678125 0.3107597765625 0.523352678125 0.26067039062499997
8 0.687915178125 0.16975977656250002 0.49147321406250005 0.16975977656250002 0.49147321406250005 0.2912793296875 0.687915178125 0.2912793296875 0.687915178125 0.16975977656250002
3 0.61971875 0.230983240625 0.580428571875 0.230983240625 0.580428571875 0.2810782125 0.61971875 0.2810782125 0.61971875 0.230983240625
8 0.8502589281249999 0.10111173124999999 0.8213482140625 0.10111173124999999 0.8213482140625 0.1391452515625 0.8502589281249999 0.1391452515625 0.8502589281249999 0.10111173124999999
8 0.9184598218750001 0.12430726249999999 0.86953125 0.12430726249999999 0.86953125 0.1855307265625 0.9184598218750001 0.1855307265625 0.9184598218750001 0.12430726249999999
3 0.8057812500000001 0.21613966406250001 0.7842857140625 0.21613966406250001 0.7842857140625 0.25231843593750003 0.8057812500000001 0.25231843593750003 0.8057812500000001 0.21613966406250001
3 0.9303169640625001 0.752324021875 0.9073392859375 0.752324021875 0.9073392859375 0.7949944140625 0.9303169640625001 0.7949944140625 0.9303169640625001 0.752324021875
3 0.3669375 0.8923966484375001 0.3409955359375 0.8923966484375001 0.3409955359375 0.9304301671875 0.3669375 0.9304301671875 0.3669375 0.8923966484375001
3 0.392883928125 0.9230111734375 0.3728705359375 0.9230111734375 0.3728705359375 0.956402234375 0.392883928125 0.956402234375 0.392883928125 0.9230111734375
3 0.1008169640625 0.21985474843750002 0.0333571421875 0.21985474843750002 0.0333571421875 0.308905028125 0.1008169640625 0.308905028125 0.1008169640625 0.21985474843750002
8 0.0904375 0.0788491625 0.057821428125 0.0788491625 0.057821428125 0.12616201093749999 0.0904375 0.12616201093749999 0.0904375 0.0788491625
8 0.275758928125 0.0640055859375 0.2416607140625 0.0640055859375 0.2416607140625 0.098329609375 0.275758928125 0.098329609375 0.275758928125 0.0640055859375
8 0.17271875 0.140072625 0.13565624999999998 0.140072625 0.13565624999999998 0.18089385468750002 0.17271875 0.18089385468750002 0.17271875 0.140072625
8 0.1793928578125 0.191094971875 0.161602678125 0.191094971875 0.161602678125 0.2291284921875 0.1793928578125 0.2291284921875 0.1793928578125 0.191094971875
8 0.320977678125 0.5584413406250001 0.253522321875 0.5584413406250001 0.253522321875 0.6688324015625 0.320977678125 0.6688324015625 0.320977678125 0.5584413406250001
8 0.44180803593749995 0.4267206703125 0.393625 0.4267206703125 0.393625 0.49814525156249995 0.44180803593749995 0.49814525156249995 0.44180803593749995 0.4267206703125
8 0.560415178125 0.3766256984375 0.4996294640625 0.3766256984375 0.4996294640625 0.45640223437499994 0.560415178125 0.45640223437499994 0.560415178125 0.3766256984375
8 0.5997053578125 0.4434134078125 0.5715357140624999 0.4434134078125 0.5715357140624999 0.4740279328125 0.5997053578125 0.4740279328125 0.5997053578125 0.4434134078125
8 0.5937723218750001 0.48237430156250005 0.5767232140624999 0.48237430156250005 0.5767232140624999 0.5064972062499999 0.5937723218750001 0.5064972062499999 0.5937723218750001 0.48237430156250005
8 0.6434375 0.7282011171875 0.6115625 0.7282011171875 0.6115625 0.784787709375 0.6434375 0.784787709375 0.6434375 0.7282011171875
8 0.7664955359375 0.6697597765625 0.7309107140625 0.6697597765625 0.7309107140625 0.7198547484375 0.7664955359375 0.7198547484375 0.7664955359375 0.6697597765625
8 0.8117142859375001 0.6243072625 0.7887321421875 0.6243072625 0.7887321421875 0.666977653125 0.8117142859375001 0.666977653125 0.8117142859375001 0.6243072625
8 0.7257232140625 0.5287597765625 0.6745758921875 0.5287597765625 0.6745758921875 0.5677206703125 0.7257232140625 0.5677206703125 0.7257232140625 0.5287597765625
8 0.759821428125 0.5 0.7316517859375 0.5 0.7316517859375 0.5371061453125 0.759821428125 0.5371061453125 0.759821428125 0.5
8 0.7205357140624999 0.613173184375 0.660491071875 0.613173184375 0.660491071875 0.699446928125 0.7205357140624999 0.699446928125 0.7205357140624999 0.613173184375
8 0.7753883921875 0.8218938546875 0.7383258921875 0.8218938546875 0.7383258921875 0.910022346875 0.7753883921875 0.910022346875 0.7753883921875 0.8218938546875
8 0.8354330359375 0.9359944140625001 0.8094866078124999 0.9359944140625001 0.8094866078124999 0.9684636875000001 0.8354330359375 0.9684636875000001 0.8354330359375 0.9359944140625001
8 0.7123794640625001 0.8645698328125 0.6819866078125 0.8645698328125 0.6819866078125 0.9666089390625 0.7123794640625001 0.9666089390625 0.7123794640625001 0.8645698328125
8 0.8435892859375 0.4267206703125 0.8065223218750001 0.4267206703125 0.8065223218750001 0.487016759375 0.8435892859375 0.487016759375 0.8435892859375 0.4267206703125
7 0.225352678125 0.70222905 0.026687499999999996 0.70222905 0.026687499999999996 0.9944357546875 0.225352678125 0.9944357546875 0.225352678125 0.70222905
5 0.7286875 0.4462011171875 0.64640625 0.4462011171875 0.64640625 0.5241229046875 0.7286875 0.5241229046875 0.7286875 0.4462011171875
8 0.5055580359375 0.57050279375 0.49147321406250005 0.57050279375 0.49147321406250005 0.5834916203125 0.5055580359375 0.5834916203125 0.5055580359375 0.57050279375
8 0.3632321421875 0.8998156421875001 0.3461830359375 0.8998156421875001 0.3461830359375 0.9211564250000001 0.3632321421875 0.9211564250000001 0.3632321421875 0.8998156421875001
8 0.393625 0.9341396640624999 0.3728705359375 0.9341396640624999 0.3728705359375 0.9517653625 0.393625 0.9517653625 0.393625 0.9341396640624999