8 0.359375 0.1328125 0.32421875 0.1328125 0.32421875 0.1738303578125 0.359375 0.1738303578125 0.359375 0.1328125
8 0.31640625 0.16796875 0.2753928578125 0.16796875 0.2753928578125 0.2167991078125 0.31640625 0.2167991078125 0.31640625 0.16796875
8 0.171875 0.12109375 0.12890625 0.12109375 0.12890625 0.171875 0.171875 0.171875 0.171875 0.12109375
8 0.0859375 0.7011741078125 0.03515625 0.7011741078125 0.03515625 0.7578125 0.0859375 0.7578125 0.0859375 0.7011741078125
8 0.9980491078125 0.1191428578125 0.9550803578125 0.1191428578125 0.9550803578125 0.2246116078125 0.9980491078125 0.2246116078125 0.9980491078125 0.1191428578125
8 0.40625 0.15625 0.359375 0.15625 0.359375 0.203125 0.40625 0.203125 0.40625 0.15625
7 0.8730491078125 0.89453125 0.6484375 0.89453125 0.6484375 0.99609375 0.8730491078125 0.99609375 0.8730491078125 0.89453125
3 0.8769553578125 0.6933616078125 0.8417991078125 0.6933616078125 0.8417991078125 0.73828125 0.8769553578125 0.73828125 0.8769553578125 0.6933616078125
3 0.43945535781249995 0.3066428578125 0.40039285781249995 0.3066428578125 0.40039285781249995 0.3496116078125 0.43945535781249995 0.3496116078125 0.43945535781249995 0.3066428578125
5 0.42773660781249995 0.2519553578125 0.0234375 0.2519553578125 0.0234375 0.7011741078125 0.42773660781249995 0.7011741078125 0.42773660781249995 0.2519553578125
1 0.43164285781249995 0.1933616078125 0.265625 0.1933616078125 0.265625 0.3183616078125 0.43164285781249995 0.3183616078125 0.43164285781249995 0.1933616078125
1 0.3652366078125 0.3125 0.2675803578125 0.3125 0.2675803578125 0.40429910781249995 0.3652366078125 0.40429910781249995 0.3652366078125 0.3125
1 0.453125 0.40625 0.3261741078125 0.40625 0.3261741078125 0.4921875 0.453125 0.4921875 0.453125 0.40625