4 0.1428571421875 1 0.1428571421875 0.7200287078125001 0.0038616078125 0.7200287078125001 0.0038616078125 1 0.1428571421875 1
4 0.9305 0.8441722484374999 0.8262544640625 0.8441722484374999 0.8262544640625 0.9145215312499999 0.9305 0.9145215312499999 0.9305 0.8441722484374999
8 0.6756741078124999 0.0744880375 0.6563705359374999 0.0744880375 0.6563705359374999 0.0993157890625 0.6756741078124999 0.0993157890625 0.6756741078124999 0.0744880375
8 0.7876428578125 0.3186363640625 0.7258705359375 0.3186363640625 0.7258705359375 0.380708134375 0.7876428578125 0.380708134375 0.7876428578125 0.3186363640625
4 0.22779910781249998 0.3103588515625 0.0077232140625 0.3103588515625 0.0077232140625 0.5751961718749999 0.22779910781249998 0.5751961718749999 0.22779910781249998 0.3103588515625
4 0.127415178125 0.5669186609375 0.0463303578125 0.5669186609375 0.0463303578125 0.6455454546875 0.127415178125 0.6455454546875 0.127415178125 0.5669186609375
8 0.9343616078125001 0.5669186609375 0.8725848218750001 0.5669186609375 0.8725848218750001 0.657961721875 0.9343616078125001 0.657961721875 0.9343616078125001 0.5669186609375
4 0.9266428578125 0.6745119625 0.85328125 0.6745119625 0.85328125 0.7779665078125 0.9266428578125 0.7779665078125 0.9266428578125 0.6745119625
4 0.864866071875 0.5751961718749999 0.752897321875 0.5751961718749999 0.752897321875 0.7283062203124999 0.864866071875 0.7283062203124999 0.864866071875 0.5751961718749999
4 0.5830133921875 0.6538229671875 0.55984375 0.6538229671875 0.55984375 0.70347846875 0.5830133921875 0.70347846875 0.5830133921875 0.6538229671875
8 0.8610044640625001 0.6331291859375 0.8417008921875 0.6331291859375 0.8417008921875 0.6538229671875 0.8610044640625001 0.6538229671875 0.8610044640625001 0.6331291859375
8 0.8301160718749999 0.66209569375 0.8108124999999999 0.66209569375 0.8108124999999999 0.7158947375 0.8301160718749999 0.7158947375 0.8301160718749999 0.66209569375
8 0.07721875 0.331047846875 0.0386116078125 0.331047846875 0.0386116078125 0.40553588593749995 0.07721875 0.40553588593749995 0.07721875 0.331047846875
8 0.20849553593749998 0.4303636359375 0.0617767859375 0.4303636359375 0.0617767859375 0.5420909093749999 0.20849553593749998 0.5420909093749999 0.20849553593749998 0.4303636359375
8 0.131272321875 0.39725837343750003 0.10038392812500001 0.39725837343750003 0.10038392812500001 0.4262248796875 0.131272321875 0.4262248796875 0.131272321875 0.39725837343750003
8 0.1737455359375 0.41794736875 0.1582991078125 0.41794736875 0.1582991078125 0.46346889999999996 0.1737455359375 0.46346889999999996 0.1737455359375 0.41794736875
8 0.22007589218749998 0.45519138750000004 0.20463392812499998 0.45519138750000004 0.20463392812499998 0.4800191390625 0.22007589218749998 0.4800191390625 0.22007589218749998 0.45519138750000004
8 0.088803571875 0.571057415625 0.0617767859375 0.571057415625 0.0617767859375 0.6041626796874999 0.088803571875 0.6041626796874999 0.088803571875 0.571057415625
8 0.11583035781249999 0.6000239234375 0.10038392812500001 0.6000239234375 0.10038392812500001 0.624856459375 0.11583035781249999 0.624856459375 0.11583035781249999 0.6000239234375
8 0.9150580359375 0.6869282296875 0.8610044640625001 0.6869282296875 0.8610044640625001 0.7283062203124999 0.9150580359375 0.7283062203124999 0.9150580359375 0.6869282296875
8 0.1969107140625 0.7655502390625 0.18146875 0.7655502390625 0.18146875 0.8027942578125 0.1969107140625 0.8027942578125 0.1969107140625 0.7655502390625
8 0.463321428125 0.8524497609375 0.44015624999999997 0.8524497609375 0.44015624999999997 0.9145215312499999 0.463321428125 0.9145215312499999 0.463321428125 0.8524497609375
4 0.030888392187500002 0.6083014359375001 0.0077232140625 0.6083014359375001 0.0077232140625 0.6993397125 0.030888392187500002 0.6993397125 0.030888392187500002 0.6083014359375001
4 0.2741294640625 0.753133971875 0.1582991078125 0.753133971875 0.1582991078125 0.8234832531249999 0.2741294640625 0.8234832531249999 0.2741294640625 0.753133971875
4 0.498071428125 0.7572727265625 0.40154464218749997 0.7572727265625 0.40154464218749997 0.9352105265624999 0.498071428125 0.9352105265624999 0.498071428125 0.7572727265625
8 0.6563705359374999 1 0.6563705359374999 0.95176555 0.5212366078125 0.95176555 0.5212366078125 1 0.6563705359374999 1
8 0.42084821406249995 0.8152057421875 0.40154464218749997 0.8152057421875 0.40154464218749997 0.827622009375 0.42084821406249995 0.827622009375 0.42084821406249995 0.8152057421875
8 0.8957544640625 0.7945167468750001 0.8494196421875 0.7945167468750001 0.8494196421875 0.840038278125 0.8957544640625 0.840038278125 0.8957544640625 0.7945167468750001
4 0.40540624999999997 0.13242105312500002 0.351352678125 0.13242105312500002 0.351352678125 0.161387559375 0.40540624999999997 0.161387559375 0.40540624999999997 0.13242105312500002