3 0.7167991078125 0.56640625 0.68359375 0.56640625 0.68359375 0.62109375 0.7167991078125 0.62109375 0.7167991078125 0.56640625
3 0.8339866078125 0.6015625 0.80078125 0.6015625 0.80078125 0.6484375 0.8339866078125 0.6484375 0.8339866078125 0.6015625
3 0.859375 0.6347678578125 0.8300803578125 0.6347678578125 0.8300803578125 0.6796875 0.859375 0.6796875 0.859375 0.6347678578125
3 0.7871116078125 0.6699241078125 0.7597678578125 0.6699241078125 0.7597678578125 0.7109375 0.7871116078125 0.7109375 0.7871116078125 0.6699241078125
3 0.71484375 0.7246116078125 0.6699241078125 0.7246116078125 0.6699241078125 0.765625 0.71484375 0.765625 0.71484375 0.7246116078125
3 0.703125 0.8125 0.67578125 0.8125 0.67578125 0.8574241078125 0.703125 0.8574241078125 0.703125 0.8125
3 0.2265625 0.0761741078125 0.1386741078125 0.0761741078125 0.1386741078125 0.15234375 0.2265625 0.15234375 0.2265625 0.0761741078125
3 0.1699241078125 0.4375 0.1269553578125 0.4375 0.1269553578125 0.48633035781249995 0.1699241078125 0.48633035781249995 0.1699241078125 0.4375
8 0.15234375 0.3828125 0.09375 0.3828125 0.09375 0.43945535781249995 0.15234375 0.43945535781249995 0.15234375 0.3828125
8 0.1328125 0.44336160781249995 0.09375 0.44336160781249995 0.09375 0.48633035781249995 0.1328125 0.48633035781249995 0.1328125 0.44336160781249995
8 0.23046875 0.3984375 0.1894553578125 0.3984375 0.1894553578125 0.4375 0.23046875 0.4375 0.23046875 0.3984375
8 0.3183616078125 0.53515625 0.24609375 0.53515625 0.24609375 0.6171875 0.3183616078125 0.6171875 0.3183616078125 0.53515625
8 0.3046875 0.8261741078125 0.26171875 0.8261741078125 0.26171875 0.8925803578125 0.3046875 0.8925803578125 0.3046875 0.8261741078125
8 0.42383035781249995 0.62890625 0.38671875 0.62890625 0.38671875 0.6699241078125 0.42383035781249995 0.6699241078125 0.42383035781249995 0.62890625
8 0.5097678578125 0.80078125 0.44921875 0.80078125 0.44921875 0.8496116078125 0.5097678578125 0.8496116078125 0.5097678578125 0.80078125
8 0.515625 0.7636741078125 0.47265625 0.7636741078125 0.47265625 0.80078125 0.515625 0.80078125 0.515625 0.7636741078125
8 0.46289285781249995 0.76953125 0.3652366078125 0.76953125 0.3652366078125 0.9277366078125 0.46289285781249995 0.9277366078125 0.46289285781249995 0.76953125
4 0.8515625 0.42578125 0.8144553578125 0.42578125 0.8144553578125 0.46679910781249995 0.8515625 0.46679910781249995 0.8515625 0.42578125
4 0.8417991078125 0.47070535781249995 0.8125 0.47070535781249995 0.8125 0.51953125 0.8417991078125 0.51953125 0.8417991078125 0.47070535781249995
4 0.2871116078125 0.6542991078125 0.2441428578125 0.6542991078125 0.2441428578125 0.6796875 0.2871116078125 0.6796875 0.2871116078125 0.6542991078125
4 0.6640625 0.6425803578125 0.5996116078125 0.6425803578125 0.5996116078125 0.7128928578125 0.6640625 0.7128928578125 0.6640625 0.6425803578125
3 0.6503928578125 0.0488303578125 0.6171875 0.0488303578125 0.6171875 0.08984375 0.6503928578125 0.08984375 0.6503928578125 0.0488303578125
3 0.6152366078125 0.08984375 0.58203125 0.08984375 0.58203125 0.1308616078125 0.6152366078125 0.1308616078125 0.6152366078125 0.08984375
3 0.53125 0.8496116078125 0.49023660781249995 0.8496116078125 0.49023660781249995 0.88671875 0.53125 0.88671875 0.53125 0.8496116078125
3 0.5 0.8046875 0.45703125 0.8046875 0.45703125 0.8515625 0.5 0.8515625 0.5 0.8046875
3 0.7421875 0.5136741078125 0.7011741078125 0.5136741078125 0.7011741078125 0.5625 0.7421875 0.5625 0.7421875 0.5136741078125
3 0.41601785781249995 0.63671875 0.3925803578125 0.63671875 0.3925803578125 0.6640625 0.41601785781249995 0.6640625 0.41601785781249995 0.63671875
8 0.19140625 0.0839866078125 0.1699241078125 0.0839866078125 0.1699241078125 0.1015625 0.19140625 0.1015625 0.19140625 0.0839866078125