5 0.5544866078124999 0.7504692734375 0.49147321406250005 0.7504692734375 0.49147321406250005 0.84322905 0.5544866078124999 0.84322905 0.5544866078124999 0.7504692734375
5 0.6174955359375 0.0102067046875 0.3669375 0.0102067046875 0.3669375 0.1345083796875 0.6174955359375 0.1345083796875 0.6174955359375 0.0102067046875
8 0.573758928125 0.15677095000000002 0.5448482140625 0.15677095000000002 0.5448482140625 0.19480446875 0.573758928125 0.19480446875 0.573758928125 0.15677095000000002
8 0.6011875 0.11224580937499999 0.5759821421875 0.11224580937499999 0.5759821421875 0.1502793296875 0.6011875 0.1502793296875 0.6011875 0.11224580937499999
8 0.6308392859375 0.11410055937500001 0.6011875 0.11410055937500001 0.6011875 0.1539888265625 0.6308392859375 0.1539888265625 0.6308392859375 0.11410055937500001
8 0.6805044640625 0.5788547484375 0.6597500000000001 0.5788547484375 0.6597500000000001 0.6150279328125 0.6805044640625 0.6150279328125 0.6805044640625 0.5788547484375
8 0.484803571875 0.3970335203125 0.4692366078125 0.3970335203125 0.4692366078125 0.42950279374999994 0.484803571875 0.42950279374999994 0.484803571875 0.3970335203125
8 0.483321428125 0.46382122968750006 0.46553125 0.46382122968750006 0.46553125 0.48608938593750006 0.483321428125 0.48608938593750006 0.483321428125 0.46382122968750006
8 0.4492232140625 0.48608938593750006 0.4188303578125 0.48608938593750006 0.4188303578125 0.5166983234375 0.4492232140625 0.5166983234375 0.4492232140625 0.48608938593750006
8 0.3061517859375 0.481446928125 0.2765 0.481446928125 0.2765 0.5157709500000001 0.3061517859375 0.5157709500000001 0.3061517859375 0.481446928125
8 0.2861383921875 0.534324021875 0.252040178125 0.534324021875 0.252040178125 0.57050279375 0.2861383921875 0.57050279375 0.2861383921875 0.534324021875
8 0.11712499999999999 0.386826815625 0.0889553578125 0.386826815625 0.0889553578125 0.41744134062500005 0.11712499999999999 0.41744134062500005 0.11712499999999999 0.386826815625
8 0.13120982187500002 0.344156425 0.11341517812499999 0.344156425 0.11341517812499999 0.35807262500000003 0.13120982187500002 0.35807262500000003 0.13120982187500002 0.344156425
8 0.1571517859375 0.3367374296875 0.1423258921875 0.3367374296875 0.1423258921875 0.36641899375000003 0.1571517859375 0.36641899375000003 0.1571517859375 0.3367374296875
8 0.41734821406249994 0.21521229062499997 0.392883928125 0.21521229062499997 0.392883928125 0.25974301718750004 0.41734821406249994 0.25974301718750004 0.41734821406249994 0.21521229062499997
3 0.181616071875 0.14378770937500002 0.144553571875 0.14378770937500002 0.144553571875 0.18274860312500002 0.181616071875 0.18274860312500002 0.181616071875 0.14378770937500002
3 0.7657544640625 0.18274860312500002 0.6501116078125 0.18274860312500002 0.6501116078125 0.340446928125 0.7657544640625 0.340446928125 0.7657544640625 0.18274860312500002
3 0.6612321421875 0.2940670390625 0.4996294640625 0.2940670390625 0.4996294640625 0.4619664796875 0.6612321421875 0.4619664796875 0.6612321421875 0.2940670390625
3 0.221647321875 0.5844189937500001 0.1119330359375 0.5844189937500001 0.1119330359375 0.84972625625 0.221647321875 0.84972625625 0.221647321875 0.5844189937500001
8 0.44477232187500004 0.86549720625 0.4255 0.86549720625 0.4255 0.89796089375 0.44477232187500004 0.89796089375 0.44477232187500004 0.86549720625
8 0.4951830359375 0.8562178765624999 0.4722008921875 0.8562178765624999 0.4722008921875 0.878480446875 0.4951830359375 0.878480446875 0.4951830359375 0.8562178765624999
8 0.538178571875 0.8719888265625 0.5025937500000001 0.8719888265625 0.5025937500000001 0.9230111734375 0.538178571875 0.9230111734375 0.538178571875 0.8719888265625
8 0.5885848218749999 0.9220837984375001 0.5581919640625 0.9220837984375001 0.5581919640625 0.9545474859375 0.5885848218749999 0.9545474859375 0.5885848218749999 0.9220837984375001
8 0.578946428125 0.791284915625 0.5626383921875 0.791284915625 0.5626383921875 0.8218938546875 0.578946428125 0.8218938546875 0.578946428125 0.791284915625
3 0.980727678125 0.7050111734375 0.9436607140625 0.7050111734375 0.9436607140625 0.7820055859374999 0.980727678125 0.7820055859374999 0.980727678125 0.7050111734375