3 0.2988303578125 0.8515625 0.1640625 0.8515625 0.1640625 0.9863303578125 0.2988303578125 0.9863303578125 0.2988303578125 0.8515625
3 0.44726785781249995 0.9042991078125 0.3984375 0.9042991078125 0.3984375 0.9550803578125 0.44726785781249995 0.9550803578125 0.44726785781249995 0.9042991078125
3 0.45703125 0.7871116078125 0.40820535781249995 0.7871116078125 0.40820535781249995 0.8359375 0.45703125 0.8359375 0.45703125 0.7871116078125
8 0.1347678578125 0.0546875 0.05078125 0.0546875 0.05078125 0.31640625 0.1347678578125 0.31640625 0.1347678578125 0.0546875
8 0.1660178578125 0 0.1660178578125 0.0566428578125 0.2519553578125 0.0566428578125 0.2519553578125 0 0.1660178578125 0
8 0.40820535781249995 0.0019553578125 0.26171875 0.0019553578125 0.26171875 0.2011741078125 0.40820535781249995 0.2011741078125 0.40820535781249995 0.0019553578125
8 0.3222678578125 0.109375 0.2285178578125 0.109375 0.2285178578125 0.27734375 0.3222678578125 0.27734375 0.3222678578125 0.109375
8 0.2363303578125 0.078125 0.1464866078125 0.078125 0.1464866078125 0.39453125 0.2363303578125 0.39453125 0.2363303578125 0.078125
8 0.3261741078125 0.45117410781249995 0.25 0.45117410781249995 0.25 0.5 0.3261741078125 0.5 0.3261741078125 0.45117410781249995
8 0.40039285781249995 0.52734375 0.2324241078125 0.52734375 0.2324241078125 0.64453125 0.40039285781249995 0.64453125 0.40039285781249995 0.52734375
8 0.1699241078125 0.55859375 0.0371116078125 0.55859375 0.0371116078125 0.6386741078125 0.1699241078125 0.6386741078125 0.1699241078125 0.55859375
8 0.1640625 0.66015625 0.0761741078125 0.66015625 0.0761741078125 0.7402366078125 0.1640625 0.7402366078125 0.1640625 0.66015625
8 0.421875 0.8125 0.2988303578125 0.8125 0.2988303578125 0.9140625 0.421875 0.9140625 0.421875 0.8125
8 0.5234375 0.9511741078125 0.42578125 0.9511741078125 0.42578125 0.9902366078125 0.5234375 0.9902366078125 0.5234375 0.9511741078125
8 0.5253928578125 0.5605491078125 0.42578125 0.5605491078125 0.42578125 0.6484375 0.5253928578125 0.6484375 0.5253928578125 0.5605491078125
8 0.4921875 0.43945535781249995 0.41211160781249995 0.43945535781249995 0.41211160781249995 0.515625 0.4921875 0.515625 0.4921875 0.43945535781249995
8 0.41992410781249995 0.2285178578125 0.34765625 0.2285178578125 0.34765625 0.3066428578125 0.41992410781249995 0.3066428578125 0.41992410781249995 0.2285178578125
8 0.4921875 0.0136741078125 0.41015625 0.0136741078125 0.41015625 0.15625 0.4921875 0.15625 0.4921875 0.0136741078125
8 0.5527366078125 0.025392857812500003 0.46875 0.025392857812500003 0.46875 0.0761741078125 0.5527366078125 0.0761741078125 0.5527366078125 0.025392857812500003
8 0.5859375 0.0859375 0.49609375 0.0859375 0.49609375 0.17578125 0.5859375 0.17578125 0.5859375 0.0859375
8 0.69140625 0.12890625 0.5683616078125 0.12890625 0.5683616078125 0.25390625 0.69140625 0.25390625 0.69140625 0.12890625
8 0.7792991078125 0.0019553578125 0.63671875 0.0019553578125 0.63671875 0.20703125 0.7792991078125 0.20703125 0.7792991078125 0.0019553578125
8 0.89453125 0.0058616078125 0.74609375 0.0058616078125 0.74609375 0.23046875 0.89453125 0.23046875 0.89453125 0.0058616078125
8 0.9550803578125 0.02734375 0.8847678578125 0.02734375 0.8847678578125 0.1328125 0.9550803578125 0.1328125 0.9550803578125 0.02734375
8 0.9160178578125 0.1074241078125 0.8808616078125 0.1074241078125 0.8808616078125 0.1699241078125 0.9160178578125 0.1699241078125 0.9160178578125 0.1074241078125
8 0.9980491078125 0.1875 0.9199241078125 0.1875 0.9199241078125 0.32421875 0.9980491078125 0.32421875 0.9980491078125 0.1875
8 0.9902366078125 0.34375 0.9082053578125 0.34375 0.9082053578125 0.5546875 0.9902366078125 0.5546875 0.9902366078125 0.34375
8 0.8457053578125 0.5332053578125 0.8066428578125 0.5332053578125 0.8066428578125 0.6113303578125 0.8457053578125 0.6113303578125 0.8457053578125 0.5332053578125
8 0.9238303578125 0.5566428578125 0.86328125 0.5566428578125 0.86328125 0.6152366078125 0.9238303578125 0.6152366078125 0.9238303578125 0.5566428578125
8 0.8808616078125 0.6269553578125 0.8105491078125 0.6269553578125 0.8105491078125 0.7089866078125 0.8808616078125 0.7089866078125 0.8808616078125 0.6269553578125
8 0.9980491078125 0.6113303578125 0.90625 0.6113303578125 0.90625 0.7421875 0.9980491078125 0.7421875 0.9980491078125 0.6113303578125
8 0.9433616078125 0.703125 0.8574241078125 0.703125 0.8574241078125 0.8417991078125 0.9433616078125 0.8417991078125 0.9433616078125 0.703125
8 1 0.74609375 0.953125 0.74609375 0.953125 0.8652366078125 1 0.8652366078125 1 0.74609375
8 0.87109375 0.83984375 0.8046875 0.83984375 0.8046875 0.875 0.87109375 0.875 0.87109375 0.83984375
8 0.8925803578125 0.8808616078125 0.83203125 0.8808616078125 0.83203125 0.9296875 0.8925803578125 0.9296875 0.8925803578125 0.8808616078125
8 0.8515625 0.92578125 0.7988303578125 0.92578125 0.7988303578125 0.9863303578125 0.8515625 0.9863303578125 0.8515625 0.92578125
8 0.7128928578125 0.9589866078125 0.6660178578125 0.9589866078125 0.6660178578125 0.9902366078125 0.7128928578125 0.9902366078125 0.7128928578125 0.9589866078125
8 0.6269553578125 0.7949241078125 0.55859375 0.7949241078125 0.55859375 0.8535178578125 0.6269553578125 0.8535178578125 0.6269553578125 0.7949241078125
8 0.6972678578125 0.69140625 0.6503928578125 0.69140625 0.6503928578125 0.7597678578125 0.6972678578125 0.7597678578125 0.6972678578125 0.69140625
8 0.78515625 0.23828125 0.7363303578125 0.23828125 0.7363303578125 0.359375 0.78515625 0.359375 0.78515625 0.23828125
8 0.7890625 0.33203125 0.7050803578125 0.33203125 0.7050803578125 0.45703125 0.7890625 0.45703125 0.7890625 0.33203125
8 0.78515625 0.4453125 0.65625 0.4453125 0.65625 0.515625 0.78515625 0.515625 0.78515625 0.4453125
8 0.71484375 0.5058616078125 0.6660178578125 0.5058616078125 0.6660178578125 0.546875 0.71484375 0.546875 0.71484375 0.5058616078125
8 0.703125 0.5683616078125 0.6425803578125 0.5683616078125 0.6425803578125 0.6171875 0.703125 0.6171875 0.703125 0.5683616078125
8 0.7089866078125 0.25390625 0.6328125 0.25390625 0.6328125 0.34375 0.7089866078125 0.34375 0.7089866078125 0.25390625
5 0.10546875 0.05078125 0.0058616078125 0.05078125 0.0058616078125 0.5683616078125 0.10546875 0.5683616078125 0.10546875 0.05078125
3 0.515625 0.66015625 0.42383035781249995 0.66015625 0.42383035781249995 0.7109375 0.515625 0.7109375 0.515625 0.66015625
3 0.37890625 0.69921875 0.3515625 0.69921875 0.3515625 0.7207053578125 0.37890625 0.7207053578125 0.37890625 0.69921875
3 0.19921875 0.76953125 0.16796875 0.76953125 0.16796875 0.8046875 0.19921875 0.8046875 0.19921875 0.76953125
8 0.2597678578125 0.30859375 0.21875 0.30859375 0.21875 0.3730491078125 0.2597678578125 0.3730491078125 0.2597678578125 0.30859375
8 0.39453125 0.3203125 0.3457053578125 0.3203125 0.3457053578125 0.3613303578125 0.39453125 0.3613303578125 0.39453125 0.3203125
8 0.5097678578125 0.2734375 0.47070535781249995 0.2734375 0.47070535781249995 0.2988303578125 0.5097678578125 0.2988303578125 0.5097678578125 0.2734375
8 0.5332053578125 0.19921875 0.47851785781249995 0.19921875 0.47851785781249995 0.2441428578125 0.5332053578125 0.2441428578125 0.5332053578125 0.19921875
8 0.7753928578125 0.6230491078125 0.7421875 0.6230491078125 0.7421875 0.65234375 0.7753928578125 0.65234375 0.7753928578125 0.6230491078125
8 0.80859375 0.5996116078125 0.7832053578125 0.5996116078125 0.7832053578125 0.62890625 0.80859375 0.62890625 0.80859375 0.5996116078125
8 0.41992410781249995 0.56640625 0.3925803578125 0.56640625 0.3925803578125 0.6015625 0.41992410781249995 0.6015625 0.41992410781249995 0.56640625
4 0.12109375 0.0878928578125 0.0761741078125 0.0878928578125 0.0761741078125 0.2714866078125 0.12109375 0.2714866078125 0.12109375 0.0878928578125
4 0.2128928578125 0.0761741078125 0.1738303578125 0.0761741078125 0.1738303578125 0.38671875 0.2128928578125 0.38671875 0.2128928578125 0.0761741078125
4 0.1777366078125 0.29296875 0.1503928578125 0.29296875 0.1503928578125 0.38671875 0.1777366078125 0.38671875 0.1777366078125 0.29296875
4 0.3144553578125 0.1113303578125 0.24609375 0.1113303578125 0.24609375 0.2734375 0.3144553578125 0.2734375 0.3144553578125 0.1113303578125
4 0.375 0.0058616078125 0.2675803578125 0.0058616078125 0.2675803578125 0.0722678578125 0.375 0.0722678578125 0.375 0.0058616078125
4 0.3964866078125 0.0722678578125 0.2890625 0.0722678578125 0.2890625 0.1953125 0.3964866078125 0.1953125 0.3964866078125 0.0722678578125
4 0.7597678578125 0.0019553578125 0.6328125 0.0019553578125 0.6328125 0.2011741078125 0.7597678578125 0.2011741078125 0.7597678578125 0.0019553578125
4 0.8613303578125 0.0078125 0.7363303578125 0.0078125 0.7363303578125 0.1894553578125 0.8613303578125 0.1894553578125 0.8613303578125 0.0078125
4 0.69140625 0.5703125 0.6484375 0.5703125 0.6484375 0.6035178578125 0.69140625 0.6035178578125 0.69140625 0.5703125
4 0.68359375 0.2597678578125 0.65234375 0.2597678578125 0.65234375 0.34765625 0.68359375 0.34765625 0.68359375 0.2597678578125
4 0.5878928578125 0.0878928578125 0.5019553578125 0.0878928578125 0.5019553578125 0.1816428578125 0.5878928578125 0.1816428578125 0.5878928578125 0.0878928578125
4 0.4921875 0.0136741078125 0.43554910781249995 0.0136741078125 0.43554910781249995 0.1621116078125 0.4921875 0.1621116078125 0.4921875 0.0136741078125
4 0.7734375 0.3378928578125 0.7011741078125 0.3378928578125 0.7011741078125 0.4453125 0.7734375 0.4453125 0.7734375 0.3378928578125
4 0.9824241078125 0.3515625 0.9121116078125 0.3515625 0.9121116078125 0.53515625 0.9824241078125 0.53515625 0.9824241078125 0.3515625
4 0.9902366078125 0.59765625 0.8691428578125 0.59765625 0.8691428578125 0.8691428578125 0.9902366078125 0.8691428578125 0.9902366078125 0.59765625
4 0.2285178578125 0.8769553578125 0.171875 0.8769553578125 0.171875 0.97265625 0.2285178578125 0.97265625 0.2285178578125 0.8769553578125
4 0.28515625 0.8535178578125 0.2128928578125 0.8535178578125 0.2128928578125 0.9355491078125 0.28515625 0.9355491078125 0.28515625 0.8535178578125
8 0.2246116078125 0.890625 0.1699241078125 0.890625 0.1699241078125 0.953125 0.2246116078125 0.953125 0.2246116078125 0.890625
8 0.2792991078125 0.8808616078125 0.2265625 0.8808616078125 0.2265625 0.9316428578125 0.2792991078125 0.9316428578125 0.2792991078125 0.8808616078125
4 0.140625 0.6777366078125 0.11328125 0.6777366078125 0.11328125 0.72265625 0.140625 0.72265625 0.140625 0.6777366078125
4 0.1621116078125 0.5683616078125 0.0527366078125 0.5683616078125 0.0527366078125 0.63671875 0.1621116078125 0.63671875 0.1621116078125 0.5683616078125
4 0.9863303578125 0.6035178578125 0.9316428578125 0.6035178578125 0.9316428578125 0.7050803578125 0.9863303578125 0.7050803578125 0.9863303578125 0.6035178578125
4 0.9472678578125 0.7089866078125 0.87109375 0.7089866078125 0.87109375 0.83203125 0.9472678578125 0.83203125 0.9472678578125 0.7089866078125
4 0.9472678578125 0.0078125 0.87109375 0.0078125 0.87109375 0.1230491078125 0.9472678578125 0.1230491078125 0.9472678578125 0.0078125
4 0.91015625 0.1230491078125 0.8925803578125 0.1230491078125 0.8925803578125 0.1660178578125 0.91015625 0.1660178578125 0.91015625 0.1230491078125
4 0.9921875 0.19140625 0.921875 0.19140625 0.921875 0.3066428578125 0.9921875 0.3066428578125 0.9921875 0.19140625
4 0.7910178578125 0.2167991078125 0.7421875 0.2167991078125 0.7421875 0.3457053578125 0.7910178578125 0.3457053578125 0.7910178578125 0.2167991078125
4 0.78125 0.3339866078125 0.7050803578125 0.3339866078125 0.7050803578125 0.43554910781249995 0.78125 0.43554910781249995 0.78125 0.3339866078125
4 0.77734375 0.45703125 0.65234375 0.45703125 0.65234375 0.5058616078125 0.77734375 0.5058616078125 0.77734375 0.45703125
3 0.29296875 0.69140625 0.2480491078125 0.69140625 0.2480491078125 0.7421875 0.29296875 0.7421875 0.29296875 0.69140625
3 0.40429910781249995 0.6425803578125 0.3144553578125 0.6425803578125 0.3144553578125 0.6699241078125 0.40429910781249995 0.6699241078125 0.40429910781249995 0.6425803578125