3 0.9824241078125 0.0761741078125 0.67578125 0.0761741078125 0.67578125 0.26171875 0.9824241078125 0.26171875 0.9824241078125 0.0761741078125
3 0.6152366078125 0.71875 0.5390625 0.71875 0.5390625 0.9140625 0.6152366078125 0.9140625 0.6152366078125 0.71875
3 0.9511741078125 0.46289285781249995 0.859375 0.46289285781249995 0.859375 0.5605491078125 0.9511741078125 0.5605491078125 0.9511741078125 0.46289285781249995
3 0.9980491078125 0.515625 0.96484375 0.515625 0.96484375 0.5644553578125 0.9980491078125 0.5644553578125 0.9980491078125 0.515625
5 0.7265625 0.0761741078125 0.1464866078125 0.0761741078125 0.1464866078125 0.5957053578125 0.7265625 0.5957053578125 0.7265625 0.0761741078125
7 0.9121116078125 0.91015625 0.71875 0.91015625 0.71875 0.9863303578125 0.9121116078125 0.9863303578125 0.9121116078125 0.91015625
3 0.5332053578125 0.8964866078125 0.48828125 0.8964866078125 0.48828125 0.9296875 0.5332053578125 0.9296875 0.5332053578125 0.8964866078125
3 0.2949241078125 0.6582053578125 0.2578125 0.6582053578125 0.2578125 0.6894553578125 0.2949241078125 0.6894553578125 0.2949241078125 0.6582053578125
8 0.8203125 0.1015625 0.80078125 0.1015625 0.80078125 0.12109375 0.8203125 0.12109375 0.8203125 0.1015625
4 0.0839866078125 0.8339866078125 0.02734375 0.8339866078125 0.02734375 0.9042991078125 0.0839866078125 0.9042991078125 0.0839866078125 0.8339866078125
4 0.2753928578125 0.5878928578125 0.21875 0.5878928578125 0.21875 0.6328125 0.2753928578125 0.6328125 0.2753928578125 0.5878928578125
4 0.6269553578125 0.53125 0.5625 0.53125 0.5625 0.5917991078125 0.6269553578125 0.5917991078125 0.6269553578125 0.53125