5 0.9444464281249999 0.32986160781249996 0.057290178125 0.32986160781249996 0.057290178125 0.9409732140625 0.9444464281249999 0.9409732140625 0.9444464281249999 0.32986160781249996
5 0.40277678593750005 0.057290178125 0.078125 0.057290178125 0.078125 0.2378482140625 0.40277678593750005 0.2378482140625 0.40277678593750005 0.057290178125
3 0.9409732140625 0.053821428125 0.40277678593750005 0.053821428125 0.40277678593750005 0.45659821406249995 0.9409732140625 0.45659821406249995 0.9409732140625 0.053821428125
8 0.508678571875 0.163196428125 0.48611160781249996 0.163196428125 0.48611160781249996 0.21007142812500001 0.508678571875 0.21007142812500001 0.508678571875 0.163196428125
8 0.446178571875 0.0954866078125 0.421875 0.0954866078125 0.421875 0.11632142812499999 0.446178571875 0.11632142812499999 0.446178571875 0.0954866078125
8 0.6701383921875 0.11632142812499999 0.6041651781249999 0.11632142812499999 0.6041651781249999 0.149303571875 0.6701383921875 0.149303571875 0.6701383921875 0.11632142812499999
8 0.5920133921875 0.1267366078125 0.5572901781249999 0.1267366078125 0.5572901781249999 0.18229017812499998 0.5920133921875 0.18229017812499998 0.5920133921875 0.1267366078125
8 0.694446428125 0.22742857187499999 0.6614598218750001 0.22742857187499999 0.6614598218750001 0.26388839218750004 0.694446428125 0.26388839218750004 0.694446428125 0.22742857187499999
8 0.8263883921874999 0.256946428125 0.8072901781249999 0.256946428125 0.8072901781249999 0.28125 0.8263883921874999 0.28125 0.8263883921874999 0.256946428125
8 0.758678571875 0.234375 0.727428571875 0.234375 0.727428571875 0.28125 0.758678571875 0.28125 0.758678571875 0.234375
8 0.8576383921874999 0.36979017812500004 0.8315982140625 0.36979017812500004 0.8315982140625 0.399303571875 0.8576383921874999 0.399303571875 0.8576383921874999 0.36979017812500004
8 0.8454866078125001 0.28125 0.8263883921874999 0.28125 0.8263883921874999 0.30729017812500004 0.8454866078125001 0.30729017812500004 0.8454866078125001 0.28125
8 0.875 0.30208482187499996 0.8489598218750001 0.30208482187499996 0.8489598218750001 0.32638839218750004 0.875 0.32638839218750004 0.875 0.30208482187499996
8 0.8958348218750001 0.21007142812500001 0.875 0.21007142812500001 0.875 0.239584821875 0.8958348218750001 0.239584821875 0.8958348218750001 0.21007142812500001
8 0.8385401781249999 0.15104017812499998 0.8055535718750001 0.15104017812499998 0.8055535718750001 0.17708482187500002 0.8385401781249999 0.17708482187500002 0.8385401781249999 0.15104017812499998
8 0.8420133921874999 0.1701383921875 0.8177098218750001 0.1701383921875 0.8177098218750001 0.20138839218750001 0.8420133921874999 0.20138839218750001 0.8420133921874999 0.1701383921875
8 0.7847232140625 0.131946428125 0.765625 0.131946428125 0.765625 0.1527767859375 0.7847232140625 0.1527767859375 0.7847232140625 0.131946428125
8 0.9027767859375 0.399303571875 0.8854151781249999 0.399303571875 0.8854151781249999 0.430553571875 0.9027767859375 0.430553571875 0.9027767859375 0.399303571875
8 0.9461785718750001 0.399303571875 0.9149285718750001 0.399303571875 0.9149285718750001 0.44097321406249995 0.9461785718750001 0.44097321406249995 0.9461785718750001 0.399303571875
8 0.5729151781249999 0.265625 0.5520848218750001 0.265625 0.5520848218750001 0.29166517812500004 0.5729151781249999 0.29166517812500004 0.5729151781249999 0.265625
8 0.555553571875 0.23263839218750001 0.5277767859375 0.23263839218750001 0.5277767859375 0.26736160781249996 0.555553571875 0.26736160781249996 0.555553571875 0.23263839218750001
8 0.5416651781249999 0.149303571875 0.508678571875 0.149303571875 0.508678571875 0.1909732140625 0.5416651781249999 0.1909732140625 0.5416651781249999 0.149303571875
8 0.508678571875 0.0920133921875 0.48263839218750004 0.0920133921875 0.48263839218750004 0.11284821406250001 0.508678571875 0.11284821406250001 0.508678571875 0.0920133921875
8 0.5885401781249999 0.0625 0.5572901781249999 0.0625 0.5572901781249999 0.0920133921875 0.5885401781249999 0.0920133921875 0.5885401781249999 0.0625
8 0.430553571875 0.1684017859375 0.39583482187499996 0.1684017859375 0.39583482187499996 0.203125 0.430553571875 0.203125 0.430553571875 0.1684017859375
8 0.7048616078125 0.12152678593749999 0.671875 0.12152678593749999 0.671875 0.149303571875 0.7048616078125 0.149303571875 0.7048616078125 0.12152678593749999
8 0.6979151781249999 0.1545133921875 0.649303571875 0.1545133921875 0.649303571875 0.203125 0.6979151781249999 0.203125 0.6979151781249999 0.1545133921875
8 0.8003482140625 0.21701339218750001 0.7621517859375 0.21701339218750001 0.7621517859375 0.25 0.8003482140625 0.25 0.8003482140625 0.21701339218750001
8 0.48090178593750005 0.09375 0.46875 0.09375 0.46875 0.104165178125 0.48090178593750005 0.104165178125 0.48090178593750005 0.09375
8 0.6527767859375 0.0642366078125 0.6388883921875 0.0642366078125 0.6388883921875 0.0902767859375 0.6527767859375 0.0902767859375 0.6527767859375 0.0642366078125
8 0.6215267859375 0.0625 0.6059017859375 0.0625 0.6059017859375 0.08333482187499999 0.6215267859375 0.08333482187499999 0.6215267859375 0.0625
8 0.7708348218750001 0.119790178125 0.7517366078125 0.119790178125 0.7517366078125 0.14583482187500002 0.7708348218750001 0.14583482187500002 0.7708348218750001 0.119790178125
8 0.8559017859375 0.328125 0.8246517859375 0.328125 0.8246517859375 0.36111160781249996 0.8559017859375 0.36111160781249996 0.8559017859375 0.328125
8 0.8767366078125001 0.1857633921875 0.8385401781249999 0.1857633921875 0.8385401781249999 0.223959821875 0.8767366078125001 0.223959821875 0.8767366078125001 0.1857633921875