3 0.7949241078125 0.6152366078125 0.7089866078125 0.6152366078125 0.7089866078125 0.6738303578125 0.7949241078125 0.6738303578125 0.7949241078125 0.6152366078125
3 0.7324241078125 0.203125 0.5722678578125 0.203125 0.5722678578125 0.2988303578125 0.7324241078125 0.2988303578125 0.7324241078125 0.203125
5 0.7265625 0.1738303578125 0.1582053578125 0.1738303578125 0.1582053578125 0.67578125 0.7265625 0.67578125 0.7265625 0.1738303578125
7 0.98828125 0.74609375 0.74609375 0.74609375 0.74609375 0.9824241078125 0.98828125 0.9824241078125 0.98828125 0.74609375
4 0.6816428578125 0.2578125 0.6503928578125 0.2578125 0.6503928578125 0.2910178578125 0.6816428578125 0.2910178578125 0.6816428578125 0.2578125
4 0.9921875 0.2597678578125 0.8652366078125 0.2597678578125 0.8652366078125 0.3125 0.9921875 0.3125 0.9921875 0.2597678578125
4 0.7832053578125 0.6230491078125 0.7207053578125 0.6230491078125 0.7207053578125 0.66796875 0.7832053578125 0.66796875 0.7832053578125 0.6230491078125
4 0.83984375 0.26171875 0.7597678578125 0.26171875 0.7597678578125 0.33984375 0.83984375 0.33984375 0.83984375 0.26171875
4 0.5800803578125 0.5078125 0.5644553578125 0.5078125 0.5644553578125 0.5292991078125 0.5800803578125 0.5292991078125 0.5800803578125 0.5078125
4 0.62890625 0.5390625 0.6074241078125 0.5390625 0.6074241078125 0.5722678578125 0.62890625 0.5722678578125 0.62890625 0.5390625
4 0.66796875 0.54296875 0.63671875 0.54296875 0.63671875 0.58984375 0.66796875 0.58984375 0.66796875 0.54296875
4 0.83203125 0.7519553578125 0.7675803578125 0.7519553578125 0.7675803578125 0.8183616078125 0.83203125 0.8183616078125 0.83203125 0.7519553578125
3 0.8691428578125 0.7421875 0.7636741078125 0.7421875 0.7636741078125 0.859375 0.8691428578125 0.859375 0.8691428578125 0.7421875