7 0.9824241078125 0.83984375 0.7871116078125 0.83984375 0.7871116078125 0.99609375 0.9824241078125 0.99609375 0.9824241078125 0.83984375
4 0.46679910781249995 0.2128928578125 0.2636741078125 0.2128928578125 0.2636741078125 0.31640625 0.46679910781249995 0.31640625 0.46679910781249995 0.2128928578125
4 0.5878928578125 0.0449241078125 0.49609375 0.0449241078125 0.49609375 0.17578125 0.5878928578125 0.17578125 0.5878928578125 0.0449241078125
4 0.3691428578125 0.10546875 0.1894553578125 0.10546875 0.1894553578125 0.1933616078125 0.3691428578125 0.1933616078125 0.3691428578125 0.10546875
4 0.1171875 0.1503928578125 0.0097678578125 0.1503928578125 0.0097678578125 0.26171875 0.1171875 0.26171875 0.1171875 0.1503928578125
4 0.1972678578125 0.0097678578125 0.12109375 0.0097678578125 0.12109375 0.06640625 0.1972678578125 0.06640625 0.1972678578125 0.0097678578125
4 0.1972678578125 0.6972678578125 0.0078125 0.6972678578125 0.0078125 0.9785178578125 0.1972678578125 0.9785178578125 0.1972678578125 0.6972678578125
4 0.5097678578125 0.8769553578125 0.32421875 0.8769553578125 0.32421875 0.98828125 0.5097678578125 0.98828125 0.5097678578125 0.8769553578125
4 0.5917991078125 0.46289285781249995 0.5371116078125 0.46289285781249995 0.5371116078125 0.5410178578125 0.5917991078125 0.5410178578125 0.5917991078125 0.46289285781249995
4 0.30859375 0.54296875 0.2011741078125 0.54296875 0.2011741078125 0.6875 0.30859375 0.6875 0.30859375 0.54296875
4 0.5097678578125 0.3496116078125 0.38671875 0.3496116078125 0.38671875 0.5175803578125 0.5097678578125 0.5175803578125 0.5097678578125 0.3496116078125
4 0.5078125 0.6425803578125 0.46289285781249995 0.6425803578125 0.46289285781249995 0.70703125 0.5078125 0.70703125 0.5078125 0.6425803578125