3 0.4544107140625 0.0324692734375 0.41734821406249994 0.0324692734375 0.41734821406249994 0.11410055937500001 0.4544107140625 0.11410055937500001 0.4544107140625 0.0324692734375
3 0.498147321875 0.10389385468750001 0.4492232140625 0.10389385468750001 0.4492232140625 0.16419553125 0.498147321875 0.16419553125 0.498147321875 0.10389385468750001
3 0.55596875 0.22078212343749998 0.5189017859375 0.22078212343749998 0.5189017859375 0.26159776562500003 0.55596875 0.26159776562500003 0.55596875 0.22078212343749998
3 0.567084821875 0.269016759375 0.538178571875 0.269016759375 0.538178571875 0.3033407828125 0.567084821875 0.3033407828125 0.567084821875 0.269016759375
8 0.1104508921875 0.3460111734375 0.00815625 0.3460111734375 0.00815625 0.5547318437500001 0.1104508921875 0.5547318437500001 0.1104508921875 0.3460111734375
8 0.040772321875 0.5166983234375 0.0103794640625 0.5166983234375 0.0103794640625 0.6094636875 0.040772321875 0.6094636875 0.040772321875 0.5166983234375
8 0.0696830359375 0.619670390625 0.0281696421875 0.619670390625 0.0281696421875 0.7346983234375 0.0696830359375 0.7346983234375 0.0696830359375 0.619670390625
8 0.089696428125 0.6066815640625001 0.0652321421875 0.6066815640625001 0.0652321421875 0.635441340625 0.089696428125 0.635441340625 0.089696428125 0.6066815640625001
8 0.1022991078125 0.6734748609375 0.063008928125 0.6734748609375 0.063008928125 0.705938546875 0.1022991078125 0.705938546875 0.1022991078125 0.6734748609375
8 0.09859375000000001 0.714290503125 0.0733883921875 0.714290503125 0.0733883921875 0.738407821875 0.09859375000000001 0.738407821875 0.09859375000000001 0.714290503125
8 0.134915178125 0.7430446921875 0.09859375000000001 0.7430446921875 0.09859375000000001 0.83581005625 0.134915178125 0.83581005625 0.134915178125 0.7430446921875
8 0.16234375 0.8636424578125 0.083022321875 0.8636424578125 0.083022321875 0.9777430171875 0.16234375 0.9777430171875 0.16234375 0.8636424578125
8 0.1830982140625 0.9508379890624999 0.1519642859375 0.9508379890624999 0.1519642859375 0.995363128125 0.1830982140625 0.995363128125 0.1830982140625 0.9508379890624999
8 0.28836160781250003 0.8321005593749999 0.2008883921875 0.8321005593749999 0.2008883921875 0.9545474859375 0.28836160781250003 0.9545474859375 0.28836160781250003 0.8321005593749999
8 0.339508928125 0.9610446921875001 0.309116071875 0.9610446921875001 0.309116071875 0.9897988828125 0.339508928125 0.9897988828125 0.339508928125 0.9610446921875001
8 0.41215624999999995 0.9424916203124999 0.3706428578125 0.9424916203124999 0.3706428578125 0.995363128125 0.41215624999999995 0.995363128125 0.41215624999999995 0.9424916203124999
8 0.5226071421875 0.973100559375 0.44625446406249997 0.973100559375 0.44625446406249997 0.9990782125000001 0.5226071421875 0.9990782125000001 0.5226071421875 0.973100559375
8 0.085991071875 0.27179888281250003 0.0489241078125 0.27179888281250003 0.0489241078125 0.3135474859375 0.085991071875 0.3135474859375 0.085991071875 0.27179888281250003
5 0.402522321875 0.2328379890625 0.3765758921875 0.2328379890625 0.3765758921875 0.359 0.402522321875 0.359 0.402522321875 0.2328379890625
5 0.9829508921875 0.004636871875 0.38028125 0.004636871875 0.38028125 0.9749553078125001 0.9829508921875 0.9749553078125001 0.9829508921875 0.004636871875
8 0.8680491078125 0.25696089375 0.8465535718750001 0.25696089375 0.8465535718750001 0.29963128437500003 0.8680491078125 0.29963128437500003 0.8680491078125 0.25696089375
3 0.6834687500000001 0.3951787703125 0.6530758921875 0.3951787703125 0.6530758921875 0.43784916249999994 0.6834687500000001 0.43784916249999994 0.6834687500000001 0.3951787703125
3 0.521866071875 0.20501117343750003 0.4773928578125 0.20501117343750003 0.4773928578125 0.25974301718750004 0.521866071875 0.25974301718750004 0.521866071875 0.20501117343750003
8 0.46701339218750004 0.10111173124999999 0.4492232140625 0.10111173124999999 0.4492232140625 0.1345083796875 0.46701339218750004 0.1345083796875 0.46701339218750004 0.10111173124999999
8 0.489991071875 0.11410055937500001 0.475165178125 0.11410055937500001 0.475165178125 0.141927375 0.489991071875 0.141927375 0.489991071875 0.11410055937500001
8 0.5396607140625 0.230983240625 0.5144553578125 0.230983240625 0.5144553578125 0.25788826875000004 0.5396607140625 0.25788826875000004 0.5396607140625 0.230983240625
8 0.55596875 0.21057541875000002 0.528540178125 0.21057541875000002 0.528540178125 0.246754190625 0.55596875 0.246754190625 0.55596875 0.21057541875000002
8 0.1260178578125 0.5408212296875 0.05040625 0.5408212296875 0.05040625 0.6215251390625001 0.1260178578125 0.6215251390625001 0.1260178578125 0.5408212296875
8 0.15566964218749998 0.564938546875 0.1260178578125 0.564938546875 0.1260178578125 0.597407821875 0.15566964218749998 0.597407821875 0.15566964218749998 0.564938546875
3 0.7034821421874999 0.0918379890625 0.6819866078125 0.0918379890625 0.6819866078125 0.1159553078125 0.7034821421874999 0.1159553078125 0.7034821421874999 0.0918379890625
3 0.7635267859375 0.1391452515625 0.742772321875 0.1391452515625 0.742772321875 0.16419553125 0.7635267859375 0.16419553125 0.7635267859375 0.1391452515625
3 0.4492232140625 0.25696089375 0.431428571875 0.25696089375 0.431428571875 0.277368715625 0.4492232140625 0.277368715625 0.4492232140625 0.25696089375
3 0.4306875 0.33766480468750004 0.4151205359375 0.33766480468750004 0.4151205359375 0.359927375 0.4306875 0.359927375 0.4306875 0.33766480468750004
7 0 0.359 0.203852678125 0.359 0.203852678125 0.000927375 0 0.000927375 0 0.359