8 0.45703125 0.5722678578125 0.3359375 0.5722678578125 0.3359375 0.7421875 0.45703125 0.7421875 0.45703125 0.5722678578125
8 0.5703125 0.6308616078125 0.49414285781249995 0.6308616078125 0.49414285781249995 0.7324241078125 0.5703125 0.7324241078125 0.5703125 0.6308616078125
8 0.2441428578125 0.44140625 0.1171875 0.44140625 0.1171875 0.5546875 0.2441428578125 0.5546875 0.2441428578125 0.44140625
8 0.3652366078125 0.3984375 0.28515625 0.3984375 0.28515625 0.49023660781249995 0.3652366078125 0.49023660781249995 0.3652366078125 0.3984375
8 0.0410178578125 0.7597678578125 0.0058616078125 0.7597678578125 0.0058616078125 0.8125 0.0410178578125 0.8125 0.0410178578125 0.7597678578125
3 0.5058616078125 0.48242410781249995 0.47070535781249995 0.48242410781249995 0.47070535781249995 0.5332053578125 0.5058616078125 0.5332053578125 0.5058616078125 0.48242410781249995
3 0.76171875 0.47070535781249995 0.69921875 0.47070535781249995 0.69921875 0.5722678578125 0.76171875 0.5722678578125 0.76171875 0.47070535781249995
4 0.875 0.0175803578125 0.83984375 0.0175803578125 0.83984375 0.0703125 0.875 0.0703125 0.875 0.0175803578125
8 0.484375 0.6113303578125 0.45898660781249995 0.6113303578125 0.45898660781249995 0.6386741078125 0.484375 0.6386741078125 0.484375 0.6113303578125
8 0.484375 0.72265625 0.4453125 0.72265625 0.4453125 0.76953125 0.484375 0.76953125 0.484375 0.72265625
8 0.6777366078125 0.0019553578125 0.6269553578125 0.0019553578125 0.6269553578125 0.02734375 0.6777366078125 0.02734375 0.6777366078125 0.0019553578125
8 0.875 0.0332053578125 0.859375 0.0332053578125 0.859375 0.0683616078125 0.875 0.0683616078125 0.875 0.0332053578125
8 0.86328125 0.1933616078125 0.8457053578125 0.1933616078125 0.8457053578125 0.22265625 0.86328125 0.22265625 0.86328125 0.1933616078125
8 0.32421875 0.625 0.3046875 0.625 0.3046875 0.6484375 0.32421875 0.6484375 0.32421875 0.625
8 0.2519553578125 0.7988303578125 0.2265625 0.7988303578125 0.2265625 0.8183616078125 0.2519553578125 0.8183616078125 0.2519553578125 0.7988303578125
8 0.2753928578125 0.7734375 0.25 0.7734375 0.25 0.7949241078125 0.2753928578125 0.7949241078125 0.2753928578125 0.7734375
8 0.3300803578125 0.7480491078125 0.3066428578125 0.7480491078125 0.3066428578125 0.7714866078125 0.3300803578125 0.7714866078125 0.3300803578125 0.7480491078125
8 0.36328125 0.7734375 0.31640625 0.7734375 0.31640625 0.80078125 0.36328125 0.80078125 0.36328125 0.7734375
8 0.2949241078125 0.8144553578125 0.265625 0.8144553578125 0.265625 0.8652366078125 0.2949241078125 0.8652366078125 0.2949241078125 0.8144553578125
8 0.40429910781249995 0.7402366078125 0.359375 0.7402366078125 0.359375 0.76171875 0.40429910781249995 0.76171875 0.40429910781249995 0.7402366078125
8 0.41601785781249995 0.5566428578125 0.3847678578125 0.5566428578125 0.3847678578125 0.58203125 0.41601785781249995 0.58203125 0.41601785781249995 0.5566428578125
8 0.05859375 0.5390625 0.0371116078125 0.5390625 0.0371116078125 0.56640625 0.05859375 0.56640625 0.05859375 0.5390625
8 0.7578125 0.1464866078125 0.6816428578125 0.1464866078125 0.6816428578125 0.28515625 0.7578125 0.28515625 0.7578125 0.1464866078125