8 0.47461160781249995 0.0683616078125 0.37109375 0.0683616078125 0.37109375 0.1582053578125 0.47461160781249995 0.1582053578125 0.47461160781249995 0.0683616078125
8 0.47265625 0.16015625 0.36328125 0.16015625 0.36328125 0.2246116078125 0.47265625 0.2246116078125 0.47265625 0.16015625
8 0.5859375 0.0761741078125 0.48633035781249995 0.0761741078125 0.48633035781249995 0.1347678578125 0.5859375 0.1347678578125 0.5859375 0.0761741078125
8 0.5253928578125 0.3046875 0.484375 0.3046875 0.484375 0.3925803578125 0.5253928578125 0.3925803578125 0.5253928578125 0.3046875
8 0.6582053578125 0.0234375 0.6152366078125 0.0234375 0.6152366078125 0.0566428578125 0.6582053578125 0.0566428578125 0.6582053578125 0.0234375
8 0.6855491078125 0.5292991078125 0.6503928578125 0.5292991078125 0.6503928578125 0.6113303578125 0.6855491078125 0.6113303578125 0.6855491078125 0.5292991078125
8 0.6074241078125 0.41601785781249995 0.5644553578125 0.41601785781249995 0.5644553578125 0.45898660781249995 0.6074241078125 0.45898660781249995 0.6074241078125 0.41601785781249995
8 0.4921875 0.3671875 0.43164285781249995 0.3671875 0.43164285781249995 0.44140625 0.4921875 0.44140625 0.4921875 0.3671875
8 0.45703125 0.41992410781249995 0.40039285781249995 0.41992410781249995 0.40039285781249995 0.49609375 0.45703125 0.49609375 0.45703125 0.41992410781249995
8 0.7167991078125 0.43359375 0.6660178578125 0.43359375 0.6660178578125 0.515625 0.7167991078125 0.515625 0.7167991078125 0.43359375
4 0.8769553578125 0.69921875 0.82421875 0.69921875 0.82421875 0.7402366078125 0.8769553578125 0.7402366078125 0.8769553578125 0.69921875
4 0.8144553578125 0.75 0.78515625 0.75 0.78515625 0.7910178578125 0.8144553578125 0.7910178578125 0.8144553578125 0.75
4 0.8417991078125 0.8027366078125 0.7753928578125 0.8027366078125 0.7753928578125 0.8691428578125 0.8417991078125 0.8691428578125 0.8417991078125 0.8027366078125
4 0.19140625 0.9140625 0.0839866078125 0.9140625 0.0839866078125 0.98828125 0.19140625 0.98828125 0.19140625 0.9140625
4 0.0703125 0.703125 0.02734375 0.703125 0.02734375 0.7480491078125 0.0703125 0.7480491078125 0.0703125 0.703125
4 0.125 0.5878928578125 0.0839866078125 0.5878928578125 0.0839866078125 0.6152366078125 0.125 0.6152366078125 0.125 0.5878928578125
4 0.1308616078125 0.3378928578125 0.0839866078125 0.3378928578125 0.0839866078125 0.3769553578125 0.1308616078125 0.3769553578125 0.1308616078125 0.3378928578125
4 0.1699241078125 0.27734375 0.1269553578125 0.27734375 0.1269553578125 0.3203125 0.1699241078125 0.3203125 0.1699241078125 0.27734375
4 0.9121116078125 0.1796875 0.8652366078125 0.1796875 0.8652366078125 0.2246116078125 0.9121116078125 0.2246116078125 0.9121116078125 0.1796875
4 0.8183616078125 0.2519553578125 0.7558616078125 0.2519553578125 0.7558616078125 0.3105491078125 0.8183616078125 0.3105491078125 0.8183616078125 0.2519553578125
4 0.86328125 0.3046875 0.8222678578125 0.3046875 0.8222678578125 0.35546875 0.86328125 0.35546875 0.86328125 0.3046875
4 0.7558616078125 0.25 0.71484375 0.25 0.71484375 0.29296875 0.7558616078125 0.29296875 0.7558616078125 0.25
4 0.65625 0.7109375 0.578125 0.7109375 0.578125 0.7675803578125 0.65625 0.7675803578125 0.65625 0.7109375
4 0.453125 0.7636741078125 0.3984375 0.7636741078125 0.3984375 0.8105491078125 0.453125 0.8105491078125 0.453125 0.7636741078125
4 0.3183616078125 0.61328125 0.2734375 0.61328125 0.2734375 0.6582053578125 0.3183616078125 0.6582053578125 0.3183616078125 0.61328125
4 0.3496116078125 0.5722678578125 0.30859375 0.5722678578125 0.30859375 0.609375 0.3496116078125 0.609375 0.3496116078125 0.5722678578125
4 0.5390625 0.57421875 0.46484375 0.57421875 0.46484375 0.63671875 0.5390625 0.63671875 0.5390625 0.57421875
4 0.6191428578125 0.5292991078125 0.58984375 0.5292991078125 0.58984375 0.5703125 0.6191428578125 0.5703125 0.6191428578125 0.5292991078125
8 0.4765625 0.00390625 0.43945535781249995 0.00390625 0.43945535781249995 0.046875 0.4765625 0.046875 0.4765625 0.00390625
8 0.52734375 0.0136741078125 0.48242410781249995 0.0136741078125 0.48242410781249995 0.0644553578125 0.52734375 0.0644553578125 0.52734375 0.0136741078125
8 0.7714866078125 0.3828125 0.72265625 0.3828125 0.72265625 0.44140625 0.7714866078125 0.44140625 0.7714866078125 0.3828125
5 0.3574241078125 0.0019553578125 0.0019553578125 0.0019553578125 0.0019553578125 0.35546875 0.3574241078125 0.35546875 0.3574241078125 0.0019553578125
4 0.47461160781249995 0.66015625 0.43359375 0.66015625 0.43359375 0.71875 0.47461160781249995 0.71875 0.47461160781249995 0.66015625
3 0.8535178578125 0.5996116078125 0.7988303578125 0.5996116078125 0.7988303578125 0.63671875 0.8535178578125 0.63671875 0.8535178578125 0.5996116078125
3 0.84765625 0.5644553578125 0.7949241078125 0.5644553578125 0.7949241078125 0.6035178578125 0.84765625 0.6035178578125 0.84765625 0.5644553578125
3 0.9355491078125 0.5 0.9003928578125 0.5 0.9003928578125 0.5488303578125 0.9355491078125 0.5488303578125 0.9355491078125 0.5
3 0.88671875 0.43164285781249995 0.8457053578125 0.43164285781249995 0.8457053578125 0.47070535781249995 0.88671875 0.47070535781249995 0.88671875 0.43164285781249995
3 0.8125 0.94921875 0.765625 0.94921875 0.765625 0.9921875 0.8125 0.9921875 0.8125 0.94921875
4 0.1113303578125 0.06640625 0.0722678578125 0.06640625 0.0722678578125 0.1035178578125 0.1113303578125 0.1035178578125 0.1113303578125 0.06640625
4 0.328125 0.21875 0.2636741078125 0.21875 0.2636741078125 0.26171875 0.328125 0.26171875 0.328125 0.21875
4 0.5097678578125 0.4921875 0.47070535781249995 0.4921875 0.47070535781249995 0.5410178578125 0.5097678578125 0.5410178578125 0.5097678578125 0.4921875
4 0.5605491078125 0.4296875 0.48828125 0.4296875 0.48828125 0.50390625 0.5605491078125 0.50390625 0.5605491078125 0.4296875
4 0.6582053578125 0.45117410781249995 0.6152366078125 0.45117410781249995 0.6152366078125 0.5 0.6582053578125 0.5 0.6582053578125 0.45117410781249995
4 0.8222678578125 0.43945535781249995 0.71484375 0.43945535781249995 0.71484375 0.5566428578125 0.8222678578125 0.5566428578125 0.8222678578125 0.43945535781249995
4 0.60546875 0.8105491078125 0.421875 0.8105491078125 0.421875 0.9941428578125 0.60546875 0.9941428578125 0.60546875 0.8105491078125
3 0.9941428578125 0.3417991078125 0.7949241078125 0.3417991078125 0.7949241078125 0.6972678578125 0.9941428578125 0.6972678578125 0.9941428578125 0.3417991078125