4 0.7988303578125 0.5566428578125 0.6738303578125 0.5566428578125 0.6738303578125 0.7050803578125 0.7988303578125 0.7050803578125 0.7988303578125 0.5566428578125
4 0.8671875 0.4921875 0.7363303578125 0.4921875 0.7363303578125 0.6113303578125 0.8671875 0.6113303578125 0.8671875 0.4921875
4 0.7519553578125 0.12890625 0.6503928578125 0.12890625 0.6503928578125 0.2558616078125 0.7519553578125 0.2558616078125 0.7519553578125 0.12890625
4 0.1425803578125 0.2675803578125 0.025392857812500003 0.2675803578125 0.025392857812500003 0.7265625 0.1425803578125 0.7265625 0.1425803578125 0.2675803578125
4 0.0917991078125 0.7597678578125 0.0449241078125 0.7597678578125 0.0449241078125 0.8300803578125 0.0917991078125 0.8300803578125 0.0917991078125 0.7597678578125
4 0.03515625 0.73828125 0.0019553578125 0.73828125 0.0019553578125 0.8359375 0.03515625 0.8359375 0.03515625 0.73828125
4 0.1621116078125 0.1347678578125 0.1113303578125 0.1347678578125 0.1113303578125 0.1972678578125 0.1621116078125 0.1972678578125 0.1621116078125 0.1347678578125
4 0.08203125 0.0839866078125 0.0390625 0.0839866078125 0.0390625 0.1796875 0.08203125 0.1796875 0.08203125 0.0839866078125
4 0.1972678578125 0 0.1972678578125 0.11328125 0.296875 0.11328125 0.296875 0 0.1972678578125 0
4 0.5644553578125 0.0019553578125 0.50390625 0.0019553578125 0.50390625 0.1308616078125 0.5644553578125 0.1308616078125 0.5644553578125 0.0019553578125
4 0.3730491078125 0.12109375 0.32421875 0.12109375 0.32421875 0.21484375 0.3730491078125 0.21484375 0.3730491078125 0.12109375
4 0.47461160781249995 0.1953125 0.38671875 0.1953125 0.38671875 0.2949241078125 0.47461160781249995 0.2949241078125 0.47461160781249995 0.1953125
4 0.40625 0.296875 0.36328125 0.296875 0.36328125 0.3730491078125 0.40625 0.3730491078125 0.40625 0.296875
4 0.46679910781249995 0.3066428578125 0.42578125 0.3066428578125 0.42578125 0.36328125 0.46679910781249995 0.36328125 0.46679910781249995 0.3066428578125
4 0.47851785781249995 0.3808616078125 0.44921875 0.3808616078125 0.44921875 0.45898660781249995 0.47851785781249995 0.45898660781249995 0.47851785781249995 0.3808616078125
4 0.6582053578125 0.30859375 0.5839866078125 0.30859375 0.5839866078125 0.5957053578125 0.6582053578125 0.5957053578125 0.6582053578125 0.30859375
4 0.890625 0.2675803578125 0.84765625 0.2675803578125 0.84765625 0.34765625 0.890625 0.34765625 0.890625 0.2675803578125
4 0.9921875 0.3359375 0.94921875 0.3359375 0.94921875 0.4140625 0.9921875 0.4140625 0.9921875 0.3359375
4 0.8769553578125 0.3417991078125 0.7402366078125 0.3417991078125 0.7402366078125 0.4609375 0.8769553578125 0.4609375 0.8769553578125 0.3417991078125
4 0.5019553578125 0.6269553578125 0.45898660781249995 0.6269553578125 0.45898660781249995 0.67578125 0.5019553578125 0.67578125 0.5019553578125 0.6269553578125
4 0.171875 0.8808616078125 0.125 0.8808616078125 0.125 0.9160178578125 0.171875 0.9160178578125 0.171875 0.8808616078125
4 0.18359375 0.9355491078125 0.13671875 0.9355491078125 0.13671875 0.97265625 0.18359375 0.97265625 0.18359375 0.9355491078125
4 0.5644553578125 0.1953125 0.5058616078125 0.1953125 0.5058616078125 0.44140625 0.5644553578125 0.44140625 0.5644553578125 0.1953125
4 0.5019553578125 0.03125 0.44921875 0.03125 0.44921875 0.1484375 0.5019553578125 0.1484375 0.5019553578125 0.03125
4 0.43945535781249995 0.0019553578125 0.41015625 0.0019553578125 0.41015625 0.0722678578125 0.43945535781249995 0.0722678578125 0.43945535781249995 0.0019553578125
4 0.65625 0.0019553578125 0.5957053578125 0.0019553578125 0.5957053578125 0.03125 0.65625 0.03125 0.65625 0.0019553578125
4 0.890625 0.14453125 0.7734375 0.14453125 0.7734375 0.23046875 0.890625 0.23046875 0.890625 0.14453125
4 0.9824241078125 0.23828125 0.90234375 0.23828125 0.90234375 0.3359375 0.9824241078125 0.3359375 0.9824241078125 0.23828125
4 0.9921875 0.47851785781249995 0.96484375 0.47851785781249995 0.96484375 0.5390625 0.9921875 0.5390625 0.9921875 0.47851785781249995
4 0.1875 0.2871116078125 0.15625 0.2871116078125 0.15625 0.34375 0.1875 0.34375 0.1875 0.2871116078125
4 0.2714866078125 0.5917991078125 0.234375 0.5917991078125 0.234375 0.640625 0.2714866078125 0.640625 0.2714866078125 0.5917991078125
4 0.1875 0.6640625 0.1582053578125 0.6640625 0.1582053578125 0.70703125 0.1875 0.70703125 0.1875 0.6640625
4 0.2832053578125 0.76953125 0.2480491078125 0.76953125 0.2480491078125 0.81640625 0.2832053578125 0.81640625 0.2832053578125 0.76953125
4 0.1191428578125 0.20703125 0.08984375 0.20703125 0.08984375 0.2480491078125 0.1191428578125 0.2480491078125 0.1191428578125 0.20703125
4 0.1621116078125 0.3378928578125 0.13671875 0.3378928578125 0.13671875 0.4140625 0.1621116078125 0.4140625 0.1621116078125 0.3378928578125