3 0.2597678578125 0.5253928578125 0.0058616078125 0.5253928578125 0.0058616078125 0.9921875 0.2597678578125 0.9921875 0.2597678578125 0.5253928578125
3 0.5917991078125 0.1269553578125 0.27734375 0.1269553578125 0.27734375 0.45117410781249995 0.5917991078125 0.45117410781249995 0.5917991078125 0.1269553578125
3 0.234375 0.3203125 0.0078125 0.3203125 0.0078125 0.48242410781249995 0.234375 0.48242410781249995 0.234375 0.3203125
3 0.5605491078125 0.578125 0.48242410781249995 0.578125 0.48242410781249995 0.671875 0.5605491078125 0.671875 0.5605491078125 0.578125
4 0.2988303578125 0.5644553578125 0.25 0.5644553578125 0.25 0.5878928578125 0.2988303578125 0.5878928578125 0.2988303578125 0.5644553578125
4 0.3261741078125 0.7050803578125 0.2871116078125 0.7050803578125 0.2871116078125 0.765625 0.3261741078125 0.765625 0.3261741078125 0.7050803578125
4 0.4921875 0.796875 0.4296875 0.796875 0.4296875 0.86328125 0.4921875 0.86328125 0.4921875 0.796875
4 0.47070535781249995 0.88671875 0.41015625 0.88671875 0.41015625 0.9511741078125 0.47070535781249995 0.9511741078125 0.47070535781249995 0.88671875
4 0.59375 0.828125 0.546875 0.828125 0.546875 0.9199241078125 0.59375 0.9199241078125 0.59375 0.828125
4 0.7285178578125 0.8222678578125 0.66015625 0.8222678578125 0.66015625 0.9355491078125 0.7285178578125 0.9355491078125 0.7285178578125 0.8222678578125
4 0.37109375 0.21484375 0.3378928578125 0.21484375 0.3378928578125 0.25 0.37109375 0.25 0.37109375 0.21484375
4 0.58203125 0.22265625 0.4296875 0.22265625 0.4296875 0.34375 0.58203125 0.34375 0.58203125 0.22265625
5 0.5136741078125 0.3496116078125 0.3984375 0.3496116078125 0.3984375 0.5097678578125 0.5136741078125 0.5097678578125 0.5136741078125 0.3496116078125
5 0.99609375 0.24609375 0.8828125 0.24609375 0.8828125 0.40820535781249995 0.99609375 0.40820535781249995 0.99609375 0.24609375
5 0.7988303578125 0.46484375 0.6328125 0.46484375 0.6328125 0.59375 0.7988303578125 0.59375 0.7988303578125 0.46484375
5 0.9902366078125 0.6269553578125 0.5722678578125 0.6269553578125 0.5722678578125 0.9921875 0.9902366078125 0.9921875 0.9902366078125 0.6269553578125
2 0.9902366078125 0.00390625 0.00390625 0.00390625 0.00390625 0.6152366078125 0.9902366078125 0.6152366078125 0.9902366078125 0.00390625