4 0.921875 0.1152366078125 0.84765625 0.1152366078125 0.84765625 0.203125 0.921875 0.203125 0.921875 0.1152366078125
4 0.9902366078125 0.41211160781249995 0.9375 0.41211160781249995 0.9375 0.53125 0.9902366078125 0.53125 0.9902366078125 0.41211160781249995
4 0.20703125 0.1386741078125 0.1484375 0.1386741078125 0.1484375 0.2167991078125 0.20703125 0.2167991078125 0.20703125 0.1386741078125
4 0.42383035781249995 0.3515625 0.3613303578125 0.3515625 0.3613303578125 0.4140625 0.42383035781249995 0.4140625 0.42383035781249995 0.3515625
4 0.7265625 0.515625 0.3496116078125 0.515625 0.3496116078125 0.5839866078125 0.7265625 0.5839866078125 0.7265625 0.515625
4 0.3574241078125 0.8808616078125 0.2734375 0.8808616078125 0.2734375 0.984375 0.3574241078125 0.984375 0.3574241078125 0.8808616078125
5 0.3515625 0.40234375 0.0722678578125 0.40234375 0.0722678578125 0.65625 0.3515625 0.65625 0.3515625 0.40234375
8 0.29296875 0.1972678578125 0.2128928578125 0.1972678578125 0.2128928578125 0.28515625 0.29296875 0.28515625 0.29296875 0.1972678578125
4 0.49609375 0.2597678578125 0.41211160781249995 0.2597678578125 0.41211160781249995 0.359375 0.49609375 0.359375 0.49609375 0.2597678578125
4 0.25390625 0.203125 0.21875 0.203125 0.21875 0.27734375 0.25390625 0.27734375 0.25390625 0.203125
4 0.5 0.890625 0.3066428578125 0.890625 0.3066428578125 0.9980491078125 0.5 0.9980491078125 0.5 0.890625
4 0.1542991078125 0.0566428578125 0.0703125 0.0566428578125 0.0703125 0.0878928578125 0.1542991078125 0.0878928578125 0.1542991078125 0.0566428578125
4 0.2578125 0.1328125 0.19921875 0.1328125 0.19921875 0.27734375 0.2578125 0.27734375 0.2578125 0.1328125
4 0.1953125 0.2578125 0.1660178578125 0.2578125 0.1660178578125 0.3105491078125 0.1953125 0.3105491078125 0.1953125 0.2578125
4 0.8925803578125 0.0058616078125 0.8496116078125 0.0058616078125 0.8496116078125 0.0703125 0.8925803578125 0.0703125 0.8925803578125 0.0058616078125
4 0.9628928578125 0.21875 0.66015625 0.21875 0.66015625 0.30859375 0.9628928578125 0.30859375 0.9628928578125 0.21875
3 0.73046875 0.5371116078125 0.61328125 0.5371116078125 0.61328125 0.578125 0.73046875 0.578125 0.73046875 0.5371116078125