8 0.9140625 0.2421875 0.7734375 0.2421875 0.7734375 0.45898660781249995 0.9140625 0.45898660781249995 0.9140625 0.2421875
8 0.73046875 0.2285178578125 0.5996116078125 0.2285178578125 0.5996116078125 0.47265625 0.73046875 0.47265625 0.73046875 0.2285178578125
8 0.86328125 0.7421875 0.69140625 0.7421875 0.69140625 0.97265625 0.86328125 0.97265625 0.86328125 0.7421875
8 0.5019553578125 0.8769553578125 0.40429910781249995 0.8769553578125 0.40429910781249995 0.9628928578125 0.5019553578125 0.9628928578125 0.5019553578125 0.8769553578125
8 0.3964866078125 0.28515625 0.2363303578125 0.28515625 0.2363303578125 0.59375 0.3964866078125 0.59375 0.3964866078125 0.28515625
8 0.45703125 0.0566428578125 0.359375 0.0566428578125 0.359375 0.1171875 0.45703125 0.1171875 0.45703125 0.0566428578125
8 0.3144553578125 0.79296875 0.25 0.79296875 0.25 0.96484375 0.3144553578125 0.96484375 0.3144553578125 0.79296875
7 0.1171875 0.0625 0.0019553578125 0.0625 0.0019553578125 0.3574241078125 0.1171875 0.3574241078125 0.1171875 0.0625
8 0.34375 0.17578125 0.29296875 0.17578125 0.29296875 0.2265625 0.34375 0.2265625 0.34375 0.17578125
8 0.421875 0.171875 0.3496116078125 0.171875 0.3496116078125 0.2265625 0.421875 0.2265625 0.421875 0.171875
8 0.5449241078125 0.10546875 0.43359375 0.10546875 0.43359375 0.2207053578125 0.5449241078125 0.2207053578125 0.5449241078125 0.10546875
8 0.5097678578125 0.2265625 0.44336160781249995 0.2265625 0.44336160781249995 0.2910178578125 0.5097678578125 0.2910178578125 0.5097678578125 0.2265625
8 0.5 0.3203125 0.453125 0.3203125 0.453125 0.44726785781249995 0.5 0.44726785781249995 0.5 0.3203125
8 0.47851785781249995 0.453125 0.43359375 0.453125 0.43359375 0.578125 0.47851785781249995 0.578125 0.47851785781249995 0.453125
8 0.48242410781249995 0.5644553578125 0.40820535781249995 0.5644553578125 0.40820535781249995 0.6855491078125 0.48242410781249995 0.6855491078125 0.48242410781249995 0.5644553578125
8 0.5371116078125 0.5839866078125 0.48633035781249995 0.5839866078125 0.48633035781249995 0.6503928578125 0.5371116078125 0.6503928578125 0.5371116078125 0.5839866078125
8 0.5722678578125 0.6660178578125 0.5410178578125 0.6660178578125 0.5410178578125 0.75 0.5722678578125 0.75 0.5722678578125 0.6660178578125
8 0.73046875 0.6640625 0.57421875 0.6640625 0.57421875 0.74609375 0.73046875 0.74609375 0.73046875 0.6640625
8 0.47851785781249995 0.68359375 0.3886741078125 0.68359375 0.3886741078125 0.74609375 0.47851785781249995 0.74609375 0.47851785781249995 0.68359375
8 0.25390625 0.5058616078125 0.1953125 0.5058616078125 0.1953125 0.65234375 0.25390625 0.65234375 0.25390625 0.5058616078125
8 0.1796875 0.65234375 0.1464866078125 0.65234375 0.1464866078125 0.7011741078125 0.1796875 0.7011741078125 0.1796875 0.65234375
8 0.06640625 0.40039285781249995 0.01171875 0.40039285781249995 0.01171875 0.48046875 0.06640625 0.48046875 0.06640625 0.40039285781249995
8 0.99609375 0.23828125 0.9316428578125 0.23828125 0.9316428578125 0.43945535781249995 0.99609375 0.43945535781249995 0.99609375 0.23828125
8 1 0.44726785781249995 0.91015625 0.44726785781249995 0.91015625 0.6386741078125 1 0.6386741078125 1 0.44726785781249995
8 0.8652366078125 0.5390625 0.83203125 0.5390625 0.83203125 0.5839866078125 0.8652366078125 0.5839866078125 0.8652366078125 0.5390625
8 0.6777366078125 0.0546875 0.6191428578125 0.0546875 0.6191428578125 0.11328125 0.6777366078125 0.11328125 0.6777366078125 0.0546875
8 0.6328125 0.921875 0.5546875 0.921875 0.5546875 0.96875 0.6328125 0.96875 0.6328125 0.921875
8 0.515625 0.796875 0.4296875 0.796875 0.4296875 0.8515625 0.515625 0.8515625 0.515625 0.796875
8 0.23828125 0.85546875 0.1855491078125 0.85546875 0.1855491078125 0.96484375 0.23828125 0.96484375 0.23828125 0.85546875
8 0.06640625 0.2753928578125 0.025392857812500003 0.2753928578125 0.025392857812500003 0.3417991078125 0.06640625 0.3417991078125 0.06640625 0.2753928578125
5 0.5214866078125 0.0917991078125 0.078125 0.0917991078125 0.078125 0.94140625 0.5214866078125 0.94140625 0.5214866078125 0.0917991078125
4 0.49023660781249995 0.8886741078125 0.41601785781249995 0.8886741078125 0.41601785781249995 0.9453125 0.49023660781249995 0.9453125 0.49023660781249995 0.8886741078125
4 0.2871116078125 0.8066428578125 0.25390625 0.8066428578125 0.25390625 0.92578125 0.2871116078125 0.92578125 0.2871116078125 0.8066428578125
4 0.38671875 0.30859375 0.234375 0.30859375 0.234375 0.5878928578125 0.38671875 0.5878928578125 0.38671875 0.30859375
4 0.23828125 0.5097678578125 0.203125 0.5097678578125 0.203125 0.625 0.23828125 0.625 0.23828125 0.5097678578125
4 0.71484375 0.234375 0.6113303578125 0.234375 0.6113303578125 0.48828125 0.71484375 0.48828125 0.71484375 0.234375
4 0.8964866078125 0.2441428578125 0.7792991078125 0.2441428578125 0.7792991078125 0.44921875 0.8964866078125 0.44921875 0.8964866078125 0.2441428578125
4 0.8613303578125 0.7421875 0.6972678578125 0.7421875 0.6972678578125 0.9863303578125 0.8613303578125 0.9863303578125 0.8613303578125 0.7421875
4 0.6230491078125 0.92578125 0.56640625 0.92578125 0.56640625 0.94921875 0.6230491078125 0.94921875 0.6230491078125 0.92578125
4 0.47265625 0.46289285781249995 0.44336160781249995 0.46289285781249995 0.44336160781249995 0.5527366078125 0.47265625 0.5527366078125 0.47265625 0.46289285781249995
4 0.47265625 0.69140625 0.39453125 0.69140625 0.39453125 0.74609375 0.47265625 0.74609375 0.47265625 0.69140625
4 0.9921875 0.234375 0.93359375 0.234375 0.93359375 0.44140625 0.9921875 0.44140625 0.9921875 0.234375
4 0.44336160781249995 0.0566428578125 0.33984375 0.0566428578125 0.33984375 0.1015625 0.44336160781249995 0.1015625 0.44336160781249995 0.0566428578125
4 0.41601785781249995 0.1777366078125 0.2988303578125 0.1777366078125 0.2988303578125 0.21875 0.41601785781249995 0.21875 0.41601785781249995 0.1777366078125
4 0.5019553578125 0.2285178578125 0.453125 0.2285178578125 0.453125 0.28515625 0.5019553578125 0.28515625 0.5019553578125 0.2285178578125
4 0.49414285781249995 0.3261741078125 0.4609375 0.3261741078125 0.4609375 0.45117410781249995 0.49414285781249995 0.45117410781249995 0.49414285781249995 0.3261741078125
4 0.6347678578125 0.39453125 0.5605491078125 0.39453125 0.5605491078125 0.5546875 0.6347678578125 0.5546875 0.6347678578125 0.39453125
8 0.6308616078125 0.40234375 0.5644553578125 0.40234375 0.5644553578125 0.5566428578125 0.6308616078125 0.5566428578125 0.6308616078125 0.40234375
4 0.6699241078125 0.06640625 0.625 0.06640625 0.625 0.11328125 0.6699241078125 0.11328125 0.6699241078125 0.06640625
4 0.7578125 0.11328125 0.6933616078125 0.11328125 0.6933616078125 0.1640625 0.7578125 0.1640625 0.7578125 0.11328125
8 0.7519553578125 0.11328125 0.69140625 0.11328125 0.69140625 0.1640625 0.7519553578125 0.1640625 0.7519553578125 0.11328125
4 0.67578125 0.671875 0.6015625 0.671875 0.6015625 0.7285178578125 0.67578125 0.7285178578125 0.67578125 0.671875
4 0.7421875 0.6699241078125 0.69140625 0.6699241078125 0.69140625 0.6875 0.7421875 0.6875 0.7421875 0.6699241078125
4 0.66015625 0.76171875 0.63671875 0.76171875 0.63671875 0.7832053578125 0.66015625 0.7832053578125 0.66015625 0.76171875
4 0.58984375 0.6660178578125 0.5410178578125 0.6660178578125 0.5410178578125 0.7519553578125 0.58984375 0.7519553578125 0.58984375 0.6660178578125
4 0.4765625 0.5703125 0.43359375 0.5703125 0.43359375 0.6660178578125 0.4765625 0.6660178578125 0.4765625 0.5703125
4 0.53515625 0.5996116078125 0.49609375 0.5996116078125 0.49609375 0.6503928578125 0.53515625 0.6503928578125 0.53515625 0.5996116078125
4 0.1699241078125 0.66015625 0.15234375 0.66015625 0.15234375 0.6953125 0.1699241078125 0.6953125 0.1699241078125 0.66015625
4 0.2363303578125 0.86328125 0.1953125 0.86328125 0.1953125 0.95703125 0.2363303578125 0.95703125 0.2363303578125 0.86328125
4 0.2792991078125 0.94921875 0.2519553578125 0.94921875 0.2519553578125 0.97265625 0.2792991078125 0.97265625 0.2792991078125 0.94921875
4 0.5019553578125 0.8027366078125 0.43164285781249995 0.8027366078125 0.43164285781249995 0.8457053578125 0.5019553578125 0.8457053578125 0.5019553578125 0.8027366078125
4 0.86328125 0.54296875 0.8457053578125 0.54296875 0.8457053578125 0.58984375 0.86328125 0.58984375 0.86328125 0.54296875
4 0.9921875 0.46484375 0.91796875 0.46484375 0.91796875 0.6269553578125 0.9921875 0.6269553578125 0.9921875 0.46484375
4 0.515625 0.11328125 0.45117410781249995 0.11328125 0.45117410781249995 0.19140625 0.515625 0.19140625 0.515625 0.11328125