3 0.8591562500000001 0.846944134375 0.7672366078125 0.846944134375 0.7672366078125 0.9990782125000001 0.8591562500000001 0.9990782125000001 0.8591562500000001 0.846944134375
3 0.778352678125 0.7820055859374999 0.761303571875 0.7820055859374999 0.761303571875 0.8098379890625 0.778352678125 0.8098379890625 0.778352678125 0.7820055859374999
3 0.796147321875 0.8098379890625 0.7753883921875 0.8098379890625 0.7753883921875 0.83581005625 0.796147321875 0.83581005625 0.796147321875 0.8098379890625
3 0.8850982140625 0.8367374296874999 0.8673080359374999 0.8367374296874999 0.8673080359374999 0.878480446875 0.8850982140625 0.878480446875 0.8850982140625 0.8367374296874999
3 0.5248348218750001 0.5176256984375 0.05337499999999999 0.5176256984375 0.05337499999999999 0.753251396875 0.5248348218750001 0.753251396875 0.5248348218750001 0.5176256984375
3 0.587102678125 0.5398882687500001 0.5307633921875 0.5398882687500001 0.5307633921875 0.5723575421875 0.587102678125 0.5723575421875 0.587102678125 0.5398882687500001
3 0.8428482140625 0.08534636875 0.6997767859375 0.08534636875 0.6997767859375 0.28478770937500003 0.8428482140625 0.28478770937500003 0.8428482140625 0.08534636875
3 0.466272321875 0.12894413437500002 0.4217946421875 0.12894413437500002 0.4217946421875 0.1901675984375 0.466272321875 0.1901675984375 0.466272321875 0.12894413437500002
3 0.5967366078125 0.00834636875 0.5441071421875 0.00834636875 0.5441071421875 0.0463798875 0.5967366078125 0.0463798875 0.5967366078125 0.00834636875
3 0.6819866078125 0.0027821234375 0.6434375 0.0027821234375 0.6434375 0.0324692734375 0.6819866078125 0.0324692734375 0.6819866078125 0.0027821234375
3 0.49073214218750005 0.246754190625 0.40845089218749997 0.246754190625 0.40845089218749997 0.386826815625 0.49073214218750005 0.386826815625 0.49073214218750005 0.246754190625
3 0.6612321421875 0.2922067046875 0.5774642859375 0.2922067046875 0.5774642859375 0.4276480453125 0.6612321421875 0.4276480453125 0.6612321421875 0.2922067046875
3 0.5404017859375 0.401670390625 0.3899196421875 0.401670390625 0.3899196421875 0.5064972062499999 0.5404017859375 0.5064972062499999 0.5404017859375 0.401670390625
8 0.2787232140625 0.340446928125 0.232022321875 0.340446928125 0.232022321875 0.3951787703125 0.2787232140625 0.3951787703125 0.2787232140625 0.340446928125
8 0.3239419640625 0.17996089375 0.2816919640625 0.17996089375 0.2816919640625 0.22634636874999997 0.3239419640625 0.22634636874999997 0.3239419640625 0.17996089375
8 0.3973303578125 0.199446928125 0.34321875 0.199446928125 0.34321875 0.25788826875000004 0.3973303578125 0.25788826875000004 0.3973303578125 0.199446928125
8 0.3654553578125 0.104826815625 0.339508928125 0.104826815625 0.339508928125 0.1354357546875 0.3654553578125 0.1354357546875 0.3654553578125 0.104826815625
8 0.384727678125 0.0992569828125 0.36249107187499996 0.0992569828125 0.36249107187499996 0.1233798875 0.384727678125 0.1233798875 0.384727678125 0.0992569828125
8 0.315790178125 0.0408156421875 0.29503124999999997 0.0408156421875 0.29503124999999997 0.06493296093749999 0.315790178125 0.06493296093749999 0.315790178125 0.0408156421875
8 0.3239419640625 0.08534636875 0.298 0.08534636875 0.298 0.11131843593749999 0.3239419640625 0.11131843593749999 0.3239419640625 0.08534636875
8 0.26760714218750004 0.0129888265625 0.24314285781249997 0.0129888265625 0.24314285781249997 0.044525139062500003 0.26760714218750004 0.044525139062500003 0.26760714218750004 0.0129888265625
8 0.32542410781250003 0.4192960890625 0.27724107187499997 0.4192960890625 0.27724107187499997 0.4693910609375 0.32542410781250003 0.4693910609375 0.32542410781250003 0.4192960890625
8 0.9043749999999999 0.58627374375 0.870272321875 0.58627374375 0.870272321875 0.63265363125 0.9043749999999999 0.63265363125 0.9043749999999999 0.58627374375
8 0.244625 0.9072402234375 0.2090446421875 0.9072402234375 0.2090446421875 0.9554748609375 0.244625 0.9554748609375 0.244625 0.9072402234375
8 0.2097857140625 0.9471284921875001 0.1882857140625 0.9471284921875001 0.1882857140625 0.9814525140624999 0.2097857140625 0.9814525140624999 0.2097857140625 0.9471284921875001
8 0.23499107187499998 0.973100559375 0.2194196421875 0.973100559375 0.2194196421875 0.9888715078124999 0.23499107187499998 0.9888715078124999 0.23499107187499998 0.973100559375
8 0.2690892859375 0.9814525140624999 0.2416607140625 0.9814525140624999 0.2416607140625 0.9990782125000001 0.2690892859375 0.9990782125000001 0.2690892859375 0.9814525140624999
8 0.8094866078124999 0.1901675984375 0.796147321875 0.1901675984375 0.796147321875 0.21985474843750002 0.8094866078124999 0.21985474843750002 0.8094866078124999 0.1901675984375
8 0.828022321875 0.176251396875 0.8124553578124999 0.176251396875 0.8124553578124999 0.199446928125 0.828022321875 0.199446928125 0.828022321875 0.176251396875
8 0.825053571875 0.22170949687500002 0.8109732140625001 0.22170949687500002 0.8109732140625001 0.2439720671875 0.825053571875 0.2439720671875 0.825053571875 0.22170949687500002
8 0.8094866078124999 0.22356424531250002 0.7916964281250001 0.22356424531250002 0.7916964281250001 0.245826815625 0.8094866078124999 0.245826815625 0.8094866078124999 0.22356424531250002
8 0.8028169640625 0.2486089390625 0.7805803578125 0.2486089390625 0.7805803578125 0.2680893859375 0.8028169640625 0.2680893859375 0.8028169640625 0.2486089390625
8 0.778352678125 0.2588156421875 0.7590803578124999 0.2588156421875 0.7590803578124999 0.27829608906250003 0.778352678125 0.27829608906250003 0.778352678125 0.2588156421875
8 0.3506294640625 0.5909106140625 0.309116071875 0.5909106140625 0.309116071875 0.6345083796875 0.3506294640625 0.6345083796875 0.3506294640625 0.5909106140625
8 0.2335044640625 0.6103910609375001 0.217196428125 0.6103910609375001 0.217196428125 0.635441340625 0.2335044640625 0.635441340625 0.2335044640625 0.6103910609375001
8 0.4277232140625 0.57050279375 0.40845089218749997 0.57050279375 0.40845089218749997 0.5909106140625 0.4277232140625 0.5909106140625 0.4277232140625 0.57050279375
8 0.38028125 0.60111731875 0.3639732140625 0.60111731875 0.3639732140625 0.6270893859375 0.38028125 0.6270893859375 0.38028125 0.60111731875
8 0.39584821406250004 0.6224525140625 0.3765758921875 0.6224525140625 0.3765758921875 0.644715084375 0.39584821406250004 0.644715084375 0.39584821406250004 0.6224525140625
8 0.4091919640625 0.5927653625 0.38620982187499997 0.5927653625 0.38620982187499997 0.6252346375 0.4091919640625 0.6252346375 0.4091919640625 0.5927653625
3 0.285397321875 0.854363128125 0.266125 0.854363128125 0.266125 0.8886871515625 0.285397321875 0.8886871515625 0.285397321875 0.854363128125
3 0.4818392859375 0.838592178125 0.4484821421875 0.838592178125 0.4484821421875 0.878480446875 0.4818392859375 0.878480446875 0.4818392859375 0.838592178125
3 0.1875446421875 0.745826815625 0.11119196406250001 0.745826815625 0.11119196406250001 0.8756983234375 0.1875446421875 0.8756983234375 0.1875446421875 0.745826815625
3 0.290584821875 0.72634636875 0.232022321875 0.72634636875 0.232022321875 0.83581005625 0.290584821875 0.83581005625 0.290584821875 0.72634636875
3 0.37509375 0.7309888265625 0.3335803578125 0.7309888265625 0.3335803578125 0.8116927374999999 0.37509375 0.8116927374999999 0.37509375 0.7309888265625
3 0.10452232187499999 0.6957374296875 0.0022232140625000002 0.6957374296875 0.0022232140625000002 0.8738435750000001 0.10452232187499999 0.8738435750000001 0.10452232187499999 0.6957374296875
8 0.8502589281249999 0.6716145250000001 0.83765625 0.6716145250000001 0.83765625 0.6957374296875 0.8502589281249999 0.6957374296875 0.8502589281249999 0.6716145250000001
8 0.9436607140625 0.5176256984375 0.851741071875 0.5176256984375 0.851741071875 0.66326815625 0.9436607140625 0.66326815625 0.9436607140625 0.5176256984375
8 0.6360267859375 0.0482402234375 0.6093392859375 0.0482402234375 0.6093392859375 0.08627374374999999 0.6360267859375 0.08627374374999999 0.6360267859375 0.0482402234375
8 0.6234241078125 0.10760893906249999 0.6115625 0.10760893906249999 0.6115625 0.13172625625 0.6234241078125 0.13172625625 0.6234241078125 0.10760893906249999
8 0.696071428125 0.0667932953125 0.6856919640625 0.0667932953125 0.6856919640625 0.08627374374999999 0.696071428125 0.08627374374999999 0.696071428125 0.0667932953125
8 0.677540178125 0.004636871875 0.6501116078125 0.004636871875 0.6501116078125 0.025972067187499996 0.677540178125 0.025972067187499996 0.677540178125 0.004636871875
8 0.5945133921875 0.000927375 0.556709821875 0.000927375 0.556709821875 0.038960893749999996 0.5945133921875 0.038960893749999996 0.5945133921875 0.000927375
8 0.10155803593749999 0.25231843593750003 0.085991071875 0.25231843593750003 0.085991071875 0.26994413437500003 0.10155803593749999 0.26994413437500003 0.10155803593749999 0.25231843593750003
8 0.46849553593750004 0.293134078125 0.4551517859375 0.293134078125 0.4551517859375 0.30426815625 0.46849553593750004 0.30426815625 0.46849553593750004 0.293134078125
8 0.6278705359375001 0.386826815625 0.6108214281250001 0.386826815625 0.6108214281250001 0.4044525140625 0.6278705359375001 0.4044525140625 0.6278705359375001 0.386826815625
8 0.638991071875 0.3766256984375 0.625647321875 0.3766256984375 0.625647321875 0.3951787703125 0.638991071875 0.3951787703125 0.638991071875 0.3766256984375
8 0.6486294640625 0.355290503125 0.638991071875 0.355290503125 0.638991071875 0.371061453125 0.6486294640625 0.371061453125 0.6486294640625 0.355290503125
8 0.7524107140625 0.5473128484374999 0.710897321875 0.5473128484374999 0.710897321875 0.5992625703125001 0.7524107140625 0.5992625703125001 0.7524107140625 0.5473128484374999
3 0.7679776781250001 0.3423016765625 0.7449955359375 0.3423016765625 0.7449955359375 0.3840446921875 0.7679776781250001 0.3840446921875 0.7679776781250001 0.3423016765625
3 0.7568571421875 0.42950279374999994 0.7398080359375 0.42950279374999994 0.7398080359375 0.464754190625 0.7568571421875 0.464754190625 0.7568571421875 0.42950279374999994
3 0.7590803578124999 0.4656815640625 0.7457366078125001 0.4656815640625 0.7457366078125001 0.49072625625 0.7590803578124999 0.49072625625 0.7590803578124999 0.4656815640625
3 0.5626383921875 0.245826815625 0.5307633921875 0.245826815625 0.5307633921875 0.28478770937500003 0.5626383921875 0.28478770937500003 0.5626383921875 0.245826815625