8 0.8378928578125 0.48242410781249995 0.77734375 0.48242410781249995 0.77734375 0.5390625 0.8378928578125 0.5390625 0.8378928578125 0.48242410781249995
8 0.7402366078125 0.71484375 0.69921875 0.71484375 0.69921875 0.75 0.7402366078125 0.75 0.7402366078125 0.71484375
8 0.7714866078125 0.77734375 0.71875 0.77734375 0.71875 0.8203125 0.7714866078125 0.8203125 0.7714866078125 0.77734375
8 0.3535178578125 0.7285178578125 0.3183616078125 0.7285178578125 0.3183616078125 0.76953125 0.3535178578125 0.76953125 0.3535178578125 0.7285178578125
8 0.3359375 0.58203125 0.2871116078125 0.58203125 0.2871116078125 0.6308616078125 0.3359375 0.6308616078125 0.3359375 0.58203125
8 0.3808616078125 0.42578125 0.3222678578125 0.42578125 0.3222678578125 0.46679910781249995 0.3808616078125 0.46679910781249995 0.3808616078125 0.42578125
8 0.29296875 0.3574241078125 0.2441428578125 0.3574241078125 0.2441428578125 0.44140625 0.29296875 0.44140625 0.29296875 0.3574241078125
8 0.7207053578125 0.3144553578125 0.66015625 0.3144553578125 0.66015625 0.36328125 0.7207053578125 0.36328125 0.7207053578125 0.3144553578125
8 0.48828125 0.1816428578125 0.4453125 0.1816428578125 0.4453125 0.2402366078125 0.48828125 0.2402366078125 0.48828125 0.1816428578125
5 0.3769553578125 0.45898660781249995 0.0957053578125 0.45898660781249995 0.0957053578125 0.8046875 0.3769553578125 0.8046875 0.3769553578125 0.45898660781249995
7 0.2324241078125 0.8613303578125 0.0390625 0.8613303578125 0.0390625 0.9902366078125 0.2324241078125 0.9902366078125 0.2324241078125 0.8613303578125
1 0.7089866078125 0.1269553578125 0.4140625 0.1269553578125 0.4140625 0.375 0.7089866078125 0.375 0.7089866078125 0.1269553578125
1 0.6503928578125 0.42383035781249995 0.42773660781249995 0.42383035781249995 0.42773660781249995 0.5527366078125 0.6503928578125 0.5527366078125 0.6503928578125 0.42383035781249995
3 0.54296875 0.2988303578125 0.5175803578125 0.2988303578125 0.5175803578125 0.3203125 0.54296875 0.3203125 0.54296875 0.2988303578125
4 0.34765625 0.79296875 0.30859375 0.79296875 0.30859375 0.8066428578125 0.34765625 0.8066428578125 0.34765625 0.79296875