6 0.4134955359375 0.5034072171874999 0.0051919640625 0.5034072171874999 0.0051919640625 0.8959432984375001 0.4134955359375 0.8959432984375001 0.4134955359375 0.5034072171874999
8 0.537196428125 0.570329896875 0.506053571875 0.570329896875 0.506053571875 0.6152731953125 0.537196428125 0.6152731953125 0.537196428125 0.570329896875
4 0.1877142859375 0.514391753125 0.10726785781249999 0.514391753125 0.10726785781249999 0.5623350515625 0.1877142859375 0.5623350515625 0.1877142859375 0.514391753125
4 0.351209821875 0.5813144328125001 0.28114285781250004 0.5813144328125001 0.28114285781250004 0.64424226875 0.351209821875 0.64424226875 0.351209821875 0.5813144328125001
5 0.522491071875 0.3176237109375 0.2993080359375 0.3176237109375 0.2993080359375 0.5243814437500001 0.522491071875 0.5243814437500001 0.522491071875 0.3176237109375
4 0.69290625 0.2646855671875 0.5017321421875 0.2646855671875 0.5017321421875 0.6072835046875 0.69290625 0.6072835046875 0.69290625 0.2646855671875
4 0.9403124999999999 0.074912371875 0.8641875000000001 0.074912371875 0.8641875000000001 0.19377319531249998 0.9403124999999999 0.19377319531249998 0.9403124999999999 0.074912371875
7 0.284602678125 0.0059948453125 0.037196428125 0.0059948453125 0.037196428125 0.159809278125 0.284602678125 0.159809278125 0.284602678125 0.0059948453125
4 0.5095133921875 0.1128659796875 0.3529419640625 0.1128659796875 0.3529419640625 0.20775257656249999 0.5095133921875 0.20775257656249999 0.5095133921875 0.1128659796875
4 0.5181651781250001 0.22173711406250002 0.3918705359375 0.22173711406250002 0.3918705359375 0.333608246875 0.5181651781250001 0.333608246875 0.5181651781250001 0.22173711406250002
8 0.9186830359375 0.0958865984375 0.8910044640624999 0.0958865984375 0.8910044640624999 0.1857835046875 0.9186830359375 0.1857835046875 0.9186830359375 0.0958865984375
8 0.44895982187500005 0.62825773125 0.4342544640625 0.62825773125 0.4342544640625 0.6572268046875 0.44895982187500005 0.6572268046875 0.44895982187500005 0.62825773125
8 0.4896205359375 0.6312577312500001 0.474915178125 0.6312577312500001 0.474915178125 0.6542268046874999 0.4896205359375 0.6542268046874999 0.4896205359375 0.6312577312500001
4 0.4152232140625 0.382551546875 0.3918705359375 0.382551546875 0.3918705359375 0.40352577343749996 0.4152232140625 0.40352577343749996 0.4152232140625 0.382551546875
4 0.3001741078125 0.1737938140625 0.1089955359375 0.1737938140625 0.1089955359375 0.2497061859375 0.3001741078125 0.2497061859375 0.3001741078125 0.1737938140625
4 0.6903125 0.855989690625 0.667821428125 0.855989690625 0.667821428125 0.8799639171875 0.6903125 0.8799639171875 0.6903125 0.855989690625
3 0.4662633921875 0.8639793812500001 0.446366071875 0.8639793812500001 0.446366071875 0.8919484531249999 0.4662633921875 0.8919484531249999 0.4662633921875 0.8639793812500001
3 0.6903125 0.855989690625 0.6652232140625001 0.855989690625 0.6652232140625001 0.8849587624999999 0.6903125 0.8849587624999999 0.6903125 0.855989690625
3 0.519897321875 0.9728556703125 0.5017321421875 0.9728556703125 0.5017321421875 0.9938298968750001 0.519897321875 0.9938298968750001 0.519897321875 0.9728556703125