3 0.9082053578125 0.40429910781249995 0.8652366078125 0.40429910781249995 0.8652366078125 0.44726785781249995 0.9082053578125 0.44726785781249995 0.9082053578125 0.40429910781249995
3 0.98828125 0.40429910781249995 0.921875 0.40429910781249995 0.921875 0.47070535781249995 0.98828125 0.47070535781249995 0.98828125 0.40429910781249995
3 0.9941428578125 0.0917991078125 0.87890625 0.0917991078125 0.87890625 0.34375 0.9941428578125 0.34375 0.9941428578125 0.0917991078125
3 0.8300803578125 0.28125 0.7207053578125 0.28125 0.7207053578125 0.3515625 0.8300803578125 0.3515625 0.8300803578125 0.28125
5 0.6972678578125 0.3105491078125 0.3847678578125 0.3105491078125 0.3847678578125 0.5839866078125 0.6972678578125 0.5839866078125 0.6972678578125 0.3105491078125
3 0.8046875 0.65625 0.7753928578125 0.65625 0.7753928578125 0.70703125 0.8046875 0.70703125 0.8046875 0.65625
3 0.92578125 0.8125 0.890625 0.8125 0.890625 0.859375 0.92578125 0.859375 0.92578125 0.8125
3 0.47070535781249995 0.7832053578125 0.4296875 0.7832053578125 0.4296875 0.8183616078125 0.47070535781249995 0.8183616078125 0.47070535781249995 0.7832053578125
3 0.49804910781249995 0.74609375 0.45703125 0.74609375 0.45703125 0.7910178578125 0.49804910781249995 0.7910178578125 0.49804910781249995 0.74609375
3 0.21875 0.6484375 0.17578125 0.6484375 0.17578125 0.69921875 0.21875 0.69921875 0.21875 0.6484375
3 0.62890625 0.6152366078125 0.5917991078125 0.6152366078125 0.5917991078125 0.66015625 0.62890625 0.66015625 0.62890625 0.6152366078125
3 0.921875 0.1933616078125 0.8300803578125 0.1933616078125 0.8300803578125 0.328125 0.921875 0.328125 0.921875 0.1933616078125
3 0.69140625 0.0371116078125 0.6425803578125 0.0371116078125 0.6425803578125 0.0800803578125 0.69140625 0.0800803578125 0.69140625 0.0371116078125
3 0.67578125 0.0800803578125 0.63671875 0.0800803578125 0.63671875 0.12109375 0.67578125 0.12109375 0.67578125 0.0800803578125
3 0.9902366078125 0.0878928578125 0.8183616078125 0.0878928578125 0.8183616078125 0.171875 0.9902366078125 0.171875 0.9902366078125 0.0878928578125
3 0.70703125 0.84375 0.6640625 0.84375 0.6640625 0.9589866078125 0.70703125 0.9589866078125 0.70703125 0.84375
3 0.921875 0.65625 0.89453125 0.65625 0.89453125 0.6796875 0.921875 0.6796875 0.921875 0.65625