3 0.9902366078125 0.1230491078125 0.8222678578125 0.1230491078125 0.8222678578125 0.5234375 0.9902366078125 0.5234375 0.9902366078125 0.1230491078125
3 0.84765625 0.2910178578125 0.6582053578125 0.2910178578125 0.6582053578125 0.3984375 0.84765625 0.3984375 0.84765625 0.2910178578125
3 0.38671875 0.78515625 0.3203125 0.78515625 0.3203125 0.8457053578125 0.38671875 0.8457053578125 0.38671875 0.78515625
3 0.4296875 0.87109375 0.33984375 0.87109375 0.33984375 0.9316428578125 0.4296875 0.9316428578125 0.4296875 0.87109375
3 0.90625 0.86328125 0.8105491078125 0.86328125 0.8105491078125 0.953125 0.90625 0.953125 0.90625 0.86328125
3 0.6855491078125 0.7402366078125 0.6191428578125 0.7402366078125 0.6191428578125 0.85546875 0.6855491078125 0.85546875 0.6855491078125 0.7402366078125
3 0.5058616078125 0.0214866078125 0.4296875 0.0214866078125 0.4296875 0.0957053578125 0.5058616078125 0.0957053578125 0.5058616078125 0.0214866078125
3 0.7480491078125 0.0019553578125 0.66796875 0.0019553578125 0.66796875 0.1152366078125 0.7480491078125 0.1152366078125 0.7480491078125 0.0019553578125
3 0.79296875 0.6386741078125 0.7421875 0.6386741078125 0.7421875 0.7089866078125 0.79296875 0.7089866078125 0.79296875 0.6386741078125
3 0.4921875 0.69140625 0.3984375 0.69140625 0.3984375 0.7636741078125 0.4921875 0.7636741078125 0.4921875 0.69140625
3 0.25390625 0.5917991078125 0.2089866078125 0.5917991078125 0.2089866078125 0.63671875 0.25390625 0.63671875 0.25390625 0.5917991078125
3 0.0996116078125 0.48046875 0.0625 0.48046875 0.0625 0.52734375 0.0996116078125 0.52734375 0.0996116078125 0.48046875
4 0.08203125 0.203125 0.0332053578125 0.203125 0.0332053578125 0.2402366078125 0.08203125 0.2402366078125 0.08203125 0.203125
4 0.0722678578125 0.10546875 0.04296875 0.10546875 0.04296875 0.1269553578125 0.0722678578125 0.1269553578125 0.0722678578125 0.10546875
4 0.8671875 0.2207053578125 0.83984375 0.2207053578125 0.83984375 0.2636741078125 0.8671875 0.2636741078125 0.8671875 0.2207053578125
4 0.98828125 0.15234375 0.9394553578125 0.15234375 0.9394553578125 0.2089866078125 0.98828125 0.2089866078125 0.98828125 0.15234375
3 0.87890625 0.64453125 0.8535178578125 0.64453125 0.8535178578125 0.6777366078125 0.87890625 0.6777366078125 0.87890625 0.64453125
3 0.9628928578125 0.6308616078125 0.92578125 0.6308616078125 0.92578125 0.66796875 0.9628928578125 0.66796875 0.9628928578125 0.6308616078125
3 0.25 0.9609375 0.2089866078125 0.9609375 0.2089866078125 0.99609375 0.25 0.99609375 0.25 0.9609375
3 0.6972678578125 0.8769553578125 0.6738303578125 0.8769553578125 0.6738303578125 0.90234375 0.6972678578125 0.90234375 0.6972678578125 0.8769553578125
3 0.0605491078125 0.59375 0.03125 0.59375 0.03125 0.6230491078125 0.0605491078125 0.6230491078125 0.0605491078125 0.59375
3 0.68359375 0.11328125 0.6621116078125 0.11328125 0.6621116078125 0.1425803578125 0.68359375 0.1425803578125 0.68359375 0.11328125
4 0.8925803578125 0.90625 0.8417991078125 0.90625 0.8417991078125 0.9472678578125 0.8925803578125 0.9472678578125 0.8925803578125 0.90625
4 0.39453125 0.8730491078125 0.3613303578125 0.8730491078125 0.3613303578125 0.9277366078125 0.39453125 0.9277366078125 0.39453125 0.8730491078125