6 0 0.8847678578125 0.33984375 0.8847678578125 0.33984375 0.54296875 0 0.54296875 0 0.8847678578125
4 0.1777366078125 0 0.1777366078125 0.046875 0.2246116078125 0.046875 0.2246116078125 0 0.1777366078125 0
8 0.16796875 0.640625 0.1171875 0.640625 0.1171875 0.703125 0.16796875 0.703125 0.16796875 0.640625
8 0.234375 0.5917991078125 0.1777366078125 0.5917991078125 0.1777366078125 0.65625 0.234375 0.65625 0.234375 0.5917991078125
8 0.3261741078125 0.5703125 0.28515625 0.5703125 0.28515625 0.61328125 0.3261741078125 0.61328125 0.3261741078125 0.5703125
5 0.3515625 0.2011741078125 0.1796875 0.2011741078125 0.1796875 0.3964866078125 0.3515625 0.3964866078125 0.3515625 0.2011741078125
4 0.9980491078125 0.7714866078125 0.984375 0.7714866078125 0.984375 0.828125 0.9980491078125 0.828125 0.9980491078125 0.7714866078125
4 0.9609375 0.8730491078125 0.9277366078125 0.8730491078125 0.9277366078125 0.9140625 0.9609375 0.9140625 0.9609375 0.8730491078125
4 0.25 0.2324241078125 0.21484375 0.2324241078125 0.21484375 0.265625 0.25 0.265625 0.25 0.2324241078125
4 0.3125 0.44336160781249995 0.2988303578125 0.44336160781249995 0.2988303578125 0.45508035781249995 0.3125 0.45508035781249995 0.3125 0.44336160781249995
8 0.296875 0.44140625 0.2832053578125 0.44140625 0.2832053578125 0.45508035781249995 0.296875 0.45508035781249995 0.296875 0.44140625