4 0.9082053578125 0.45703125 0.828125 0.45703125 0.828125 0.51171875 0.9082053578125 0.51171875 0.9082053578125 0.45703125
4 0.97265625 0.44726785781249995 0.92578125 0.44726785781249995 0.92578125 0.5 0.97265625 0.5 0.97265625 0.44726785781249995
4 0.9980491078125 0.2265625 0.9277366078125 0.2265625 0.9277366078125 0.2734375 0.9980491078125 0.2734375 0.9980491078125 0.2265625
4 0.9941428578125 0.3046875 0.95703125 0.3046875 0.95703125 0.3515625 0.9941428578125 0.3515625 0.9941428578125 0.3046875
4 0.7832053578125 0.0332053578125 0.7421875 0.0332053578125 0.7421875 0.07421875 0.7832053578125 0.07421875 0.7832053578125 0.0332053578125
4 0.8378928578125 0.0410178578125 0.7871116078125 0.0410178578125 0.7871116078125 0.1699241078125 0.8378928578125 0.1699241078125 0.8378928578125 0.0410178578125
4 0.27734375 0.9042991078125 0.1894553578125 0.9042991078125 0.1894553578125 0.9980491078125 0.27734375 0.9980491078125 0.27734375 0.9042991078125
4 0.65234375 0.8574241078125 0.5859375 0.8574241078125 0.5859375 0.93359375 0.65234375 0.93359375 0.65234375 0.8574241078125
4 0.7636741078125 0.94140625 0.7265625 0.94140625 0.7265625 0.9863303578125 0.7636741078125 0.9863303578125 0.7636741078125 0.94140625
4 0.828125 0.9707053578125 0.7832053578125 0.9707053578125 0.7832053578125 0.9980491078125 0.828125 0.9980491078125 0.828125 0.9707053578125
3 0.5214866078125 0.3886741078125 0.48046875 0.3886741078125 0.48046875 0.43164285781249995 0.5214866078125 0.43164285781249995 0.5214866078125 0.3886741078125
4 0.6699241078125 0.953125 0.6269553578125 0.953125 0.6269553578125 0.99609375 0.6699241078125 0.99609375 0.6699241078125 0.953125
4 0.5957053578125 0.029299107812500003 0.49804910781249995 0.029299107812500003 0.49804910781249995 0.0683616078125 0.5957053578125 0.0683616078125 0.5957053578125 0.029299107812500003
5 0.67578125 0.1308616078125 0.3417991078125 0.1308616078125 0.3417991078125 0.5625 0.67578125 0.5625 0.67578125 0.1308616078125
7 0 0 0 0.3125 0.16015625 0.3125 0.16015625 0 0 0
4 0.5136741078125 0.3984375 0.49414285781249995 0.3984375 0.49414285781249995 0.42383035781249995 0.5136741078125 0.42383035781249995 0.5136741078125 0.3984375
3 0.5878928578125 0.3066428578125 0.5683616078125 0.3066428578125 0.5683616078125 0.328125 0.5878928578125 0.328125 0.5878928578125 0.3066428578125