8 0.7915178578125001 0.9451130953125 0.7717321421875 0.9451130953125 0.7717321421875 0.9875119046874999 0.7915178578125001 0.9875119046874999 0.7915178578125001 0.9451130953125
8 0.583040178125 0.9611309531250001 0.5335669640625 0.9611309531250001 0.5335669640625 0.9969404765625001 0.583040178125 0.9969404765625001 0.583040178125 0.9611309531250001
8 0.5109553578125 1 0.5109553578125 0.9771488093749999 0.49045982187500003 0.9771488093749999 0.49045982187500003 1 0.5109553578125 1
8 0.73215625 0.647351190625 0.703178571875 0.647351190625 0.703178571875 0.7472321421875 0.73215625 0.7472321421875 0.73215625 0.647351190625
8 0.7314508921875 0.4080119046875 0.71378125 0.4080119046875 0.71378125 0.44098809531249994 0.7314508921875 0.44098809531249994 0.7314508921875 0.4080119046875
8 0.27703125 0.0028273812499999998 0.19929464218749998 0.0028273812499999998 0.19929464218749998 0.0669047625 0.27703125 0.0669047625 0.27703125 0.0028273812499999998
8 0.613428571875 0.0028273812499999998 0.432508928125 0.0028273812499999998 0.432508928125 0.0932857140625 0.613428571875 0.0932857140625 0.613428571875 0.0028273812499999998
8 0.5625446421875 0.1027083328125 0.5173125 0.1027083328125 0.5173125 0.16019047656250002 0.5625446421875 0.16019047656250002 0.5625446421875 0.1027083328125
8 0.5392232140625 0.10742261875 0.460071428125 0.10742261875 0.460071428125 0.241226190625 0.5392232140625 0.241226190625 0.5392232140625 0.10742261875
8 0.4614821421875 0.1262678578125 0.43957589218750004 0.1262678578125 0.43957589218750004 0.17903571406250002 0.4614821421875 0.17903571406250002 0.4614821421875 0.1262678578125
8 0.5540625 0.256303571875 0.5378080359374999 0.256303571875 0.5378080359374999 0.269494046875 0.5540625 0.269494046875 0.5540625 0.256303571875
8 0.708125 0.256303571875 0.6749107140625 0.256303571875 0.6749107140625 0.3100119046875 0.708125 0.3100119046875 0.708125 0.256303571875
8 0.6374553578125 0.299648809375 0.626147321875 0.299648809375 0.626147321875 0.330744046875 0.6374553578125 0.330744046875 0.6374553578125 0.299648809375
8 0.6530044640625 0.3985892859375 0.6367499999999999 0.3985892859375 0.6367499999999999 0.46548809531249996 0.6530044640625 0.46548809531249996 0.6530044640625 0.3985892859375
4 0.078446428125 0.1780892859375 0.0021205359375 0.1780892859375 0.0021205359375 0.2299166671875 0.078446428125 0.2299166671875 0.078446428125 0.1780892859375
4 0.1420491078125 0.3137797625 0.0028258921875 0.3137797625 0.0028258921875 0.37597023749999997 0.1420491078125 0.37597023749999997 0.1420491078125 0.3137797625
8 0.973852678125 0.231803571875 0.9618392859375 0.231803571875 0.9618392859375 0.2647797625 0.973852678125 0.2647797625 0.973852678125 0.231803571875
5 0.5293303578125 0.3580654765625 0.2713794640625 0.3580654765625 0.2713794640625 0.7076547625 0.5293303578125 0.7076547625 0.5293303578125 0.3580654765625
5 0.2381607140625 0.46077976249999997 0.10459375 0.46077976249999997 0.10459375 0.7104821421875 0.2381607140625 0.7104821421875 0.2381607140625 0.46077976249999997