3 0.40820535781249995 0.5019553578125 0.2402366078125 0.5019553578125 0.2402366078125 0.7519553578125 0.40820535781249995 0.7519553578125 0.40820535781249995 0.5019553578125
3 0.9296875 0.54296875 0.828125 0.54296875 0.828125 0.72265625 0.9296875 0.72265625 0.9296875 0.54296875
3 0.6640625 0.859375 0.52734375 0.859375 0.52734375 0.9140625 0.6640625 0.9140625 0.6640625 0.859375
4 0.2949241078125 0.2207053578125 0.1640625 0.2207053578125 0.1640625 0.3183616078125 0.2949241078125 0.3183616078125 0.2949241078125 0.2207053578125
4 0.43164285781249995 0.0800803578125 0.35546875 0.0800803578125 0.35546875 0.1503928578125 0.43164285781249995 0.1503928578125 0.43164285781249995 0.0800803578125
3 0.77734375 0.2890625 0.7246116078125 0.2890625 0.7246116078125 0.34765625 0.77734375 0.34765625 0.77734375 0.2890625
8 0.1113303578125 0.703125 0.0136741078125 0.703125 0.0136741078125 0.8261741078125 0.1113303578125 0.8261741078125 0.1113303578125 0.703125
8 0.21875 0.9003928578125 0.0859375 0.9003928578125 0.0859375 0.9921875 0.21875 0.9921875 0.21875 0.9003928578125
3 0.5644553578125 0.3046875 0.5019553578125 0.3046875 0.5019553578125 0.3496116078125 0.5644553578125 0.3496116078125 0.5644553578125 0.3046875
3 0.74609375 0.78125 0.7089866078125 0.78125 0.7089866078125 0.8339866078125 0.74609375 0.8339866078125 0.74609375 0.78125
3 0.9863303578125 0.1640625 0.94921875 0.1640625 0.94921875 0.2265625 0.9863303578125 0.2265625 0.9863303578125 0.1640625
8 0.24609375 0.25390625 0.1894553578125 0.25390625 0.1894553578125 0.2792991078125 0.24609375 0.2792991078125 0.24609375 0.25390625
8 0.41015625 0.0859375 0.3652366078125 0.0859375 0.3652366078125 0.1386741078125 0.41015625 0.1386741078125 0.41015625 0.0859375
8 0.76953125 0.3105491078125 0.75 0.3105491078125 0.75 0.33984375 0.76953125 0.33984375 0.76953125 0.3105491078125
3 0.4375 0.8730491078125 0.41796875 0.8730491078125 0.41796875 0.89453125 0.4375 0.89453125 0.4375 0.8730491078125