4 0.6035178578125 0.2265625 0.05078125 0.2265625 0.05078125 0.6113303578125 0.6035178578125 0.6113303578125 0.6035178578125 0.2265625
3 0.94140625 0.0019553578125 0.6953125 0.0019553578125 0.6953125 0.13671875 0.94140625 0.13671875 0.94140625 0.0019553578125
3 0.9921875 0.3359375 0.8515625 0.3359375 0.8515625 0.44921875 0.9921875 0.44921875 0.9921875 0.3359375
3 0.8183616078125 0.7207053578125 0.7089866078125 0.7207053578125 0.7089866078125 0.86328125 0.8183616078125 0.86328125 0.8183616078125 0.7207053578125
5 0.6660178578125 0.25 0.2714866078125 0.25 0.2714866078125 0.4609375 0.6660178578125 0.4609375 0.6660178578125 0.25
3 0.48828125 0.796875 0.43164285781249995 0.796875 0.43164285781249995 0.8496116078125 0.48828125 0.8496116078125 0.48828125 0.796875
3 0.125 0.5175803578125 0.0527366078125 0.5175803578125 0.0527366078125 0.5878928578125 0.125 0.5878928578125 0.125 0.5175803578125
8 0.265625 0.984375 0.2441428578125 0.984375 0.2441428578125 0.99609375 0.265625 0.99609375 0.265625 0.984375
8 0 0.83984375 0.01171875 0.83984375 0.01171875 0.8183616078125 0 0.8183616078125 0 0.83984375
3 0.7480491078125 0.54296875 0.71484375 0.54296875 0.71484375 0.5703125 0.7480491078125 0.5703125 0.7480491078125 0.54296875
3 0.8359375 0.4609375 0.8144553578125 0.4609375 0.8144553578125 0.49609375 0.8359375 0.49609375 0.8359375 0.4609375
3 0.8535178578125 0.43164285781249995 0.8359375 0.43164285781249995 0.8359375 0.44921875 0.8535178578125 0.44921875 0.8535178578125 0.43164285781249995
3 0.1972678578125 0.578125 0.1777366078125 0.578125 0.1777366078125 0.59765625 0.1972678578125 0.59765625 0.1972678578125 0.578125
3 0.1621116078125 0.55859375 0.13671875 0.55859375 0.13671875 0.58984375 0.1621116078125 0.58984375 0.1621116078125 0.55859375
3 0.22265625 0.3378928578125 0.1699241078125 0.3378928578125 0.1699241078125 0.3808616078125 0.22265625 0.3808616078125 0.22265625 0.3378928578125