3 0.2128928578125 0.0703125 0.1328125 0.0703125 0.1328125 0.1464866078125 0.2128928578125 0.1464866078125 0.2128928578125 0.0703125
3 0.17578125 0.37890625 0.078125 0.37890625 0.078125 0.5175803578125 0.17578125 0.5175803578125 0.17578125 0.37890625
3 0.7285178578125 0.55859375 0.6738303578125 0.55859375 0.6738303578125 0.625 0.7285178578125 0.625 0.7285178578125 0.55859375
3 0.8730491078125 0.40234375 0.7753928578125 0.40234375 0.7753928578125 0.5175803578125 0.8730491078125 0.5175803578125 0.8730491078125 0.40234375
3 0.8574241078125 0.5878928578125 0.7949241078125 0.5878928578125 0.7949241078125 0.6738303578125 0.8574241078125 0.6738303578125 0.8574241078125 0.5878928578125
3 0.7089866078125 0.7128928578125 0.671875 0.7128928578125 0.671875 0.7578125 0.7089866078125 0.7578125 0.7089866078125 0.7128928578125
3 0.3222678578125 0.55078125 0.2792991078125 0.55078125 0.2792991078125 0.6015625 0.3222678578125 0.6015625 0.3222678578125 0.55078125
8 0.2988303578125 0.8144553578125 0.2636741078125 0.8144553578125 0.2636741078125 0.8847678578125 0.2988303578125 0.8847678578125 0.2988303578125 0.8144553578125
8 0.2792991078125 0.65625 0.2421875 0.65625 0.2421875 0.7167991078125 0.2792991078125 0.7167991078125 0.2792991078125 0.65625
8 0.40820535781249995 0.7714866078125 0.3652366078125 0.7714866078125 0.3652366078125 0.8457053578125 0.40820535781249995 0.8457053578125 0.40820535781249995 0.7714866078125
8 0.45898660781249995 0.8457053578125 0.39453125 0.8457053578125 0.39453125 0.9140625 0.45898660781249995 0.9140625 0.45898660781249995 0.8457053578125
8 0.6582053578125 0.65234375 0.6015625 0.65234375 0.6015625 0.7109375 0.6582053578125 0.7109375 0.6582053578125 0.65234375
8 0.6699241078125 0.6152366078125 0.65234375 0.6152366078125 0.65234375 0.640625 0.6699241078125 0.640625 0.6699241078125 0.6152366078125
8 0.3105491078125 0.5800803578125 0.2910178578125 0.5800803578125 0.2910178578125 0.59375 0.3105491078125 0.59375 0.3105491078125 0.5800803578125
8 0.2832053578125 0.546875 0.265625 0.546875 0.265625 0.6113303578125 0.2832053578125 0.6113303578125 0.2832053578125 0.546875
8 0.21484375 0.40625 0.19921875 0.40625 0.19921875 0.43164285781249995 0.21484375 0.43164285781249995 0.21484375 0.40625
8 0.18359375 0.12109375 0.1699241078125 0.12109375 0.1699241078125 0.13671875 0.18359375 0.13671875 0.18359375 0.12109375
8 0.5097678578125 0.76171875 0.46875 0.76171875 0.46875 0.82421875 0.5097678578125 0.82421875 0.5097678578125 0.76171875
8 0.5332053578125 0.8203125 0.47265625 0.8203125 0.47265625 0.8417991078125 0.5332053578125 0.8417991078125 0.5332053578125 0.8203125
8 0.41601785781249995 0.6464866078125 0.39453125 0.6464866078125 0.39453125 0.6582053578125 0.41601785781249995 0.6582053578125 0.41601785781249995 0.6464866078125
8 0.25 0.6113303578125 0.2207053578125 0.6113303578125 0.2207053578125 0.62890625 0.25 0.62890625 0.25 0.6113303578125
8 0.1503928578125 0.3847678578125 0.09765625 0.3847678578125 0.09765625 0.43554910781249995 0.1503928578125 0.43554910781249995 0.1503928578125 0.3847678578125
8 0.11328125 0.44726785781249995 0.09765625 0.44726785781249995 0.09765625 0.46875 0.11328125 0.46875 0.11328125 0.44726785781249995
8 0.15234375 0.44140625 0.1347678578125 0.44140625 0.1347678578125 0.46875 0.15234375 0.46875 0.15234375 0.44140625
8 0.84375 0.42773660781249995 0.8222678578125 0.42773660781249995 0.8222678578125 0.45898660781249995 0.84375 0.45898660781249995 0.84375 0.42773660781249995
8 0.8359375 0.484375 0.8203125 0.484375 0.8203125 0.5078125 0.8359375 0.5078125 0.8359375 0.484375
8 0.8261741078125 0.6113303578125 0.81640625 0.6113303578125 0.81640625 0.6269553578125 0.8261741078125 0.6269553578125 0.8261741078125 0.6113303578125
8 0.8515625 0.63671875 0.83984375 0.63671875 0.83984375 0.6660178578125 0.8515625 0.6660178578125 0.8515625 0.63671875
8 0.703125 0.5996116078125 0.69140625 0.5996116078125 0.69140625 0.61328125 0.703125 0.61328125 0.703125 0.5996116078125