3 0.8850982140625 0.141927375 0.8621205359375 0.141927375 0.8621205359375 0.175324021875 0.8850982140625 0.175324021875 0.8850982140625 0.141927375
3 0.8576741078125 0.073284915625 0.8428482140625 0.073284915625 0.8428482140625 0.0927653625 0.8576741078125 0.0927653625 0.8576741078125 0.073284915625
3 0.870272321875 0.0936927375 0.8524821421875 0.0936927375 0.8524821421875 0.11688268125000001 0.870272321875 0.11688268125000001 0.870272321875 0.0936927375
3 0.8346919640625 0.0751396640625 0.818383928125 0.0751396640625 0.818383928125 0.0936927375 0.8346919640625 0.0936927375 0.8346919640625 0.0751396640625
3 0.7820625 0.06493296093749999 0.7672366078125 0.06493296093749999 0.7672366078125 0.09091061406249999 0.7820625 0.09091061406249999 0.7820625 0.06493296093749999
3 0.8220892859375001 0.121519553125 0.801334821875 0.121519553125 0.801334821875 0.14749720625 0.8220892859375001 0.14749720625 0.8220892859375001 0.121519553125
3 0.841366071875 0.1252346375 0.825053571875 0.1252346375 0.825053571875 0.1539888265625 0.841366071875 0.1539888265625 0.841366071875 0.1252346375
3 0.855446428125 0.153061453125 0.838397321875 0.153061453125 0.838397321875 0.1855307265625 0.855446428125 0.1855307265625 0.855446428125 0.153061453125
3 0.07561160781250001 0.11502793281249998 0.0437366078125 0.11502793281249998 0.0437366078125 0.1576983234375 0.07561160781250001 0.1576983234375 0.07561160781250001 0.11502793281249998
3 0.876946428125 0.238407821875 0.8072633921874999 0.238407821875 0.8072633921874999 0.32653072656250004 0.876946428125 0.32653072656250004 0.876946428125 0.238407821875
3 0.8962187500000001 0.1576983234375 0.7835446421875 0.1576983234375 0.7835446421875 0.2439720671875 0.8962187500000001 0.2439720671875 0.8962187500000001 0.1576983234375
3 0.855446428125 0.000927375 0.7976294640625 0.000927375 0.7976294640625 0.0714301671875 0.855446428125 0.0714301671875 0.855446428125 0.000927375
3 0.923647321875 0.0955474859375 0.9036339281249999 0.0955474859375 0.9036339281249999 0.121519553125 0.923647321875 0.121519553125 0.923647321875 0.0955474859375
3 0.302446428125 0.1539888265625 0.2750178578125 0.1539888265625 0.2750178578125 0.17996089375 0.302446428125 0.17996089375 0.302446428125 0.1539888265625
3 0.2031116078125 0.32653072656250004 0.1838392859375 0.32653072656250004 0.1838392859375 0.35250837968750004 0.2031116078125 0.35250837968750004 0.2031116078125 0.32653072656250004
3 0.3684196421875 0.1660502796875 0.3447008921875 0.1660502796875 0.3447008921875 0.1938770953125 0.3684196421875 0.1938770953125 0.3684196421875 0.1660502796875
3 0.6174955359375 0.16790502812500002 0.5967366078125 0.16790502812500002 0.5967366078125 0.1938770953125 0.6174955359375 0.1938770953125 0.6174955359375 0.16790502812500002
3 0.6501116078125 0.17996089375 0.6308392859375 0.17996089375 0.6308392859375 0.2040837984375 0.6501116078125 0.2040837984375 0.6501116078125 0.17996089375
3 0.61971875 0.199446928125 0.6004464281249999 0.199446928125 0.6004464281249999 0.22356424531250002 0.61971875 0.22356424531250002 0.61971875 0.199446928125
8 0.43958482187500003 0.6066815640625001 0.41808928593749994 0.6066815640625001 0.41808928593749994 0.628944134375 0.43958482187500003 0.628944134375 0.43958482187500003 0.6066815640625001
8 0.547071428125 0.699446928125 0.52928125 0.699446928125 0.52928125 0.721709496875 0.547071428125 0.721709496875 0.547071428125 0.699446928125
8 0.561897321875 0.7115083796875 0.5515178578125 0.7115083796875 0.5515178578125 0.73377095 0.561897321875 0.73377095 0.561897321875 0.7115083796875
8 0.5263169640625 0.7133631281249999 0.5085267859375 0.7133631281249999 0.5085267859375 0.73377095 0.5263169640625 0.73377095 0.5263169640625 0.7133631281249999
8 0.5581919640625 0.6512067046875 0.5418839281250001 0.6512067046875 0.5418839281250001 0.6651229046875 0.5581919640625 0.6651229046875 0.5581919640625 0.6512067046875
8 0.5900669640625 0.6567765359375 0.5745 0.6567765359375 0.5745 0.6836759781249999 0.5900669640625 0.6836759781249999 0.5900669640625 0.6567765359375
8 0.6293571421874999 0.7013016765625 0.6004464281249999 0.7013016765625 0.6004464281249999 0.745826815625 0.6293571421874999 0.745826815625 0.6293571421874999 0.7013016765625
8 0.6034107140625 0.7096480453125 0.587102678125 0.7096480453125 0.587102678125 0.73377095 0.6034107140625 0.73377095 0.6034107140625 0.7096480453125
8 0.6501116078125 0.5964748609375 0.6160133921875001 0.5964748609375 0.6160133921875001 0.6307988828125 0.6501116078125 0.6307988828125 0.6501116078125 0.5964748609375
8 0.677540178125 0.6855307265625 0.6612321421875 0.6855307265625 0.6612321421875 0.7115083796875 0.677540178125 0.7115083796875 0.677540178125 0.6855307265625
8 0.65159375 0.7133631281249999 0.6338035718749999 0.7133631281249999 0.6338035718749999 0.737480446875 0.65159375 0.737480446875 0.65159375 0.7133631281249999
8 0.5811696421875 0.9146592171875 0.5596741078125 0.9146592171875 0.5596741078125 0.94527374375 0.5811696421875 0.94527374375 0.5811696421875 0.9146592171875
8 0.7702008921875 0.9211564250000001 0.7449955359375 0.9211564250000001 0.7449955359375 0.9536201125 0.7702008921875 0.9536201125 0.7702008921875 0.9211564250000001
8 0.8398794640625 0.16419553125 0.8109732140625001 0.16419553125 0.8109732140625001 0.205938546875 0.8398794640625 0.205938546875 0.8398794640625 0.16419553125
7 0.9696071421875001 0.8423016765625 0.8087455359375 0.8423016765625 0.8087455359375 0.9972234640625001 0.9696071421875001 0.9972234640625001 0.9696071421875001 0.8423016765625
5 0.6997767859375 0.2801508375 0.1245357140625 0.2801508375 0.1245357140625 0.9165139671875 0.6997767859375 0.9165139671875 0.6997767859375 0.2801508375
3 0.620459821875 0.1539888265625 0.4225357140625 0.1539888265625 0.4225357140625 0.2903519546875 0.620459821875 0.2903519546875 0.620459821875 0.1539888265625
3 0.759821428125 0.269016759375 0.620459821875 0.269016759375 0.620459821875 0.7801508375 0.759821428125 0.7801508375 0.759821428125 0.269016759375
3 0.042254464062500004 0 0.042254464062500004 0.269016759375 0.4217946421875 0.269016759375 0.4217946421875 0 0.042254464062500004 0
3 0.1971830359375 0.5120614531250001 0.032616071875 0.5120614531250001 0.032616071875 0.658631284375 0.1971830359375 0.658631284375 0.1971830359375 0.5120614531250001
3 0.1341741078125 0.7003743015625 0.0066696421875 0.7003743015625 0.0066696421875 0.940636871875 0.1341741078125 0.940636871875 0.1341741078125 0.7003743015625
3 0.23499107187499998 0.2949944140625 0.0029642859375 0.2949944140625 0.0029642859375 0.47495530781250006 0.23499107187499998 0.47495530781250006 0.23499107187499998 0.2949944140625
3 0.5077857140625001 0.31168715156250004 0.4358794640625 0.31168715156250004 0.4358794640625 0.39888826875 0.5077857140625001 0.39888826875 0.5077857140625001 0.31168715156250004
3 0.6819866078125 0.481446928125 0.565602678125 0.481446928125 0.565602678125 0.5723575421875 0.6819866078125 0.5723575421875 0.6819866078125 0.481446928125
3 0.6753169640625 0.603899440625 0.535209821875 0.603899440625 0.535209821875 0.7495419 0.6753169640625 0.7495419 0.6753169640625 0.603899440625
3 0.8502589281249999 0.8877597765624999 0.71015625 0.8877597765624999 0.71015625 0.9851620109375 0.8502589281249999 0.9851620109375 0.8502589281249999 0.8877597765624999
8 0.83246875 0.9350670390625 0.819125 0.9350670390625 0.819125 0.9489832406250001 0.83246875 0.9489832406250001 0.83246875 0.9350670390625
8 0.6167544640625 0.175324021875 0.6048928578125 0.175324021875 0.6048928578125 0.1929497203125 0.6167544640625 0.1929497203125 0.6167544640625 0.175324021875
8 0.6160133921875001 0.1985139671875 0.6048928578125 0.1985139671875 0.6048928578125 0.21428491562500002 0.6160133921875001 0.21428491562500002 0.6160133921875001 0.1985139671875
8 0.645665178125 0.1855307265625 0.6367678578125 0.1855307265625 0.6367678578125 0.19573184375 0.645665178125 0.19573184375 0.645665178125 0.1855307265625
8 0.8317276781249999 0.0797765359375 0.8220892859375001 0.0797765359375 0.8220892859375001 0.0872011171875 0.8317276781249999 0.0872011171875 0.8317276781249999 0.0797765359375
8 0.779834821875 0.0723575421875 0.773165178125 0.0723575421875 0.773165178125 0.08627374374999999 0.779834821875 0.08627374374999999 0.779834821875 0.0723575421875
8 0.0674553578125 0.1252346375 0.0489241078125 0.1252346375 0.0489241078125 0.141927375 0.0674553578125 0.141927375 0.0674553578125 0.1252346375