4 0.54296875 0.0878928578125 0.2441428578125 0.0878928578125 0.2441428578125 0.32421875 0.54296875 0.32421875 0.54296875 0.0878928578125
4 0.421875 0.30078125 0.2753928578125 0.30078125 0.2753928578125 0.5097678578125 0.421875 0.5097678578125 0.421875 0.30078125
4 0.2128928578125 0.7988303578125 0.1347678578125 0.7988303578125 0.1347678578125 0.89453125 0.2128928578125 0.89453125 0.2128928578125 0.7988303578125
4 0.28125 0.67578125 0.22265625 0.67578125 0.22265625 0.75390625 0.28125 0.75390625 0.28125 0.67578125
4 0.375 0.78515625 0.33984375 0.78515625 0.33984375 0.87109375 0.375 0.87109375 0.375 0.78515625
4 0.359375 0.9296875 0.3183616078125 0.9296875 0.3183616078125 0.99609375 0.359375 0.99609375 0.359375 0.9296875
4 0.3847678578125 0.6640625 0.3300803578125 0.6640625 0.3300803578125 0.7324241078125 0.3847678578125 0.7324241078125 0.3847678578125 0.6640625
4 0.15625 0.41796875 0.0800803578125 0.41796875 0.0800803578125 0.5253928578125 0.15625 0.5253928578125 0.15625 0.41796875
3 0.76953125 0.87109375 0.6933616078125 0.87109375 0.6933616078125 0.94140625 0.76953125 0.94140625 0.76953125 0.87109375
3 0.5859375 0.3847678578125 0.51953125 0.3847678578125 0.51953125 0.49023660781249995 0.5859375 0.49023660781249995 0.5859375 0.3847678578125
3 0.9863303578125 0.7714866078125 0.94921875 0.7714866078125 0.94921875 0.8339866078125 0.9863303578125 0.8339866078125 0.9863303578125 0.7714866078125
3 0.234375 0.1074241078125 0.19921875 0.1074241078125 0.19921875 0.1464866078125 0.234375 0.1464866078125 0.234375 0.1074241078125
3 0.6074241078125 0.5371116078125 0.5859375 0.5371116078125 0.5859375 0.56640625 0.6074241078125 0.56640625 0.6074241078125 0.5371116078125
3 0.62109375 0.6152366078125 0.5917991078125 0.6152366078125 0.5917991078125 0.65234375 0.62109375 0.65234375 0.62109375 0.6152366078125
3 0.9082053578125 0.62109375 0.8808616078125 0.62109375 0.8808616078125 0.6464866078125 0.9082053578125 0.6464866078125 0.9082053578125 0.62109375
3 0.96484375 0.55859375 0.9453125 0.55859375 0.9453125 0.58203125 0.96484375 0.58203125 0.96484375 0.55859375
3 0.6171875 0.7734375 0.5878928578125 0.7734375 0.5878928578125 0.8066428578125 0.6171875 0.8066428578125 0.6171875 0.7734375
3 0.5566428578125 0.82421875 0.5234375 0.82421875 0.5234375 0.859375 0.5566428578125 0.859375 0.5566428578125 0.82421875
3 0.13671875 0.43554910781249995 0.0878928578125 0.43554910781249995 0.0878928578125 0.5019553578125 0.13671875 0.5019553578125 0.13671875 0.43554910781249995
8 0.9707053578125 0.78515625 0.95703125 0.78515625 0.95703125 0.8027366078125 0.9707053578125 0.8027366078125 0.9707053578125 0.78515625