8 0.30078125 0.0410178578125 0.1484375 0.0410178578125 0.1484375 0.1484375 0.30078125 0.1484375 0.30078125 0.0410178578125
3 0.47851785781249995 0.46679910781249995 0.41211160781249995 0.46679910781249995 0.41211160781249995 0.5175803578125 0.47851785781249995 0.5175803578125 0.47851785781249995 0.46679910781249995
4 0.8222678578125 0.2421875 0.7832053578125 0.2421875 0.7832053578125 0.2890625 0.8222678578125 0.2890625 0.8222678578125 0.2421875
4 0.90234375 0.8105491078125 0.8417991078125 0.8105491078125 0.8417991078125 0.8691428578125 0.90234375 0.8691428578125 0.90234375 0.8105491078125
4 0.46875 0.47461160781249995 0.41796875 0.47461160781249995 0.41796875 0.515625 0.46875 0.515625 0.46875 0.47461160781249995
4 0.6542991078125 0.38671875 0.5917991078125 0.38671875 0.5917991078125 0.46484375 0.6542991078125 0.46484375 0.6542991078125 0.38671875
4 0.2558616078125 0.47851785781249995 0.21484375 0.47851785781249995 0.21484375 0.5175803578125 0.2558616078125 0.5175803578125 0.2558616078125 0.47851785781249995
4 0.2832053578125 0.48046875 0.2675803578125 0.48046875 0.2675803578125 0.5 0.2832053578125 0.5 0.2832053578125 0.48046875
4 0.43554910781249995 0.72265625 0.4140625 0.72265625 0.4140625 0.7753928578125 0.43554910781249995 0.7753928578125 0.43554910781249995 0.72265625
4 0.4375 0.84375 0.41211160781249995 0.84375 0.41211160781249995 0.8964866078125 0.4375 0.8964866078125 0.4375 0.84375
4 0.26171875 0.5800803578125 0.234375 0.5800803578125 0.234375 0.6230491078125 0.26171875 0.6230491078125 0.26171875 0.5800803578125
4 0.29296875 0.0449241078125 0.1484375 0.0449241078125 0.1484375 0.140625 0.29296875 0.140625 0.29296875 0.0449241078125
4 0.13671875 0.8847678578125 0.0703125 0.8847678578125 0.0703125 0.95703125 0.13671875 0.95703125 0.13671875 0.8847678578125
8 0.1152366078125 0.90625 0.0800803578125 0.90625 0.0800803578125 0.9394553578125 0.1152366078125 0.9394553578125 0.1152366078125 0.90625