3 0.44477232187500004 0.43784916249999994 0.384727678125 0.43784916249999994 0.384727678125 0.496290503125 0.44477232187500004 0.496290503125 0.44477232187500004 0.43784916249999994
3 0.2461071421875 0.19480446875 0.1074866078125 0.19480446875 0.1074866078125 0.3905419 0.2461071421875 0.3905419 0.2461071421875 0.19480446875
3 0.10896874999999999 0.3729162015625 0.0696830359375 0.3729162015625 0.0696830359375 0.41744134062500005 0.10896874999999999 0.41744134062500005 0.10896874999999999 0.3729162015625
3 0.136397321875 0.4109497203125 0.0570803578125 0.4109497203125 0.0570803578125 0.5064972062499999 0.136397321875 0.5064972062499999 0.136397321875 0.4109497203125
3 0.249071428125 0.503715084375 0.1519642859375 0.503715084375 0.1519642859375 0.6372960890625 0.249071428125 0.6372960890625 0.249071428125 0.503715084375
3 0.3232008921875 0.6577039109375 0.270571428125 0.6577039109375 0.270571428125 0.7244916203125 0.3232008921875 0.7244916203125 0.3232008921875 0.6577039109375
3 0.4366205359375 0.5732849156250001 0.339508928125 0.5732849156250001 0.339508928125 0.7077932953125 0.4366205359375 0.7077932953125 0.4366205359375 0.5732849156250001
3 0.8421071421875 0.47588268125 0.6679017859374999 0.47588268125 0.6679017859374999 0.5445307265625 0.8421071421875 0.5445307265625 0.8421071421875 0.47588268125
3 0.8213482140625 0.71057541875 0.754633928125 0.71057541875 0.754633928125 0.7931396640624999 0.8213482140625 0.7931396640624999 0.8213482140625 0.71057541875
3 0.1927366078125 0.081631284375 0.1571517859375 0.081631284375 0.1571517859375 0.11781005625 0.1927366078125 0.11781005625 0.1927366078125 0.081631284375
8 0.9117857140625001 0.53896089375 0.895477678125 0.53896089375 0.895477678125 0.57050279375 0.9117857140625001 0.57050279375 0.9117857140625001 0.53896089375
8 0.9985178578125 0.6150279328125 0.9733124999999999 0.6150279328125 0.9733124999999999 0.67811173125 0.9985178578125 0.67811173125 0.9985178578125 0.6150279328125
8 0.9903616078124999 0.6966648046875 0.9065982140625 0.6966648046875 0.9065982140625 0.746754190625 0.9903616078124999 0.746754190625 0.9903616078124999 0.6966648046875
8 0.9970357140624999 0.753251396875 0.9762767859375 0.753251396875 0.9762767859375 0.7829329609375 0.9970357140624999 0.7829329609375 0.9970357140624999 0.753251396875
8 0.9065982140625 0.9063128484374999 0.8710133921875001 0.9063128484374999 0.8710133921875001 0.94434636875 0.9065982140625 0.94434636875 0.9065982140625 0.9063128484374999
8 0.8080044640624999 0.92857541875 0.7842857140625 0.92857541875 0.7842857140625 0.995363128125 0.8080044640624999 0.995363128125 0.8080044640624999 0.92857541875
8 0.8762053578125 0.9471284921875001 0.8213482140625 0.9471284921875001 0.8213482140625 0.995363128125 0.8762053578125 0.995363128125 0.8762053578125 0.9471284921875001
8 0.4492232140625 0.918368715625 0.4217946421875 0.918368715625 0.4217946421875 0.9675363125 0.4492232140625 0.9675363125 0.4492232140625 0.918368715625
8 0.5515178578125 0.6577039109375 0.5062991078125 0.6577039109375 0.5062991078125 0.718 0.5515178578125 0.718 0.5515178578125 0.6577039109375
8 0.5025937500000001 0.736553071875 0.4773928578125 0.736553071875 0.4773928578125 0.769022346875 0.5025937500000001 0.769022346875 0.5025937500000001 0.736553071875
8 0.16234375 0.7755139671875 0.13120982187500002 0.7755139671875 0.13120982187500002 0.8237486031250001 0.16234375 0.8237486031250001 0.16234375 0.7755139671875
3 0.26241517812500004 0.3645642453125 0.2409196421875 0.3645642453125 0.2409196421875 0.41280446875 0.26241517812500004 0.41280446875 0.26241517812500004 0.3645642453125
3 0.32023660781249996 0.35621787656250004 0.297258928125 0.35621787656250004 0.297258928125 0.3849720671875 0.32023660781249996 0.3849720671875 0.32023660781249996 0.35621787656250004
3 0.4640491078125 0.18645810000000002 0.42327678593750007 0.18645810000000002 0.42327678593750007 0.21706703906249997 0.4640491078125 0.21706703906249997 0.4640491078125 0.18645810000000002
8 0.709415178125 0.57050279375 0.677540178125 0.57050279375 0.677540178125 0.643787709375 0.709415178125 0.643787709375 0.709415178125 0.57050279375
8 0.7205357140624999 0.6512067046875 0.68865625 0.6512067046875 0.68865625 0.714290503125 0.7205357140624999 0.714290503125 0.7205357140624999 0.6512067046875
8 0.722758928125 0.722636871875 0.6805044640625 0.722636871875 0.6805044640625 0.7810782125 0.722758928125 0.7810782125 0.722758928125 0.722636871875
3 0.8888080359374999 0.6113184359375 0.7657544640625 0.6113184359375 0.7657544640625 0.6641955312500001 0.8888080359374999 0.6641955312500001 0.8888080359374999 0.6113184359375
3 0.684209821875 0.738407821875 0.625647321875 0.738407821875 0.625647321875 0.7968491625 0.684209821875 0.7968491625 0.684209821875 0.738407821875
3 0.9243883921875 0.269016759375 0.8888080359374999 0.269016759375 0.8888080359374999 0.307977653125 0.9243883921875 0.307977653125 0.9243883921875 0.269016759375
5 0.0733883921875 0.11131843593749999 0.008897321875 0.11131843593749999 0.008897321875 0.4434134078125 0.0733883921875 0.4434134078125 0.0733883921875 0.11131843593749999
8 0.39584821406250004 0.542675978125 0.3869553578125 0.542675978125 0.3869553578125 0.5547318437500001 0.39584821406250004 0.5547318437500001 0.39584821406250004 0.542675978125
8 0.41141517812500006 0.5565865921875 0.39955357187499996 0.5565865921875 0.39955357187499996 0.5732849156250001 0.41141517812500006 0.5732849156250001 0.41141517812500006 0.5565865921875
8 0.213491071875 0.30519553125 0.1957008921875 0.30519553125 0.1957008921875 0.33024022343750004 0.213491071875 0.33024022343750004 0.213491071875 0.30519553125
8 0.2031116078125 0.33024022343750004 0.18680357187500002 0.33024022343750004 0.18680357187500002 0.35250837968750004 0.2031116078125 0.35250837968750004 0.2031116078125 0.33024022343750004
8 0.158633928125 0.26437988749999997 0.140102678125 0.26437988749999997 0.140102678125 0.2838603359375 0.158633928125 0.2838603359375 0.158633928125 0.26437988749999997
8 0.153446428125 0.277368715625 0.136397321875 0.277368715625 0.136397321875 0.29777653593750003 0.153446428125 0.29777653593750003 0.153446428125 0.277368715625
8 0.153446428125 0.2077932953125 0.1341741078125 0.2077932953125 0.1341741078125 0.2291284921875 0.153446428125 0.2291284921875 0.153446428125 0.2077932953125
8 0.04521875 0.22170949687500002 0.017790178125 0.22170949687500002 0.017790178125 0.25603352031250004 0.04521875 0.25603352031250004 0.04521875 0.22170949687500002
8 0.1890267859375 0.2439720671875 0.171977678125 0.2439720671875 0.171977678125 0.2662346375 0.1890267859375 0.2662346375 0.1890267859375 0.2439720671875
8 0.2594508921875 0.3840446921875 0.2468482140625 0.3840446921875 0.2468482140625 0.4053798875 0.2594508921875 0.4053798875 0.2594508921875 0.3840446921875
8 0.1223125 0.44155865937499994 0.10007589218749999 0.44155865937499994 0.10007589218749999 0.47124580937499994 0.1223125 0.47124580937499994 0.1223125 0.44155865937499994
8 0.208303571875 0.5269050281250001 0.1882857140625 0.5269050281250001 0.1882857140625 0.5556592171875 0.208303571875 0.5556592171875 0.208303571875 0.5269050281250001
8 0.19421875 0.5482402234375 0.17271875 0.5482402234375 0.17271875 0.57050279375 0.19421875 0.57050279375 0.19421875 0.5482402234375
8 0.245366071875 0.5482402234375 0.2327633921875 0.5482402234375 0.2327633921875 0.5640111734375 0.245366071875 0.5640111734375 0.245366071875 0.5482402234375
8 0.1912544640625 0.6660502796875 0.1779107140625 0.6660502796875 0.1779107140625 0.67811173125 0.1912544640625 0.67811173125 0.1912544640625 0.6660502796875
8 0.2053392859375 0.7040837984375 0.1890267859375 0.7040837984375 0.1890267859375 0.718927375 0.2053392859375 0.718927375 0.2053392859375 0.7040837984375
8 0.2965178578125 0.6558491625 0.2787232140625 0.6558491625 0.2787232140625 0.6753296093750001 0.2965178578125 0.6753296093750001 0.2965178578125 0.6558491625
8 0.31653125000000004 0.6688324015625 0.2920669640625 0.6688324015625 0.2920669640625 0.7040837984375 0.31653125000000004 0.7040837984375 0.31653125000000004 0.6688324015625
8 0.2957767859375 0.6836759781249999 0.2727946421875 0.6836759781249999 0.2727946421875 0.706865921875 0.2957767859375 0.706865921875 0.2957767859375 0.6836759781249999
8 0.7627857140625001 0.5593743015625 0.7501875 0.5593743015625 0.7501875 0.5834916203125 0.7627857140625001 0.5834916203125 0.7627857140625001 0.5593743015625
8 0.746477678125 0.50742458125 0.73684375 0.50742458125 0.73684375 0.5231955312500001 0.746477678125 0.5231955312500001 0.746477678125 0.50742458125
8 0.68865625 0.4842346375 0.670125 0.4842346375 0.670125 0.49443575468749995 0.68865625 0.49443575468749995 0.68865625 0.4842346375
3 0.845071428125 0.464754190625 0.4492232140625 0.464754190625 0.4492232140625 0.636368715625 0.845071428125 0.636368715625 0.845071428125 0.464754190625
3 0.754633928125 0.7987039109375 0.716084821875 0.7987039109375 0.716084821875 0.8812625703125001 0.754633928125 0.8812625703125001 0.754633928125 0.7987039109375
3 0.733875 0.8803351953125 0.716084821875 0.8803351953125 0.716084821875 0.9081675984375 0.733875 0.9081675984375 0.733875 0.8803351953125
3 0.25722767812499997 0.644715084375 0.16753125 0.644715084375 0.16753125 0.8107653625 0.25722767812499997 0.8107653625 0.25722767812499997 0.644715084375
3 0.200147321875 0.9128044687499999 0.1838392859375 0.9128044687499999 0.1838392859375 0.939709496875 0.200147321875 0.939709496875 0.200147321875 0.9128044687499999
7 0.21793749999999998 0 0.21793749999999998 0.277368715625 0.7071919640625 0.277368715625 0.7071919640625 0 0.21793749999999998 0