5 0.3652366078125 0.49023660781249995 0.0527366078125 0.49023660781249995 0.0527366078125 0.9433616078125 0.3652366078125 0.9433616078125 0.3652366078125 0.49023660781249995
6 0.5078125 0.625 0.22265625 0.625 0.22265625 0.984375 0.5078125 0.984375 0.5078125 0.625
7 0.9628928578125 0.8046875 0.7578125 0.8046875 0.7578125 0.984375 0.9628928578125 0.984375 0.9628928578125 0.8046875
4 0.37109375 0.0136741078125 0.26953125 0.0136741078125 0.26953125 0.07421875 0.37109375 0.07421875 0.37109375 0.0136741078125
4 0.32421875 0.1503928578125 0.28515625 0.1503928578125 0.28515625 0.19140625 0.32421875 0.19140625 0.32421875 0.1503928578125
4 0.33203125 0.2207053578125 0.2988303578125 0.2207053578125 0.2988303578125 0.2636741078125 0.33203125 0.2636741078125 0.33203125 0.2207053578125
8 0.02734375 0.21875 0.00390625 0.21875 0.00390625 0.2753928578125 0.02734375 0.2753928578125 0.02734375 0.21875
8 0.0214866078125 0.35546875 0.0058616078125 0.35546875 0.0058616078125 0.41015625 0.0214866078125 0.41015625 0.0214866078125 0.35546875
2 0.7636741078125 0.31640625 0.38671875 0.31640625 0.38671875 0.5996116078125 0.7636741078125 0.5996116078125 0.7636741078125 0.31640625
1 0.73046875 0.3027366078125 0.5839866078125 0.3027366078125 0.5839866078125 0.44140625 0.73046875 0.44140625 0.73046875 0.3027366078125
1 0.69140625 0.3925803578125 0.296875 0.3925803578125 0.296875 0.8769553578125 0.69140625 0.8769553578125 0.69140625 0.3925803578125
1 0.3359375 0.5058616078125 0.0625 0.5058616078125 0.0625 0.9316428578125 0.3359375 0.9316428578125 0.3359375 0.5058616078125
8 0.4921875 0.6660178578125 0.48242410781249995 0.6660178578125 0.48242410781249995 0.6777366078125 0.4921875 0.6777366078125 0.4921875 0.6660178578125
8 0.3457053578125 0.015625 0.3203125 0.015625 0.3203125 0.03515625 0.3457053578125 0.03515625 0.3457053578125 0.015625
2 0.9921875 0.00390625 0.61328125 0.00390625 0.61328125 0.9921875 0.9921875 0.9921875 0.9921875 0.00390625
7 0.46875 0.875 0.2402366078125 0.875 0.2402366078125 0.9921875 0.46875 0.9921875 0.46875 0.875