6 0.43945535781249995 0.61328125 0.1582053578125 0.61328125 0.1582053578125 0.99609375 0.43945535781249995 0.99609375 0.43945535781249995 0.61328125
7 0.9980491078125 0.7265625 0.7421875 0.7265625 0.7421875 0.9921875 0.9980491078125 0.9921875 0.9980491078125 0.7265625
7 0.6855491078125 0.9082053578125 0.5722678578125 0.9082053578125 0.5722678578125 0.9941428578125 0.6855491078125 0.9941428578125 0.6855491078125 0.9082053578125
4 0.2597678578125 0.03125 0.15625 0.03125 0.15625 0.1777366078125 0.2597678578125 0.1777366078125 0.2597678578125 0.03125
4 0.140625 0.1425803578125 0.0722678578125 0.1425803578125 0.0722678578125 0.21484375 0.140625 0.21484375 0.140625 0.1425803578125
4 0.27734375 0 0.27734375 0.0410178578125 0.37109375 0.0410178578125 0.37109375 0 0.27734375 0
4 0.9238303578125 0.1035178578125 0.86328125 0.1035178578125 0.86328125 0.16796875 0.9238303578125 0.16796875 0.9238303578125 0.1035178578125
4 0.47070535781249995 0.265625 0.0078125 0.265625 0.0078125 0.48828125 0.47070535781249995 0.48828125 0.47070535781249995 0.265625
4 0.65625 0.16015625 0.47070535781249995 0.16015625 0.47070535781249995 0.3105491078125 0.65625 0.3105491078125 0.65625 0.16015625
4 0.8125 0.03125 0.6503928578125 0.03125 0.6503928578125 0.1855491078125 0.8125 0.1855491078125 0.8125 0.03125
5 0.79296875 0.49414285781249995 0.2285178578125 0.49414285781249995 0.2285178578125 0.78515625 0.79296875 0.78515625 0.79296875 0.49414285781249995
5 0.7324241078125 0.3105491078125 0.47265625 0.3105491078125 0.47265625 0.49804910781249995 0.7324241078125 0.49804910781249995 0.7324241078125 0.3105491078125
7 0.0722678578125 0.56640625 0.0019553578125 0.56640625 0.0019553578125 0.87109375 0.0722678578125 0.87109375 0.0722678578125 0.56640625