7 0.10433482187500001 0.66600518125 0.0016071421874999999 0.66600518125 0.0016071421874999999 0.94265803125 0.10433482187500001 0.94265803125 0.10433482187500001 0.66600518125
8 0.48314732187500004 0.96035233125 0.4382008921875 0.96035233125 0.4382008921875 0.99202590625 0.48314732187500004 0.99202590625 0.48314732187500004 0.96035233125
8 0.47191071406249996 0.9053989640625 0.4036919640625 0.9053989640625 0.4036919640625 0.958492228125 0.47191071406249996 0.958492228125 0.47191071406249996 0.9053989640625
8 0.3595491078125 0.88769948125 0.3338705359375 0.88769948125 0.3338705359375 0.9165751296875 0.3595491078125 0.9165751296875 0.3595491078125 0.88769948125
8 0.3900491078125 0.88304145 0.360352678125 0.88304145 0.360352678125 0.9156424875000001 0.3900491078125 0.9156424875000001 0.3900491078125 0.88304145
8 0.2504017859375 1 0.2504017859375 0.9976113984375001 0.2319419640625 0.9976113984375001 0.2319419640625 1 0.2504017859375 1
8 0.034508928125 0.197471503125 0.009629464062499999 0.197471503125 0.009629464062499999 0.2934145078125 0.034508928125 0.2934145078125 0.034508928125 0.197471503125
4 0.03771875 0.197471503125 0.0080267859375 0.197471503125 0.0080267859375 0.2999378234375 0.03771875 0.2999378234375 0.03771875 0.197471503125
4 0.448633928125 0.6855699484375 0.43338839218749997 0.6855699484375 0.43338839218749997 0.69767875625 0.448633928125 0.69767875625 0.448633928125 0.6855699484375
3 0.274477678125 0.7917564765625 0.1629196421875 0.7917564765625 0.1629196421875 0.9454507765625 0.274477678125 0.9454507765625 0.274477678125 0.7917564765625
6 0.5104330359375 1 0.5104330359375 0.7470466328125 0.22873214218750001 0.7470466328125 0.22873214218750001 1 0.5104330359375 1
3 0.33547321406249997 0.718170984375 0.276084821875 0.718170984375 0.276084821875 0.8308808296875 0.33547321406249997 0.8308808296875 0.33547321406249997 0.718170984375
1 0.9919732140624999 0.63899481875 0.9301785718750001 0.63899481875 0.9301785718750001 0.7349378234375 0.9919732140624999 0.7349378234375 0.9919732140624999 0.63899481875
1 0.9534508921875 0.3092487046875 0.7431785718749999 0.3092487046875 0.7431785718749999 0.673461140625 0.9534508921875 0.673461140625 0.9534508921875 0.3092487046875
3 0.9903705359374999 0.301797928125 0.9751205359374999 0.301797928125 0.9751205359374999 0.387497409375 0.9903705359374999 0.387497409375 0.9903705359374999 0.301797928125
8 0.3675758921875 0.5626113984375001 0.357946428125 0.5626113984375001 0.357946428125 0.57099481875 0.3675758921875 0.57099481875 0.3675758921875 0.5626113984375001
4 0.2463883921875 0.5495699484375 0.2199017859375 0.5495699484375 0.2199017859375 0.5831036265625 0.2463883921875 0.5831036265625 0.2463883921875 0.5495699484375
8 0.9975937500000001 0.31670466249999996 0.9927767859375001 0.31670466249999996 0.9927767859375001 0.3250880828125 0.9975937500000001 0.3250880828125 0.9975937500000001 0.31670466249999996
8 0.8659732140624999 0.5486424875 0.860352678125 0.5486424875 0.860352678125 0.55330051875 0.8659732140624999 0.55330051875 0.8659732140624999 0.5486424875
8 0.8707857140625 0.55702590625 0.8659732140624999 0.55702590625 0.8659732140624999 0.56167875625 0.8707857140625 0.56167875625 0.8707857140625 0.55702590625
8 0.2110758921875 0.8867668390624999 0.19823214218750002 0.8867668390624999 0.19823214218750002 0.899808290625 0.2110758921875 0.899808290625 0.2110758921875 0.8867668390624999
8 0.21508928593749999 0.9156424875000001 0.1990357140625 0.9156424875000001 0.1990357140625 0.936134715625 0.21508928593749999 0.936134715625 0.21508928593749999 0.9156424875000001
4 0.9871607140625 0.9640777203124999 0.9630803578125 0.9640777203124999 0.9630803578125 0.9827098453125 0.9871607140625 0.9827098453125 0.9871607140625 0.9640777203124999
5 0.7070624999999999 0.054958549999999995 0.31781696406250004 0.054958549999999995 0.31781696406250004 0.446176165625 0.7070624999999999 0.446176165625 0.7070624999999999 0.054958549999999995