3 0.9902366078125 0.13671875 0.8261741078125 0.13671875 0.8261741078125 0.3828125 0.9902366078125 0.3828125 0.9902366078125 0.13671875
3 0.8652366078125 0.2324241078125 0.7109375 0.2324241078125 0.7109375 0.39453125 0.8652366078125 0.39453125 0.8652366078125 0.2324241078125
4 0.703125 0.109375 0.40429910781249995 0.109375 0.40429910781249995 0.30078125 0.703125 0.30078125 0.703125 0.109375
5 0.6035178578125 0.2753928578125 0.40429910781249995 0.2753928578125 0.40429910781249995 0.42578125 0.6035178578125 0.42578125 0.6035178578125 0.2753928578125
3 0.08984375 0.61328125 0.02734375 0.61328125 0.02734375 0.65234375 0.08984375 0.65234375 0.08984375 0.61328125
3 0.6230491078125 0.5136741078125 0.5878928578125 0.5136741078125 0.5878928578125 0.5566428578125 0.6230491078125 0.5566428578125 0.6230491078125 0.5136741078125
3 0.7519553578125 0.58203125 0.72265625 0.58203125 0.72265625 0.6152366078125 0.7519553578125 0.6152366078125 0.7519553578125 0.58203125
3 0.87109375 0.7089866078125 0.8359375 0.7089866078125 0.8359375 0.7441428578125 0.87109375 0.7441428578125 0.87109375 0.7089866078125
3 0.921875 0.76171875 0.89453125 0.76171875 0.89453125 0.7890625 0.921875 0.7890625 0.921875 0.76171875
3 0.7265625 0.89453125 0.68359375 0.89453125 0.68359375 0.9296875 0.7265625 0.9296875 0.7265625 0.89453125
3 0.6308616078125 0.73828125 0.59765625 0.73828125 0.59765625 0.7597678578125 0.6308616078125 0.7597678578125 0.6308616078125 0.73828125
3 0.0546875 0.2402366078125 0.03125 0.2402366078125 0.03125 0.2675803578125 0.0546875 0.2675803578125 0.0546875 0.2402366078125
4 0.578125 0.2871116078125 0.3203125 0.2871116078125 0.3203125 0.3886741078125 0.578125 0.3886741078125 0.578125 0.2871116078125
4 0.98046875 0.1386741078125 0.94140625 0.1386741078125 0.94140625 0.21484375 0.98046875 0.21484375 0.98046875 0.1386741078125
4 0.921875 0.14453125 0.890625 0.14453125 0.890625 0.2050803578125 0.921875 0.2050803578125 0.921875 0.14453125
4 0.98828125 0.2089866078125 0.96484375 0.2089866078125 0.96484375 0.3652366078125 0.98828125 0.3652366078125 0.98828125 0.2089866078125
4 0.8925803578125 0.1953125 0.8574241078125 0.1953125 0.8574241078125 0.2714866078125 0.8925803578125 0.2714866078125 0.8925803578125 0.1953125
3 0.5878928578125 0.1152366078125 0.5644553578125 0.1152366078125 0.5644553578125 0.140625 0.5878928578125 0.140625 0.5878928578125 0.1152366078125
3 0.6660178578125 0.1269553578125 0.6425803578125 0.1269553578125 0.6425803578125 0.1484375 0.6660178578125 0.1484375 0.6660178578125 0.1269553578125
3 0.5449241078125 0.2246116078125 0.5253928578125 0.2246116078125 0.5253928578125 0.2480491078125 0.5449241078125 0.2480491078125 0.5449241078125 0.2246116078125
3 0.63671875 0.21875 0.5996116078125 0.21875 0.5996116078125 0.2753928578125 0.63671875 0.2753928578125 0.63671875 0.21875