8 0.32421875 0.20703125 0.2949241078125 0.20703125 0.2949241078125 0.25390625 0.32421875 0.25390625 0.32421875 0.20703125
8 0.3808616078125 0.26953125 0.3359375 0.26953125 0.3359375 0.3203125 0.3808616078125 0.3203125 0.3808616078125 0.26953125
8 0.46679910781249995 0.3378928578125 0.40234375 0.3378928578125 0.40234375 0.41601785781249995 0.46679910781249995 0.41601785781249995 0.46679910781249995 0.3378928578125
8 0 0.875 0.05859375 0.875 0.05859375 0.7441428578125 0 0.7441428578125 0 0.875
4 0.98828125 0.6582053578125 0.8828125 0.6582053578125 0.8828125 0.8203125 0.98828125 0.8203125 0.98828125 0.6582053578125
4 0.8886741078125 0.8671875 0.7675803578125 0.8671875 0.7675803578125 0.98828125 0.8886741078125 0.98828125 0.8886741078125 0.8671875
7 0.88671875 0.92578125 0.7597678578125 0.92578125 0.7597678578125 0.9902366078125 0.88671875 0.9902366078125 0.88671875 0.92578125
4 0.140625 0.3964866078125 0.015625 0.3964866078125 0.015625 0.51953125 0.140625 0.51953125 0.140625 0.3964866078125
4 0.41601785781249995 0.9550803578125 0.3671875 0.9550803578125 0.3671875 0.9921875 0.41601785781249995 0.9921875 0.41601785781249995 0.9550803578125
2 0.54296875 0.3261741078125 0.296875 0.3261741078125 0.296875 0.83984375 0.54296875 0.83984375 0.54296875 0.3261741078125
4 0.5410178578125 0.328125 0.31640625 0.328125 0.31640625 0.78515625 0.5410178578125 0.78515625 0.5410178578125 0.328125