3 0.9902366078125 0.1035178578125 0.828125 0.1035178578125 0.828125 0.48828125 0.9902366078125 0.48828125 0.9902366078125 0.1035178578125
3 0.9042991078125 0.2324241078125 0.6621116078125 0.2324241078125 0.6621116078125 0.40625 0.9042991078125 0.40625 0.9042991078125 0.2324241078125
3 0.41601785781249995 0.9042991078125 0.33203125 0.9042991078125 0.33203125 0.9765625 0.41601785781249995 0.9765625 0.41601785781249995 0.9042991078125
3 0.70703125 0.7109375 0.6386741078125 0.7109375 0.6386741078125 0.9199241078125 0.70703125 0.9199241078125 0.70703125 0.7109375
3 0.9375 0.890625 0.8378928578125 0.890625 0.8378928578125 0.9824241078125 0.9375 0.9824241078125 0.9375 0.890625
3 0.90625 0.63671875 0.8652366078125 0.63671875 0.8652366078125 0.67578125 0.90625 0.67578125 0.90625 0.63671875
3 0.46289285781249995 0.73828125 0.390625 0.73828125 0.390625 0.7910178578125 0.46289285781249995 0.7910178578125 0.46289285781249995 0.73828125
3 0.24609375 0.6074241078125 0.19921875 0.6074241078125 0.19921875 0.6777366078125 0.24609375 0.6777366078125 0.24609375 0.6074241078125
3 0.1621116078125 0.6035178578125 0.0859375 0.6035178578125 0.0859375 0.65625 0.1621116078125 0.65625 0.1621116078125 0.6035178578125
3 0.0996116078125 0.48828125 0.0410178578125 0.48828125 0.0410178578125 0.5703125 0.0996116078125 0.5703125 0.0996116078125 0.48828125
3 0.5 0.0097678578125 0.41796875 0.0097678578125 0.41796875 0.0722678578125 0.5 0.0722678578125 0.5 0.0097678578125
3 0.75 0.0078125 0.671875 0.0078125 0.671875 0.1074241078125 0.75 0.1074241078125 0.75 0.0078125
3 0.3691428578125 0.8359375 0.3183616078125 0.8359375 0.3183616078125 0.87890625 0.3691428578125 0.87890625 0.3691428578125 0.8359375
3 0.30859375 0.95703125 0.2714866078125 0.95703125 0.2714866078125 0.984375 0.30859375 0.984375 0.30859375 0.95703125
3 0.89453125 0.76953125 0.86328125 0.76953125 0.86328125 0.79296875 0.89453125 0.79296875 0.89453125 0.76953125
3 0.046875 0.62109375 0.0136741078125 0.62109375 0.0136741078125 0.66015625 0.046875 0.66015625 0.046875 0.62109375
3 0.859375 0.9296875 0.81640625 0.9296875 0.81640625 0.9746116078125 0.859375 0.9746116078125 0.859375 0.9296875
3 0.9902366078125 0.6171875 0.9628928578125 0.6171875 0.9628928578125 0.6484375 0.9902366078125 0.6484375 0.9902366078125 0.6171875
4 0.87109375 0.2207053578125 0.8515625 0.2207053578125 0.8515625 0.2636741078125 0.87109375 0.2636741078125 0.87109375 0.2207053578125
4 0.9824241078125 0.1386741078125 0.953125 0.1386741078125 0.953125 0.1953125 0.9824241078125 0.1953125 0.9824241078125 0.1386741078125
4 0.6894553578125 0.8027366078125 0.6640625 0.8027366078125 0.6640625 0.85546875 0.6894553578125 0.85546875 0.6894553578125 0.8027366078125
4 0.3925803578125 0.92578125 0.35546875 0.92578125 0.35546875 0.98046875 0.3925803578125 0.98046875 0.3925803578125 0.92578125
4 0.0761741078125 0.515625 0.05859375 0.515625 0.05859375 0.5332053578125 0.0761741078125 0.5332053578125 0.0761741078125 0.515625
4 0.0878928578125 0.2167991078125 0.0234375 0.2167991078125 0.0234375 0.2578125 0.0878928578125 0.2578125 0.0878928578125 0.2167991078125
4 0.7988303578125 0.65234375 0.76171875 0.65234375 0.76171875 0.67578125 0.7988303578125 0.67578125 0.7988303578125 0.65234375