1 0.546875 0.5136741078125 0.0957053578125 0.5136741078125 0.0957053578125 0.9980491078125 0.546875 0.9980491078125 0.546875 0.5136741078125
1 0.7441428578125 0.88671875 0.5566428578125 0.88671875 0.5566428578125 0.9941428578125 0.7441428578125 0.9941428578125 0.7441428578125 0.88671875
4 0.3808616078125 0.09375 0.2402366078125 0.09375 0.2402366078125 0.16015625 0.3808616078125 0.16015625 0.3808616078125 0.09375
4 0.2207053578125 0.1386741078125 0.1425803578125 0.1386741078125 0.1425803578125 0.21484375 0.2207053578125 0.21484375 0.2207053578125 0.1386741078125
4 0.1171875 0.2011741078125 0.0097678578125 0.2011741078125 0.0097678578125 0.30078125 0.1171875 0.30078125 0.1171875 0.2011741078125
4 0.9746116078125 0.15625 0.9199241078125 0.15625 0.9199241078125 0.2128928578125 0.9746116078125 0.2128928578125 0.9746116078125 0.15625
4 0.6464866078125 0.8203125 0.5410178578125 0.8203125 0.5410178578125 0.88671875 0.6464866078125 0.88671875 0.6464866078125 0.8203125
4 0.44921875 0 0.44921875 0.04296875 0.51171875 0.04296875 0.51171875 0 0.44921875 0
4 0.28515625 0.328125 0.16796875 0.328125 0.16796875 0.5234375 0.28515625 0.5234375 0.28515625 0.328125
4 0.9628928578125 0.0332053578125 0.51953125 0.0332053578125 0.51953125 0.265625 0.9628928578125 0.265625 0.9628928578125 0.0332053578125
4 0.99609375 0.26171875 0.71484375 0.26171875 0.71484375 0.9902366078125 0.99609375 0.9902366078125 0.99609375 0.26171875
4 0.3339866078125 0.90234375 0.2792991078125 0.90234375 0.2792991078125 0.96484375 0.3339866078125 0.96484375 0.3339866078125 0.90234375
4 0.1191428578125 0.66796875 0.0136741078125 0.66796875 0.0136741078125 0.80078125 0.1191428578125 0.80078125 0.1191428578125 0.66796875
4 0.2167991078125 0.7988303578125 0.1152366078125 0.7988303578125 0.1152366078125 0.9355491078125 0.2167991078125 0.9355491078125 0.2167991078125 0.7988303578125