4 0.270272321875 0.901928571875 0.034749999999999996 0.901928571875 0.034749999999999996 0.9266428578125 0.270272321875 0.9266428578125 0.270272321875 0.901928571875
4 0.9691116078125 0.831919046875 0.864866071875 0.831919046875 0.864866071875 0.8936952375 0.9691116078125 0.8936952375 0.9691116078125 0.831919046875
8 0.10038392812500001 0.20591904687499998 0.0810803578125 0.20591904687499998 0.0810803578125 0.2388666671875 0.10038392812500001 0.2388666671875 0.10038392812500001 0.20591904687499998
8 0.0810803578125 0.20179999999999998 0.06949999999999999 0.20179999999999998 0.06949999999999999 0.218276190625 0.0810803578125 0.218276190625 0.0810803578125 0.20179999999999998
8 0.8146696421874999 0.230628571875 0.7876428578125 0.230628571875 0.7876428578125 0.251223809375 0.8146696421874999 0.251223809375 0.8146696421874999 0.230628571875
8 0.3976830359375 0.34594761875 0.37065625 0.34594761875 0.37065625 0.39124761874999997 0.3976830359375 0.39124761874999997 0.3976830359375 0.34594761875
8 0.243241071875 0.2676952375 0.2316607140625 0.2676952375 0.2316607140625 0.28417142812499996 0.243241071875 0.28417142812499996 0.243241071875 0.2676952375
8 0.1969107140625 0.2882904765625 0.1853303578125 0.2882904765625 0.1853303578125 0.296523809375 0.1969107140625 0.296523809375 0.1969107140625 0.2882904765625
8 0.1505803578125 0.3212333328125 0.1428571421875 0.3212333328125 0.1428571421875 0.3335904765625 0.1505803578125 0.3335904765625 0.1505803578125 0.3212333328125
8 0.1737455359375 0.34594761875 0.16216071406250002 0.34594761875 0.16216071406250002 0.3583 0.1737455359375 0.3583 0.1737455359375 0.34594761875
8 0.1891875 0.3583 0.18146875 0.3583 0.18146875 0.374776190625 0.1891875 0.374776190625 0.1891875 0.3583
8 0.1776071421875 0.4036047625 0.1196919640625 0.4036047625 0.1196919640625 0.43655238125 0.1776071421875 0.43655238125 0.1776071421875 0.4036047625
8 0.235522321875 0.4942095234375 0.22393749999999998 0.4942095234375 0.22393749999999998 0.50244761875 0.235522321875 0.50244761875 0.235522321875 0.4942095234375
8 0.21621428593749997 0.5806952375 0.1930491078125 0.5806952375 0.1930491078125 0.6054047625 0.21621428593749997 0.6054047625 0.21621428593749997 0.5806952375
8 0.0733571421875 0.5806952375 0.0656383921875 0.5806952375 0.0656383921875 0.5889333328124999 0.0733571421875 0.5889333328124999 0.0733571421875 0.5806952375
8 0.057915178125 0.6012857140625 0.050191964062500004 0.6012857140625 0.050191964062500004 0.621880953125 0.057915178125 0.621880953125 0.057915178125 0.6012857140625
8 0.28571428593750003 0.5683380953125 0.277991071875 0.5683380953125 0.277991071875 0.5724571421875 0.28571428593750003 0.5724571421875 0.28571428593750003 0.5683380953125
8 0.8301160718749999 0.8360380953125001 0.8108124999999999 0.8360380953125001 0.8108124999999999 0.8525095234375 0.8301160718749999 0.8525095234375 0.8301160718749999 0.8360380953125001
8 0.8069508921875 0.8648666671875 0.795366071875 0.8648666671875 0.795366071875 0.8772190468750001 0.8069508921875 0.8772190468750001 0.8069508921875 0.8648666671875
8 0.505790178125 0.7742619046875 0.43629464218749997 0.7742619046875 0.43629464218749997 0.8278000000000001 0.505790178125 0.8278000000000001 0.505790178125 0.7742619046875
8 0.517375 0.8360380953125001 0.498071428125 0.8360380953125001 0.498071428125 0.8689809531250001 0.517375 0.8689809531250001 0.517375 0.8360380953125001
8 0.505790178125 0.8813380953125 0.45173660781249997 0.8813380953125 0.45173660781249997 0.967823809375 0.505790178125 0.967823809375 0.505790178125 0.8813380953125
8 0.8417008921875 0.8483904765625001 0.8223928578124999 0.8483904765625001 0.8223928578124999 0.8731 0.8417008921875 0.8731 0.8417008921875 0.8483904765625001
8 0.3745178578125 0.9389952375 0.359071428125 0.9389952375 0.359071428125 0.9513523812500001 0.3745178578125 0.9513523812500001 0.3745178578125 0.9389952375
8 0.2895758921875 0.6136428578124999 0.270272321875 0.6136428578124999 0.270272321875 0.6259952375 0.2895758921875 0.6259952375 0.2895758921875 0.6136428578124999
8 0.235522321875 0.7536666671875001 0.200772321875 0.7536666671875001 0.200772321875 0.7701428578125 0.235522321875 0.7701428578125 0.235522321875 0.7536666671875001
8 0.2625491078125 0.7742619046875 0.2509642859375 0.7742619046875 0.2509642859375 0.7824952374999999 0.2625491078125 0.7824952374999999 0.2625491078125 0.7742619046875
8 0.2316607140625 0.8154428578124999 0.22393749999999998 0.8154428578124999 0.22393749999999998 0.823680953125 0.2316607140625 0.823680953125 0.2316607140625 0.8154428578124999
8 0.18146875 0.8278000000000001 0.1428571421875 0.8278000000000001 0.1428571421875 0.8483904765625001 0.18146875 0.8483904765625001 0.18146875 0.8278000000000001
8 0.200772321875 0.8648666671875 0.1969107140625 0.8648666671875 0.1969107140625 0.8689809531250001 0.200772321875 0.8689809531250001 0.200772321875 0.8648666671875
8 0.2895758921875 0.8772190468750001 0.21621428593749997 0.8772190468750001 0.21621428593749997 0.9060476187500001 0.2895758921875 0.9060476187500001 0.2895758921875 0.8772190468750001
8 0.7760625 0.8936952375 0.7683392859375 0.8936952375 0.7683392859375 0.901928571875 0.7760625 0.901928571875 0.7760625 0.8936952375
7 0.7722008921875 0.296523809375 0.683397321875 0.296523809375 0.683397321875 0.3830095234375 0.7722008921875 0.3830095234375 0.7722008921875 0.296523809375
1 0.9845580359375001 0.0864857140625 0.316602678125 0.0864857140625 0.316602678125 0.7495476187500001 0.9845580359375001 0.7495476187500001 0.9845580359375001 0.0864857140625
1 0.2548258921875 0.2924047625 0.135133928125 0.2924047625 0.135133928125 0.4159571421875 0.2548258921875 0.4159571421875 0.2548258921875 0.2924047625