4 0.3706428578125 0.479592178125 0.297258928125 0.479592178125 0.297258928125 0.597407821875 0.3706428578125 0.597407821875 0.3706428578125 0.479592178125
3 0.8628616078125001 0.2755139671875 0.7487008921875 0.2755139671875 0.7487008921875 0.5157709500000001 0.8628616078125001 0.5157709500000001 0.8628616078125001 0.2755139671875
3 0.9570044640625 0.0918379890625 0.882875 0.0918379890625 0.882875 0.191094971875 0.9570044640625 0.191094971875 0.9570044640625 0.0918379890625
3 0.8628616078125001 0.22078212343749998 0.8131964281249999 0.22078212343749998 0.8131964281249999 0.2671620109375 0.8628616078125001 0.2671620109375 0.8628616078125001 0.22078212343749998
3 0.8925133921875 0.1790335203125 0.8710133921875001 0.1790335203125 0.8710133921875001 0.22078212343749998 0.8925133921875 0.22078212343749998 0.8925133921875 0.1790335203125
3 0.940696428125 0.18274860312500002 0.9006651781249999 0.18274860312500002 0.9006651781249999 0.34879329531250003 0.940696428125 0.34879329531250003 0.940696428125 0.18274860312500002
3 0.7568571421875 0.018553071875 0.7034821421874999 0.018553071875 0.7034821421874999 0.15862569843750002 0.7568571421875 0.15862569843750002 0.7568571421875 0.018553071875
8 0.9325446421875 0.1883128484375 0.9036339281249999 0.1883128484375 0.9036339281249999 0.3339553078125 0.9325446421875 0.3339553078125 0.9325446421875 0.1883128484375
8 0.8547053578125 0.22263687187499998 0.8309866078124999 0.22263687187499998 0.8309866078124999 0.26345251406250003 0.8547053578125 0.26345251406250003 0.8547053578125 0.22263687187499998
8 0.95996875 0.0955474859375 0.895477678125 0.0955474859375 0.895477678125 0.1901675984375 0.95996875 0.1901675984375 0.95996875 0.0955474859375
8 0.74721875 0.033396648437499996 0.710897321875 0.033396648437499996 0.710897321875 0.141927375 0.74721875 0.141927375 0.74721875 0.033396648437499996
7 0.9229062499999999 0.386826815625 0.7968883921875001 0.386826815625 0.7968883921875001 0.628944134375 0.9229062499999999 0.628944134375 0.9229062499999999 0.386826815625
3 0.521866071875 0.8051955312500001 0.4091919640625 0.8051955312500001 0.4091919640625 0.8719888265625 0.521866071875 0.8719888265625 0.521866071875 0.8051955312500001
3 0.4091919640625 0.8756983234375 0.354334821875 0.8756983234375 0.354334821875 0.9489832406250001 0.4091919640625 0.9489832406250001 0.4091919640625 0.8756983234375
3 0.565602678125 0.8209664796875 0.35878571406250004 0.8209664796875 0.35878571406250004 0.9424916203124999 0.565602678125 0.9424916203124999 0.565602678125 0.8209664796875
3 0.5396607140625 0.9220837984375001 0.46553125 0.9220837984375001 0.46553125 0.9888715078124999 0.5396607140625 0.9888715078124999 0.5396607140625 0.9220837984375001
8 0.5500357140625 0.1623407828125 0.5270580359375 0.1623407828125 0.5270580359375 0.1883128484375 0.5500357140625 0.1883128484375 0.5500357140625 0.1623407828125
8 0.56115625 0.19480446875 0.528540178125 0.19480446875 0.528540178125 0.23748044687499997 0.56115625 0.23748044687499997 0.56115625 0.19480446875
8 0.5596741078125 0.0454525140625 0.5448482140625 0.0454525140625 0.5448482140625 0.07792178749999999 0.5596741078125 0.07792178749999999 0.5596741078125 0.0454525140625
8 0.5759821421875 0.000927375 0.5500357140625 0.000927375 0.5500357140625 0.025044692187500002 0.5759821421875 0.025044692187500002 0.5759821421875 0.000927375
3 0.43958482187500003 0.18089385468750002 0.398071428125 0.18089385468750002 0.398071428125 0.22263687187499998 0.43958482187500003 0.22263687187499998 0.43958482187500003 0.18089385468750002
7 0.9295758921875 0.8552905031250001 0.5989642859375001 0.8552905031250001 0.5989642859375001 0.9990782125000001 0.9295758921875 0.9990782125000001 0.9295758921875 0.8552905031250001
5 0.59303125 0.12430726249999999 0.0044464281250000005 0.12430726249999999 0.0044464281250000005 0.995363128125 0.59303125 0.995363128125 0.59303125 0.12430726249999999