3 0.4595982140625 0.5779217875 0.2416607140625 0.5779217875 0.2416607140625 0.8627094968750001 0.4595982140625 0.8627094968750001 0.4595982140625 0.5779217875
8 0.8117142859375001 0.550094971875 0.7865089281250001 0.550094971875 0.7865089281250001 0.589055865625 0.8117142859375001 0.589055865625 0.8117142859375001 0.550094971875
8 0.8547053578125 0.5454581000000001 0.8295044640624999 0.5454581000000001 0.8295044640624999 0.597407821875 0.8547053578125 0.597407821875 0.8547053578125 0.5454581000000001
8 0.9977767859375 0.5797821234375 0.960709821875 0.5797821234375 0.960709821875 0.636368715625 0.9977767859375 0.636368715625 0.9977767859375 0.5797821234375
8 0.7212767859375 0.699446928125 0.702741071875 0.699446928125 0.702741071875 0.732843575 0.7212767859375 0.732843575 0.7212767859375 0.699446928125
5 0.9888794640624999 0.5083519546875 0.882875 0.5083519546875 0.882875 0.619670390625 0.9888794640624999 0.619670390625 0.9888794640624999 0.5083519546875
3 0.58784375 0.8692067046874999 0.5589330359375 0.8692067046874999 0.5589330359375 0.9517653625 0.58784375 0.9517653625 0.58784375 0.8692067046874999
3 0.367678571875 0.901675978125 0.29429017812499997 0.901675978125 0.29429017812499997 0.9666089390625 0.367678571875 0.9666089390625 0.367678571875 0.901675978125
5 0.6478883921875 0.7207821234375 0.5418839281250001 0.7207821234375 0.5418839281250001 0.995363128125 0.6478883921875 0.995363128125 0.6478883921875 0.7207821234375
7 0 0.9990782125000001 0.3409955359375 0.9990782125000001 0.3409955359375 0.49258100625 0 0.49258100625 0 0.9990782125000001
3 0.670866071875 0.3923966484375 0.5715357140624999 0.3923966484375 0.5715357140624999 0.5129888265625 0.670866071875 0.5129888265625 0.670866071875 0.3923966484375
3 0.8791696421875 0.141927375 0.7850267859375 0.141927375 0.7850267859375 0.23191061406250002 0.8791696421875 0.23191061406250002 0.8791696421875 0.141927375
3 0.24017857187499997 0.8321005593749999 0.218678571875 0.8321005593749999 0.218678571875 0.859927375 0.24017857187499997 0.859927375 0.24017857187499997 0.8321005593749999
8 0.7828035718749999 0.614100559375 0.7664955359375 0.614100559375 0.7664955359375 0.63172625625 0.7828035718749999 0.63172625625 0.7828035718749999 0.614100559375
8 0.9948124999999999 0.7838603359375 0.9844330359375 0.7838603359375 0.9844330359375 0.8191117312499999 0.9948124999999999 0.8191117312499999 0.9948124999999999 0.7838603359375
8 0.620459821875 0.4656815640625 0.5885848218749999 0.4656815640625 0.5885848218749999 0.5055698328125 0.620459821875 0.5055698328125 0.620459821875 0.4656815640625
8 0.6308392859375 0.4109497203125 0.61453125 0.4109497203125 0.61453125 0.42950279374999994 0.6308392859375 0.42950279374999994 0.6308392859375 0.4109497203125
8 0.2735357140625 0.6493519546875001 0.24758928593750001 0.6493519546875001 0.24758928593750001 0.6716145250000001 0.2735357140625 0.6716145250000001 0.2735357140625 0.6493519546875001
8 0.28317410781249996 0.6966648046875 0.253522321875 0.6966648046875 0.253522321875 0.722636871875 0.28317410781249996 0.722636871875 0.28317410781249996 0.6966648046875
8 0.3031875 0.74118994375 0.275758928125 0.74118994375 0.275758928125 0.768094971875 0.3031875 0.768094971875 0.3031875 0.74118994375
8 0.3839866078125 0.7931396640624999 0.3454419640625 0.7931396640624999 0.3454419640625 0.8395195531249999 0.3839866078125 0.8395195531249999 0.3839866078125 0.7931396640624999
8 0.3350625 0.8014860328125 0.3098571421875 0.8014860328125 0.3098571421875 0.838592178125 0.3350625 0.838592178125 0.3350625 0.8014860328125
8 0.4217946421875 0.6103910609375001 0.3921428578125 0.6103910609375001 0.3921428578125 0.6558491625 0.4217946421875 0.6558491625 0.4217946421875 0.6103910609375001
8 0.366196428125 0.5909106140625 0.34914732187499997 0.5909106140625 0.34914732187499997 0.613173184375 0.366196428125 0.613173184375 0.366196428125 0.5909106140625
8 0.7724241078125 0.1660502796875 0.7568571421875 0.1660502796875 0.7568571421875 0.18274860312500002 0.7724241078125 0.18274860312500002 0.7724241078125 0.1660502796875
8 0.8272812500000001 0.18089385468750002 0.8131964281249999 0.18089385468750002 0.8131964281249999 0.2003743015625 0.8272812500000001 0.2003743015625 0.8272812500000001 0.18089385468750002
8 0.8295044640624999 0.20964804531249998 0.8139375 0.20964804531249998 0.8139375 0.23191061406250002 0.8295044640624999 0.23191061406250002 0.8295044640624999 0.20964804531249998
8 0.8606383921875 0.166977653125 0.8443303578125001 0.166977653125 0.8443303578125001 0.187385475 0.8606383921875 0.187385475 0.8606383921875 0.166977653125
8 0.3461830359375 0.9239385468749999 0.32987500000000003 0.9239385468749999 0.32987500000000003 0.948055865625 0.3461830359375 0.948055865625 0.3461830359375 0.9239385468749999
8 0.3239419640625 0.9304301671875 0.30466964218750003 0.9304301671875 0.30466964218750003 0.9536201125 0.3239419640625 0.9536201125 0.3239419640625 0.9304301671875
8 0.7405491078125 0.9220837984375001 0.7249821421875 0.9220837984375001 0.7249821421875 0.9424916203124999 0.7405491078125 0.9424916203124999 0.7405491078125 0.9220837984375001
8 0.329133928125 0.691094971875 0.2965178578125 0.691094971875 0.2965178578125 0.732843575 0.329133928125 0.732843575 0.329133928125 0.691094971875
8 0.354334821875 0.7152178765625 0.317272321875 0.7152178765625 0.317272321875 0.7699497203125001 0.354334821875 0.7699497203125001 0.354334821875 0.7152178765625
8 0.3973303578125 0.8450893859375 0.3780580359375 0.8450893859375 0.3780580359375 0.8719888265625 0.3973303578125 0.8719888265625 0.3973303578125 0.8450893859375