3 0.34321875 0.07792178749999999 0.28317410781249996 0.07792178749999999 0.28317410781249996 0.1623407828125 0.34321875 0.1623407828125 0.34321875 0.07792178749999999
3 0.1860625 0.20315642500000003 0.1052633921875 0.20315642500000003 0.1052633921875 0.3181843578125 0.1860625 0.3181843578125 0.1860625 0.20315642500000003
3 0.1519642859375 0.542675978125 0.0682008921875 0.542675978125 0.0682008921875 0.6855307265625 0.1519642859375 0.6855307265625 0.1519642859375 0.542675978125
5 0.6760580359375 0.18460335156250002 0.5596741078125 0.18460335156250002 0.5596741078125 0.3014860328125 0.6760580359375 0.3014860328125 0.6760580359375 0.18460335156250002
8 0.5122321421875 0.16048044687500002 0.4862857140625 0.16048044687500002 0.4862857140625 0.1883128484375 0.5122321421875 0.1883128484375 0.5122321421875 0.16048044687500002
8 0.5077857140625001 0.1929497203125 0.47887500000000005 0.1929497203125 0.47887500000000005 0.2291284921875 0.5077857140625001 0.2291284921875 0.5077857140625001 0.1929497203125
8 0.42327678593750007 0.136363128125 0.398071428125 0.136363128125 0.398071428125 0.1790335203125 0.42327678593750007 0.1790335203125 0.42327678593750007 0.136363128125
8 0.44625446406249997 0.10203910624999998 0.4143794640625 0.10203910624999998 0.4143794640625 0.14564245781250001 0.44625446406249997 0.14564245781250001 0.44625446406249997 0.10203910624999998
8 0.47368303593750005 0.0667932953125 0.44106696406249996 0.0667932953125 0.44106696406249996 0.10946368749999999 0.47368303593750005 0.10946368749999999 0.47368303593750005 0.0667932953125
8 0.714602678125 0.1660502796875 0.6871741078125 0.1660502796875 0.6871741078125 0.20501117343750003 0.714602678125 0.20501117343750003 0.714602678125 0.1660502796875
8 0.7820625 0.1901675984375 0.7568571421875 0.1901675984375 0.7568571421875 0.22727374375 0.7820625 0.22727374375 0.7820625 0.1901675984375
8 0.7924375 0.2328379890625 0.761303571875 0.2328379890625 0.761303571875 0.26530726250000003 0.7924375 0.26530726250000003 0.7924375 0.2328379890625
8 0.701258928125 0.26994413437500003 0.6078571421875 0.26994413437500003 0.6078571421875 0.3506480453125 0.701258928125 0.3506480453125 0.701258928125 0.26994413437500003
8 0.5693125 0.3766256984375 0.5448482140625 0.3766256984375 0.5448482140625 0.481446928125 0.5693125 0.481446928125 0.5693125 0.3766256984375
8 0.612303571875 0.38311731875 0.578946428125 0.38311731875 0.578946428125 0.47124580937499994 0.612303571875 0.47124580937499994 0.612303571875 0.38311731875
8 0.7746473218750001 0.4248603359375 0.7212767859375 0.4248603359375 0.7212767859375 0.44898324062499995 0.7746473218750001 0.44898324062499995 0.7746473218750001 0.4248603359375
8 0.7902142859375 0.323748603125 0.74721875 0.323748603125 0.74721875 0.42115083750000004 0.7902142859375 0.42115083750000004 0.7902142859375 0.323748603125
8 0.8080044640624999 0.44526815624999994 0.7857678578125 0.44526815624999994 0.7857678578125 0.47588268125 0.8080044640624999 0.47588268125 0.8080044640624999 0.44526815624999994
8 0.810227678125 0.518553071875 0.7761294640624999 0.518553071875 0.7761294640624999 0.551022346875 0.810227678125 0.551022346875 0.810227678125 0.518553071875
8 0.656040178125 0.753251396875 0.6241651781249999 0.753251396875 0.6241651781249999 0.7894301671874999 0.656040178125 0.7894301671874999 0.656040178125 0.753251396875
8 0.5574508921875 0.7625251390625001 0.5159374999999999 0.7625251390625001 0.5159374999999999 0.807055865625 0.5574508921875 0.807055865625 0.5574508921875 0.7625251390625001
8 0.431428571875 0.5278324015625 0.4047455359375 0.5278324015625 0.4047455359375 0.5723575421875 0.431428571875 0.5723575421875 0.431428571875 0.5278324015625
8 0.5040758921874999 0.496290503125 0.46775446406250004 0.496290503125 0.46775446406250004 0.5306145250000001 0.5040758921874999 0.5306145250000001 0.5040758921874999 0.496290503125
8 0.5322455359375 0.5139162015625 0.5025937500000001 0.5139162015625 0.5025937500000001 0.562156425 0.5322455359375 0.562156425 0.5322455359375 0.5139162015625
8 0.5581919640625 0.5 0.5315044640625 0.5 0.5315044640625 0.551022346875 0.5581919640625 0.551022346875 0.5581919640625 0.5
8 0.5500357140625 0.5445307265625 0.5226071421875 0.5445307265625 0.5226071421875 0.5825642453125 0.5500357140625 0.5825642453125 0.5500357140625 0.5445307265625
8 0.407709821875 0.307977653125 0.38620982187499997 0.307977653125 0.38620982187499997 0.3506480453125 0.407709821875 0.3506480453125 0.407709821875 0.307977653125
7 0.19421875 0.5667932953125 0.013343749999999998 0.5667932953125 0.013343749999999998 0.9897988828125 0.19421875 0.9897988828125 0.19421875 0.5667932953125
8 0.9903616078124999 0.6957374296875 0.9584866078125 0.6957374296875 0.9584866078125 0.7486089390624999 0.9903616078124999 0.7486089390624999 0.9903616078124999 0.6957374296875
8 0.089696428125 0.5732849156250001 0.077834821875 0.5732849156250001 0.077834821875 0.5936927375 0.089696428125 0.5936927375 0.089696428125 0.5732849156250001
8 0.1060044640625 0.5584413406250001 0.0904375 0.5584413406250001 0.0904375 0.5825642453125 0.1060044640625 0.5825642453125 0.1060044640625 0.5584413406250001
8 0.13120982187500002 0.60018994375 0.1119330359375 0.60018994375 0.1119330359375 0.628944134375 0.13120982187500002 0.628944134375 0.13120982187500002 0.60018994375
8 0.1104508921875 0.620597765625 0.09414285781250001 0.620597765625 0.09414285781250001 0.643787709375 0.1104508921875 0.643787709375 0.1104508921875 0.620597765625
8 0.16604910781249999 0.22634636874999997 0.149 0.22634636874999997 0.149 0.24118994374999997 0.16604910781249999 0.24118994374999997 0.16604910781249999 0.22634636874999997
8 0.149 0.2671620109375 0.134915178125 0.2671620109375 0.134915178125 0.2820055859375 0.149 0.2820055859375 0.149 0.2671620109375
8 0.128241071875 0.28664245781250003 0.109709821875 0.28664245781250003 0.109709821875 0.31168715156250004 0.128241071875 0.31168715156250004 0.128241071875 0.28664245781250003
8 0.315790178125 0.1196648046875 0.30022321406249997 0.1196648046875 0.30022321406249997 0.14378770937500002 0.315790178125 0.14378770937500002 0.315790178125 0.1196648046875
8 0.3017053578125 0.144715084375 0.2868794640625 0.144715084375 0.2868794640625 0.166977653125 0.3017053578125 0.166977653125 0.3017053578125 0.144715084375
8 0.320977678125 0.10296647968749999 0.308375 0.10296647968749999 0.308375 0.11688268125000001 0.320977678125 0.11688268125000001 0.320977678125 0.10296647968749999
8 0.9154910718749999 0.652134078125 0.9043749999999999 0.652134078125 0.9043749999999999 0.6697597765625 0.9154910718749999 0.6697597765625 0.9154910718749999 0.652134078125
8 0.702741071875 0.4703184359375 0.6686428578125 0.4703184359375 0.6686428578125 0.5083519546875 0.702741071875 0.5083519546875 0.702741071875 0.4703184359375
8 0.660491071875 0.47866480468750006 0.6286116078124999 0.47866480468750006 0.6286116078124999 0.518553071875 0.660491071875 0.518553071875 0.660491071875 0.47866480468750006
8 0.65678125 0.3506480453125 0.6338035718749999 0.3506480453125 0.6338035718749999 0.3729162015625 0.65678125 0.3729162015625 0.65678125 0.3506480453125
8 0.716084821875 0.703156425 0.6619732140625 0.703156425 0.6619732140625 0.75788826875 0.716084821875 0.75788826875 0.716084821875 0.703156425
8 0.8495178578125 0.000927375 0.8139375 0.000927375 0.8139375 0.0287597765625 0.8495178578125 0.0287597765625 0.8495178578125 0.000927375
3 0.1452946421875 0.635441340625 0.1289866078125 0.635441340625 0.1289866078125 0.6604860328125 0.1452946421875 0.6604860328125 0.1452946421875 0.635441340625
3 0.6501116078125 0.761597765625 0.6293571421874999 0.761597765625 0.6293571421874999 0.7903575421875 0.6501116078125 0.7903575421875 0.6501116078125 0.761597765625
3 0.5463303578125001 0.768094971875 0.520383928125 0.768094971875 0.520383928125 0.8014860328125 0.5463303578125001 0.8014860328125 0.5463303578125001 0.768094971875
3 0.2461071421875 0.3506480453125 0.21423214218750003 0.3506480453125 0.21423214218750003 0.386826815625 0.2461071421875 0.386826815625 0.2461071421875 0.3506480453125