8 0.12109375 0.22265625 0.0722678578125 0.22265625 0.0722678578125 0.3066428578125 0.12109375 0.3066428578125 0.12109375 0.22265625
8 0.0722678578125 0.5175803578125 0.0214866078125 0.5175803578125 0.0214866078125 0.59765625 0.0722678578125 0.59765625 0.0722678578125 0.5175803578125
4 0.2011741078125 0.8222678578125 0.11328125 0.8222678578125 0.11328125 0.9394553578125 0.2011741078125 0.9394553578125 0.2011741078125 0.8222678578125
4 0.3144553578125 0.9394553578125 0.2207053578125 0.9394553578125 0.2207053578125 0.9941428578125 0.3144553578125 0.9941428578125 0.3144553578125 0.9394553578125
4 0.04296875 0.42578125 0.0019553578125 0.42578125 0.0019553578125 0.48828125 0.04296875 0.48828125 0.04296875 0.42578125
4 0.16796875 0.2480491078125 0.1425803578125 0.2480491078125 0.1425803578125 0.33984375 0.16796875 0.33984375 0.16796875 0.2480491078125
4 0.3730491078125 0.0722678578125 0.3359375 0.0722678578125 0.3359375 0.1191428578125 0.3730491078125 0.1191428578125 0.3730491078125 0.0722678578125
5 0.74609375 0.2890625 0.1816428578125 0.2890625 0.1816428578125 0.9238303578125 0.74609375 0.9238303578125 0.74609375 0.2890625
7 0.9921875 0.7050803578125 0.8574241078125 0.7050803578125 0.8574241078125 0.9160178578125 0.9921875 0.9160178578125 0.9921875 0.7050803578125
4 0.11328125 0.2246116078125 0.08203125 0.2246116078125 0.08203125 0.3066428578125 0.11328125 0.3066428578125 0.11328125 0.2246116078125
8 0 0.4765625 0.0332053578125 0.4765625 0.0332053578125 0.43164285781249995 0 0.43164285781249995 0 0.4765625
8 0.1640625 0.2597678578125 0.1484375 0.2597678578125 0.1484375 0.3183616078125 0.1640625 0.3183616078125 0.1640625 0.2597678578125
8 0.19140625 0.8222678578125 0.1171875 0.8222678578125 0.1171875 0.9355491078125 0.19140625 0.9355491078125 0.19140625 0.8222678578125
8 0.1191428578125 0.7050803578125 0.09375 0.7050803578125 0.09375 0.79296875 0.1191428578125 0.79296875 0.1191428578125 0.7050803578125
8 0.30859375 0.984375 0.29296875 0.984375 0.29296875 0.99609375 0.30859375 0.99609375 0.30859375 0.984375
4 0.5722678578125 0.3027366078125 0.3671875 0.3027366078125 0.3671875 0.3339866078125 0.5722678578125 0.3339866078125 0.5722678578125 0.3027366078125
4 0.0644553578125 0.5175803578125 0.0332053578125 0.5175803578125 0.0332053578125 0.5800803578125 0.0644553578125 0.5800803578125 0.0644553578125 0.5175803578125
4 0.08203125 0.7402366078125 0.0332053578125 0.7402366078125 0.0332053578125 0.7792991078125 0.08203125 0.7792991078125 0.08203125 0.7402366078125
4 0.125 0.7011741078125 0.0859375 0.7011741078125 0.0859375 0.79296875 0.125 0.79296875 0.125 0.7011741078125