4 0.7890625 0.75390625 0.6015625 0.75390625 0.6015625 0.9511741078125 0.7890625 0.9511741078125 0.7890625 0.75390625
4 0.0917991078125 0.609375 0.0097678578125 0.609375 0.0097678578125 0.703125 0.0917991078125 0.703125 0.0917991078125 0.609375
4 0.09765625 0.7792991078125 0.00390625 0.7792991078125 0.00390625 0.92578125 0.09765625 0.92578125 0.09765625 0.7792991078125
4 0.8925803578125 0.37109375 0.84375 0.37109375 0.84375 0.7128928578125 0.8925803578125 0.7128928578125 0.8925803578125 0.37109375
8 0.0566428578125 0.8515625 0.0332053578125 0.8515625 0.0332053578125 0.8925803578125 0.0566428578125 0.8925803578125 0.0566428578125 0.8515625
8 0.0703125 0.6386741078125 0.0234375 0.6386741078125 0.0234375 0.6777366078125 0.0703125 0.6777366078125 0.0703125 0.6386741078125
8 0.0234375 0.8027366078125 0.0078125 0.8027366078125 0.0078125 0.8183616078125 0.0234375 0.8183616078125 0.0234375 0.8027366078125
8 0.8203125 0.83984375 0.79296875 0.83984375 0.79296875 0.86328125 0.8203125 0.86328125 0.8203125 0.83984375
8 0.1191428578125 0.09765625 0.0957053578125 0.09765625 0.0957053578125 0.1171875 0.1191428578125 0.1171875 0.1191428578125 0.09765625
8 0.9921875 0.828125 0.9746116078125 0.828125 0.9746116078125 0.84765625 0.9921875 0.84765625 0.9921875 0.828125
8 0.9980491078125 0.7988303578125 0.984375 0.7988303578125 0.984375 0.81640625 0.9980491078125 0.81640625 0.9980491078125 0.7988303578125
8 0.5175803578125 0.94140625 0.5019553578125 0.94140625 0.5019553578125 0.95703125 0.5175803578125 0.95703125 0.5175803578125 0.94140625
8 0.0800803578125 0.8808616078125 0.0605491078125 0.8808616078125 0.0605491078125 0.9160178578125 0.0800803578125 0.9160178578125 0.0800803578125 0.8808616078125
4 0.3457053578125 0.3964866078125 0.3222678578125 0.3964866078125 0.3222678578125 0.484375 0.3457053578125 0.484375 0.3457053578125 0.3964866078125