8 0.0841830359375 0.3773062203125 0.051022321875 0.3773062203125 0.051022321875 0.4429234453125 0.0841830359375 0.4429234453125 0.0841830359375 0.3773062203125
8 0.0841830359375 0.4374593296875 0.0102053578125 0.4374593296875 0.0102053578125 0.48940669843749995 0.0841830359375 0.48940669843749995 0.0841830359375 0.4374593296875
8 0.176022321875 0.4401913875 0.0969375 0.4401913875 0.0969375 0.49760765625000003 0.176022321875 0.49760765625000003 0.176022321875 0.4401913875
8 0.2627544640625 0.4675311 0.1658169640625 0.4675311 0.1658169640625 0.5222153109375001 0.2627544640625 0.5222153109375001 0.2627544640625 0.4675311
8 0.3622455359375 0.4675311 0.255102678125 0.4675311 0.255102678125 0.5167464109375 0.3622455359375 0.5167464109375 0.3622455359375 0.4675311
8 0.4336741078125 0.4757368421875 0.380102678125 0.4757368421875 0.380102678125 0.5140143546875 0.4336741078125 0.5140143546875 0.4336741078125 0.4757368421875
8 0.6377544640624999 0.4401913875 0.6122455359375001 0.4401913875 0.6122455359375001 0.49760765625000003 0.6377544640624999 0.49760765625000003 0.6377544640624999 0.4401913875
8 0.6428571421875 0.5058086125 0.5892857140625 0.5058086125 0.5892857140625 0.552291865625 0.6428571421875 0.552291865625 0.6428571421875 0.5058086125
8 0.716834821875 0.49213875625 0.630102678125 0.49213875625 0.630102678125 0.5358851671875 0.716834821875 0.5358851671875 0.716834821875 0.49213875625
8 0.8010223218749999 0.49760765625000003 0.7142857140625 0.49760765625000003 0.7142857140625 0.5686937796875 0.8010223218749999 0.5686937796875 0.8010223218749999 0.49760765625000003
8 0.9132633921875 0.4839377984375 0.8571428578125 0.4839377984375 0.8571428578125 0.51947846875 0.9132633921875 0.51947846875 0.9132633921875 0.4839377984375
8 0.9668348218749999 0.47300000000000003 0.918366071875 0.47300000000000003 0.918366071875 0.5304162671875 0.9668348218749999 0.5304162671875 0.9668348218749999 0.47300000000000003
8 0.994897321875 0.3581674640625 0.9438794640625 0.3581674640625 0.9438794640625 0.4429234453125 0.994897321875 0.4429234453125 0.994897321875 0.3581674640625
8 0.6352053578125 0.13670335 0.5153080359375 0.13670335 0.5153080359375 0.235133971875 0.6352053578125 0.235133971875 0.6352053578125 0.13670335
8 0.45153125000000005 0.0437464109375 0.3571428578125 0.0437464109375 0.3571428578125 0.12850239218749998 0.45153125000000005 0.12850239218749998 0.45153125000000005 0.0437464109375
8 0.4897946421875 0.3718373203125 0.3775491078125 0.3718373203125 0.3775491078125 0.42925358906250005 0.4897946421875 0.42925358906250005 0.4897946421875 0.3718373203125
8 0.1530625 0.2187272734375 0.1173482140625 0.2187272734375 0.1173482140625 0.2597416265625 0.1530625 0.2597416265625 0.1530625 0.2187272734375
8 0.8392857140625001 0.169516746875 0.8035714281249999 0.169516746875 0.8035714281249999 0.20505741562500002 0.8392857140625001 0.20505741562500002 0.8392857140625001 0.169516746875
8 0.9336741078124999 0.585100478125 0.8877544640625 0.585100478125 0.8877544640625 0.612440190625 0.9336741078124999 0.612440190625 0.9336741078124999 0.585100478125
8 0.956633928125 0.6069712921875 0.918366071875 0.6069712921875 0.918366071875 0.6343110046875 0.956633928125 0.6343110046875 0.956633928125 0.6069712921875