4 0.2109375 0.3574241078125 0.1796875 0.3574241078125 0.1796875 0.41992410781249995 0.2109375 0.41992410781249995 0.2109375 0.3574241078125
4 0.2363303578125 0.46484375 0.2128928578125 0.46484375 0.2128928578125 0.5234375 0.2363303578125 0.5234375 0.2363303578125 0.46484375
4 0.2578125 0.48828125 0.2265625 0.48828125 0.2265625 0.5449241078125 0.2578125 0.5449241078125 0.2578125 0.48828125
4 0.08203125 0.40625 0.0546875 0.40625 0.0546875 0.44726785781249995 0.08203125 0.44726785781249995 0.08203125 0.40625
4 0.1230491078125 0.375 0.09375 0.375 0.09375 0.41601785781249995 0.1230491078125 0.41601785781249995 0.1230491078125 0.375
4 0.12890625 0.52734375 0.0917991078125 0.52734375 0.0917991078125 0.5683616078125 0.12890625 0.5683616078125 0.12890625 0.52734375
8 0.1386741078125 0.8105491078125 0.0546875 0.8105491078125 0.0546875 0.8769553578125 0.1386741078125 0.8769553578125 0.1386741078125 0.8105491078125
8 0.19921875 0.9375 0.1503928578125 0.9375 0.1503928578125 0.9902366078125 0.19921875 0.9902366078125 0.19921875 0.9375
8 0.2167991078125 0.359375 0.1796875 0.359375 0.1796875 0.41601785781249995 0.2167991078125 0.41601785781249995 0.2167991078125 0.359375
8 0.2363303578125 0.46875 0.21484375 0.46875 0.21484375 0.52734375 0.2363303578125 0.52734375 0.2363303578125 0.46875
8 0.2597678578125 0.484375 0.2207053578125 0.484375 0.2207053578125 0.5488303578125 0.2597678578125 0.5488303578125 0.2597678578125 0.484375
8 0.12890625 0.52734375 0.08984375 0.52734375 0.08984375 0.5683616078125 0.12890625 0.5683616078125 0.12890625 0.52734375
8 0.0839866078125 0.38671875 0.0527366078125 0.38671875 0.0527366078125 0.45117410781249995 0.0839866078125 0.45117410781249995 0.0839866078125 0.38671875
7 0.9824241078125 0.8457053578125 0.7792991078125 0.8457053578125 0.7792991078125 0.9902366078125 0.9824241078125 0.9902366078125 0.9824241078125 0.8457053578125
5 0.6425803578125 0.25 0.3535178578125 0.25 0.3535178578125 0.7792991078125 0.6425803578125 0.7792991078125 0.6425803578125 0.25