4 0.042254464062500004 0.9063128484374999 0.000741071875 0.9063128484374999 0.000741071875 0.9897988828125 0.042254464062500004 0.9897988828125 0.042254464062500004 0.9063128484374999
8 0.515196428125 0.9369217875 0.503334821875 0.9369217875 0.503334821875 0.962899440625 0.515196428125 0.962899440625 0.515196428125 0.9369217875
8 0.5389196421875 0.94527374375 0.521125 0.94527374375 0.521125 0.9656815640625 0.5389196421875 0.9656815640625 0.5389196421875 0.94527374375
8 0.5900669640625 0.60111731875 0.561897321875 0.60111731875 0.561897321875 0.635441340625 0.5900669640625 0.635441340625 0.5900669640625 0.60111731875
8 0.548553571875 0.48237430156250005 0.5263169640625 0.48237430156250005 0.5263169640625 0.5398882687500001 0.548553571875 0.5398882687500001 0.548553571875 0.48237430156250005
8 0.5329866078125 0.6549217875 0.5181607140625 0.6549217875 0.5181607140625 0.6771843578125 0.5329866078125 0.6771843578125 0.5329866078125 0.6549217875
8 0.6004464281249999 0.47588268125 0.5678258921875 0.47588268125 0.5678258921875 0.5018547484375 0.6004464281249999 0.5018547484375 0.6004464281249999 0.47588268125
8 0.5040758921874999 0.799631284375 0.48925 0.799631284375 0.48925 0.82003910625 0.5040758921874999 0.82003910625 0.5040758921874999 0.799631284375
8 0.516678571875 0.8218938546875 0.501852678125 0.8218938546875 0.501852678125 0.854363128125 0.516678571875 0.854363128125 0.516678571875 0.8218938546875
8 0.42327678593750007 0.7959217875 0.4091919640625 0.7959217875 0.4091919640625 0.82003910625 0.42327678593750007 0.82003910625 0.42327678593750007 0.7959217875
8 0.43958482187500003 0.799631284375 0.426241071875 0.799631284375 0.426241071875 0.8218938546875 0.43958482187500003 0.8218938546875 0.43958482187500003 0.799631284375
8 0.4203125 0.7736592171875001 0.4040044640625 0.7736592171875001 0.4040044640625 0.792212290625 0.4203125 0.792212290625 0.4203125 0.7736592171875001
8 0.6308392859375 0.7940670390625 0.6115625 0.7940670390625 0.6115625 0.8163296093750001 0.6308392859375 0.8163296093750001 0.6308392859375 0.7940670390625
8 0.5263169640625 0.89888826875 0.5040758921874999 0.89888826875 0.5040758921874999 0.9211564250000001 0.5263169640625 0.9211564250000001 0.5263169640625 0.89888826875
8 0.547071428125 0.6066815640625001 0.5307633921875 0.6066815640625001 0.5307633921875 0.6252346375 0.547071428125 0.6252346375 0.547071428125 0.6066815640625001
8 0.5537455359375001 0.3070502796875 0.5389196421875 0.3070502796875 0.5389196421875 0.32838547500000004 0.5537455359375001 0.32838547500000004 0.5537455359375001 0.3070502796875
8 0.523352678125 0.312614525 0.5055580359375 0.312614525 0.5055580359375 0.3311675984375 0.523352678125 0.3311675984375 0.523352678125 0.312614525
8 0.4106741078125 0.2903519546875 0.3899196421875 0.2903519546875 0.3899196421875 0.3070502796875 0.4106741078125 0.3070502796875 0.4106741078125 0.2903519546875
8 0.43810267812500003 0.2903519546875 0.42327678593750007 0.2903519546875 0.42327678593750007 0.3144748609375 0.43810267812500003 0.3144748609375 0.43810267812500003 0.2903519546875
8 0.285397321875 0.60111731875 0.26241517812500004 0.60111731875 0.26241517812500004 0.6270893859375 0.285397321875 0.6270893859375 0.285397321875 0.60111731875
7 0 0.5769944140625001 0.1882857140625 0.5769944140625001 0.1882857140625 0.12894413437500002 0 0.12894413437500002 0 0.5769944140625001
8 0.5248348218750001 0.12708938593750002 0.5129732140625001 0.12708938593750002 0.5129732140625001 0.1539888265625 0.5248348218750001 0.1539888265625 0.5248348218750001 0.12708938593750002
1 0.578946428125 0.496290503125 0.46182142812500004 0.496290503125 0.46182142812500004 0.7050111734375 0.578946428125 0.7050111734375 0.578946428125 0.496290503125
1 0.5693125 0.73377095 0.432915178125 0.73377095 0.432915178125 0.92950279375 0.5693125 0.92950279375 0.5693125 0.73377095
1 0.7383258921875 0.5102067046875 0.638991071875 0.5102067046875 0.638991071875 0.6372960890625 0.7383258921875 0.6372960890625 0.7383258921875 0.5102067046875
1 0.4870267859375 0 0.4870267859375 0.0751396640625 0.530022321875 0.0751396640625 0.530022321875 0 0.4870267859375 0
1 0.9192008921875001 0.879407821875 0.7309107140625 0.879407821875 0.7309107140625 0.9981508375000001 0.9192008921875001 0.9981508375000001 0.9192008921875001 0.879407821875
8 0.5952544640624999 0.5603016765625 0.5833973218749999 0.5603016765625 0.5833973218749999 0.5769944140625001 0.5952544640624999 0.5769944140625001 0.5952544640624999 0.5603016765625
8 0.4217946421875 0.1391452515625 0.407709821875 0.1391452515625 0.407709821875 0.1623407828125 0.4217946421875 0.1623407828125 0.4217946421875 0.1391452515625