3 0.1113303578125 0.75390625 0.0546875 0.75390625 0.0546875 0.81640625 0.1113303578125 0.81640625 0.1113303578125 0.75390625
3 0.17578125 0.796875 0.12890625 0.796875 0.12890625 0.84375 0.17578125 0.84375 0.17578125 0.796875
3 0.1972678578125 0.875 0.11328125 0.875 0.11328125 0.9765625 0.1972678578125 0.9765625 0.1972678578125 0.875
3 0.875 0.84375 0.66015625 0.84375 0.66015625 0.9824241078125 0.875 0.9824241078125 0.875 0.84375
3 0.9785178578125 0.43164285781249995 0.6464866078125 0.43164285781249995 0.6464866078125 0.6953125 0.9785178578125 0.6953125 0.9785178578125 0.43164285781249995
3 0.1875 0 0.1875 0.41211160781249995 0.5644553578125 0.41211160781249995 0.5644553578125 0 0.1875 0
3 0.7167991078125 0.0859375 0.6347678578125 0.0859375 0.6347678578125 0.19140625 0.7167991078125 0.19140625 0.7167991078125 0.0859375
3 0.1484375 0.3691428578125 0.00390625 0.3691428578125 0.00390625 0.5527366078125 0.1484375 0.5527366078125 0.1484375 0.3691428578125
3 0.2441428578125 0.5859375 0.0019553578125 0.5859375 0.0019553578125 0.73046875 0.2441428578125 0.73046875 0.2441428578125 0.5859375
4 0.40234375 0.8125 0.3574241078125 0.8125 0.3574241078125 0.99609375 0.40234375 0.99609375 0.40234375 0.8125
4 0.50390625 0.87109375 0.46484375 0.87109375 0.46484375 0.97265625 0.50390625 0.97265625 0.50390625 0.87109375
4 0.62890625 0.8417991078125 0.5644553578125 0.8417991078125 0.5644553578125 0.93359375 0.62890625 0.93359375 0.62890625 0.8417991078125
4 0.44726785781249995 0.6425803578125 0.40429910781249995 0.6425803578125 0.40429910781249995 0.7050803578125 0.44726785781249995 0.7050803578125 0.44726785781249995 0.6425803578125
4 0.6152366078125 0.53515625 0.58203125 0.53515625 0.58203125 0.6171875 0.6152366078125 0.6171875 0.6152366078125 0.53515625
4 0.40625 0.44921875 0.3261741078125 0.44921875 0.3261741078125 0.5019553578125 0.40625 0.5019553578125 0.40625 0.44921875
4 0.24609375 0.86328125 0.20703125 0.86328125 0.20703125 0.9296875 0.24609375 0.9296875 0.24609375 0.86328125
4 0.29296875 0.8222678578125 0.25 0.8222678578125 0.25 0.88671875 0.29296875 0.88671875 0.29296875 0.8222678578125
2 0.9238303578125 0.1796875 0.0917991078125 0.1796875 0.0917991078125 0.94921875 0.9238303578125 0.94921875 0.9238303578125 0.1796875
4 0.6953125 0.1074241078125 0.65625 0.1074241078125 0.65625 0.1796875 0.6953125 0.1796875 0.6953125 0.1074241078125
4 0.546875 0.015625 0.2363303578125 0.015625 0.2363303578125 0.3984375 0.546875 0.3984375 0.546875 0.015625
4 0.1191428578125 0.375 0.0058616078125 0.375 0.0058616078125 0.5371116078125 0.1191428578125 0.5371116078125 0.1191428578125 0.375
4 0.86328125 0.4453125 0.6621116078125 0.4453125 0.6621116078125 0.6191428578125 0.86328125 0.6191428578125 0.86328125 0.4453125
4 0.97265625 0.484375 0.88671875 0.484375 0.88671875 0.54296875 0.97265625 0.54296875 0.97265625 0.484375
4 0.1582053578125 0.8046875 0.14453125 0.8046875 0.14453125 0.8359375 0.1582053578125 0.8359375 0.1582053578125 0.8046875
3 0.2441428578125 0.8886741078125 0.2128928578125 0.8886741078125 0.2128928578125 0.9277366078125 0.2441428578125 0.9277366078125 0.2441428578125 0.8886741078125
3 0.19921875 0.7480491078125 0.025392857812500003 0.7480491078125 0.025392857812500003 0.9902366078125 0.19921875 0.9902366078125 0.19921875 0.7480491078125
4 0.375 0.5449241078125 0.3515625 0.5449241078125 0.3515625 0.5878928578125 0.375 0.5878928578125 0.375 0.5449241078125
4 0.9785178578125 0.64453125 0.94140625 0.64453125 0.94140625 0.6894553578125 0.9785178578125 0.6894553578125 0.9785178578125 0.64453125