8 0.6819866078125 0.31911173125 0.6226830359375 0.31911173125 0.6226830359375 0.4619664796875 0.6819866078125 0.4619664796875 0.6819866078125 0.31911173125
8 0.7301696421874999 0.4118770953125 0.6849508921874999 0.4118770953125 0.6849508921874999 0.5157709500000001 0.7301696421874999 0.5157709500000001 0.7301696421874999 0.4118770953125
8 0.6212008921875001 0.4359944140625 0.5693125 0.4359944140625 0.5693125 0.5083519546875 0.6212008921875001 0.5083519546875 0.6212008921875001 0.4359944140625
8 0.4729419640625 0.4656815640625 0.424758928125 0.4656815640625 0.424758928125 0.5603016765625 0.4729419640625 0.5603016765625 0.4729419640625 0.4656815640625
8 0.701258928125 0.5825642453125 0.6738303578125 0.5825642453125 0.6738303578125 0.613173184375 0.701258928125 0.613173184375 0.701258928125 0.5825642453125
8 0.7242410718750001 0.628944134375 0.6834687500000001 0.628944134375 0.6834687500000001 0.6827486031250001 0.7242410718750001 0.6827486031250001 0.7242410718750001 0.628944134375
8 0.6738303578125 0.64749720625 0.6449241078125 0.64749720625 0.6449241078125 0.6827486031250001 0.6738303578125 0.6827486031250001 0.6738303578125 0.64749720625
8 0.637508928125 0.6549217875 0.6115625 0.6549217875 0.6115625 0.6855307265625 0.637508928125 0.6855307265625 0.637508928125 0.6549217875
8 0.510008928125 0.737480446875 0.48925 0.737480446875 0.48925 0.7560335203124999 0.510008928125 0.7560335203124999 0.510008928125 0.737480446875
8 0.5581919640625 0.74211731875 0.5226071421875 0.74211731875 0.5226071421875 0.8024134078125 0.5581919640625 0.8024134078125 0.5581919640625 0.74211731875
8 0.618977678125 0.699446928125 0.552258928125 0.699446928125 0.552258928125 0.7736592171875001 0.618977678125 0.7736592171875001 0.618977678125 0.699446928125
8 0.521125 0.4619664796875 0.4810982140625 0.4619664796875 0.4810982140625 0.5 0.521125 0.5 0.521125 0.4619664796875
8 0.587102678125 0.371061453125 0.56115625 0.371061453125 0.56115625 0.3998156421875 0.587102678125 0.3998156421875 0.587102678125 0.371061453125
8 0.5885848218749999 0.24211731875 0.5581919640625 0.24211731875 0.5581919640625 0.27458100625 0.5885848218749999 0.27458100625 0.5885848218749999 0.24211731875
8 0.8302455359375 0.141 0.7976294640625 0.141 0.7976294640625 0.16975977656250002 0.8302455359375 0.16975977656250002 0.8302455359375 0.141
8 0.8087455359375 0.20222905 0.7865089281250001 0.20222905 0.7865089281250001 0.246754190625 0.8087455359375 0.246754190625 0.8087455359375 0.20222905
8 0.6679017859374999 0.9749553078125001 0.6078571421875 0.9749553078125001 0.6078571421875 0.9990782125000001 0.6679017859374999 0.9990782125000001 0.6679017859374999 0.9749553078125001
8 0.6916249999999999 0.94527374375 0.664196428125 0.94527374375 0.664196428125 0.9814525140624999 0.6916249999999999 0.9814525140624999 0.6916249999999999 0.94527374375
8 0.8977008921875 0.479592178125 0.8813928578124999 0.479592178125 0.8813928578124999 0.5 0.8977008921875 0.5 0.8977008921875 0.479592178125
8 0.647147321875 0.6085363125 0.6160133921875001 0.6085363125 0.6160133921875001 0.6391508375 0.647147321875 0.6391508375 0.647147321875 0.6085363125
8 0.64640625 0.5723575421875 0.6278705359375001 0.5723575421875 0.6278705359375001 0.5946201125 0.64640625 0.5946201125 0.64640625 0.5723575421875
8 0.6723482140625 0.60111731875 0.6582633921875 0.60111731875 0.6582633921875 0.6233798875 0.6723482140625 0.6233798875 0.6723482140625 0.60111731875
8 0.4455133921875 0.6345083796875 0.424758928125 0.6345083796875 0.424758928125 0.659558659375 0.4455133921875 0.659558659375 0.4455133921875 0.6345083796875
7 0.1712366078125 0.21985474843750002 0.000741071875 0.21985474843750002 0.000741071875 0.7513966484375 0.1712366078125 0.7513966484375 0.1712366078125 0.21985474843750002
3 0.309116071875 0.3914692734375 0.2787232140625 0.3914692734375 0.2787232140625 0.4239329609375 0.309116071875 0.4239329609375 0.309116071875 0.3914692734375
3 0.225352678125 0.546385475 0.20162946406249999 0.546385475 0.20162946406249999 0.5667932953125 0.225352678125 0.5667932953125 0.225352678125 0.546385475
3 0.200147321875 0.5881284921875001 0.18532142812500002 0.5881284921875001 0.18532142812500002 0.6103910609375001 0.200147321875 0.6103910609375001 0.200147321875 0.5881284921875001
3 0.27724107187499997 0.6530614531250001 0.2609330359375 0.6530614531250001 0.2609330359375 0.6771843578125 0.27724107187499997 0.6771843578125 0.27724107187499997 0.6530614531250001
3 0.25129910781250003 0.5927653625 0.23499107187499998 0.5927653625 0.23499107187499998 0.6085363125 0.25129910781250003 0.6085363125 0.25129910781250003 0.5927653625
3 0.3328392859375 0.7133631281249999 0.31060267812500003 0.7133631281249999 0.31060267812500003 0.74118994375 0.3328392859375 0.74118994375 0.3328392859375 0.7133631281249999
3 0.200147321875 0.9434189937499999 0.1756875 0.9434189937499999 0.1756875 0.973100559375 0.200147321875 0.973100559375 0.200147321875 0.9434189937499999
3 0.9955535718749999 0.3571452515625 0.9792455359375 0.3571452515625 0.9792455359375 0.3914692734375 0.9955535718749999 0.3914692734375 0.9955535718749999 0.3571452515625
3 0.5774642859375 0.3330279328125 0.556709821875 0.3330279328125 0.556709821875 0.362709496875 0.5774642859375 0.362709496875 0.5774642859375 0.3330279328125
3 0.5515178578125 0.2486089390625 0.5374330359374999 0.2486089390625 0.5374330359374999 0.27458100625 0.5515178578125 0.27458100625 0.5515178578125 0.2486089390625
3 0.3350625 0.22820111718749997 0.3143080359375 0.22820111718749997 0.3143080359375 0.2588156421875 0.3350625 0.2588156421875 0.3350625 0.22820111718749997
3 0.0437366078125 0.4155865921875 0.0244642859375 0.4155865921875 0.0244642859375 0.4397039109375 0.0437366078125 0.4397039109375 0.0437366078125 0.4155865921875
3 0.0837678578125 0.4109497203125 0.064491071875 0.4109497203125 0.064491071875 0.43321229062500005 0.0837678578125 0.43321229062500005 0.0837678578125 0.4109497203125
3 0.0163080359375 0.4434134078125 0.0022232140625000002 0.4434134078125 0.0022232140625000002 0.46753631249999994 0.0163080359375 0.46753631249999994 0.0163080359375 0.4434134078125
3 0.0904375 0.6753296093750001 0.07116517812499999 0.6753296093750001 0.07116517812499999 0.705938546875 0.0904375 0.705938546875 0.0904375 0.6753296093750001
3 0.0518883921875 0.66326815625 0.035580357812500005 0.66326815625 0.035580357812500005 0.691094971875 0.0518883921875 0.691094971875 0.0518883921875 0.66326815625
3 0.0874732140625 0.308905028125 0.07116517812499999 0.308905028125 0.07116517812499999 0.3330279328125 0.0874732140625 0.3330279328125 0.0874732140625 0.308905028125
3 0.1519642859375 0.27458100625 0.13046875 0.27458100625 0.13046875 0.300558659375 0.1519642859375 0.300558659375 0.1519642859375 0.27458100625
3 0.19940625 0.31911173125 0.1771696421875 0.31911173125 0.1771696421875 0.34322905000000004 0.19940625 0.34322905000000004 0.19940625 0.31911173125
3 0.0370625 0.21613966406250001 0.017790178125 0.21613966406250001 0.017790178125 0.2439720671875 0.0370625 0.2439720671875 0.0370625 0.21613966406250001
3 0.2965178578125 0.016698323437500003 0.2735357140625 0.016698323437500003 0.2735357140625 0.044525139062500003 0.2965178578125 0.044525139062500003 0.2965178578125 0.016698323437500003
3 0.47961607187500005 0.07050279375 0.45885714218749996 0.07050279375 0.45885714218749996 0.104826815625 0.47961607187500005 0.104826815625 0.47961607187500005 0.07050279375
3 0.2335044640625 0.014843575000000001 0.21275 0.014843575000000001 0.21275 0.044525139062500003 0.2335044640625 0.044525139062500003 0.2335044640625 0.014843575000000001
3 0.733875 0.11502793281249998 0.7138616078125 0.11502793281249998 0.7138616078125 0.137290503125 0.733875 0.137290503125 0.733875 0.11502793281249998
3 0.3365446421875 0.7903575421875 0.302446428125 0.7903575421875 0.302446428125 0.8283910609375 0.3365446421875 0.8283910609375 0.3365446421875 0.7903575421875
3 0.37509375 0.72727374375 0.352852678125 0.72727374375 0.352852678125 0.7597430171874999 0.37509375 0.7597430171874999 0.37509375 0.72727374375
3 0.9970357140624999 0.7476815640625001 0.9733124999999999 0.7476815640625001 0.9733124999999999 0.7838603359375 0.9970357140624999 0.7838603359375 0.9970357140624999 0.7476815640625001
8 0.6597500000000001 0.8144748609375 0.6367678578125 0.8144748609375 0.6367678578125 0.8460167593750001 0.6597500000000001 0.8460167593750001 0.6597500000000001 0.8144748609375
8 0.6160133921875001 0.8506536312499999 0.5952544640624999 0.8506536312499999 0.5952544640624999 0.8747709499999999 0.6160133921875001 0.8747709499999999 0.6160133921875001 0.8506536312499999
8 0.761303571875 0.8682793296875 0.7435133921875 0.8682793296875 0.7435133921875 0.8923966484375001 0.761303571875 0.8923966484375001 0.761303571875 0.8682793296875
8 0.434397321875 0.8024134078125 0.4106741078125 0.8024134078125 0.4106741078125 0.8265363125 0.434397321875 0.8265363125 0.434397321875 0.8024134078125
3 0.225352678125 0.5946201125 0.2075625 0.5946201125 0.2075625 0.61688826875 0.225352678125 0.61688826875 0.225352678125 0.5946201125
3 0.2379553578125 0.61688826875 0.22090625 0.61688826875 0.22090625 0.6372960890625 0.2379553578125 0.6372960890625 0.2379553578125 0.61688826875
3 0.2609330359375 0.6252346375 0.244625 0.6252346375 0.244625 0.6493519546875001 0.2609330359375 0.6493519546875001 0.2609330359375 0.6252346375
3 0.19199553593750002 0.6270893859375 0.1756875 0.6270893859375 0.1756875 0.6493519546875001 0.19199553593750002 0.6493519546875001 0.19199553593750002 0.6270893859375
8 0.5515178578125 0.620597765625 0.5359508921875 0.620597765625 0.5359508921875 0.6428603359375 0.5515178578125 0.6428603359375 0.5515178578125 0.620597765625
8 0.5678258921875 0.5445307265625 0.5322455359375 0.5445307265625 0.5322455359375 0.6029720671875001 0.5678258921875 0.6029720671875001 0.5678258921875 0.5445307265625
5 0.587102678125 0.589055865625 0.5062991078125 0.589055865625 0.5062991078125 0.6966648046875 0.587102678125 0.6966648046875 0.587102678125 0.589055865625
8 0.0882142859375 0.3181843578125 0.07709375 0.3181843578125 0.07709375 0.3311675984375 0.0882142859375 0.3311675984375 0.0882142859375 0.3181843578125
8 0.2920669640625 0.0222625703125 0.2779821421875 0.0222625703125 0.2779821421875 0.0380335203125 0.2920669640625 0.0380335203125 0.2920669640625 0.0222625703125
8 0.5893258921875 0.254173184375 0.5707946421875 0.254173184375 0.5707946421875 0.27272625625 0.5893258921875 0.27272625625 0.5893258921875 0.254173184375
8 0.5722767859375 0.23933519531249997 0.556709821875 0.23933519531249997 0.556709821875 0.26159776562500003 0.5722767859375 0.26159776562500003 0.5722767859375 0.23933519531249997
8 0.9962946421875 0.359 0.9859151781250001 0.359 0.9859151781250001 0.378480446875 0.9962946421875 0.378480446875 0.9962946421875 0.359
8 0.9977767859375 0.7560335203124999 0.98665625 0.7560335203124999 0.98665625 0.7801508375 0.9977767859375 0.7801508375 0.9977767859375 0.7560335203124999
8 0.221647321875 0.5964748609375 0.21052678593750002 0.5964748609375 0.21052678593750002 0.614100559375 0.221647321875 0.614100559375 0.221647321875 0.5964748609375
8 0.1979241078125 0.9536201125 0.18680357187500002 0.9536201125 0.18680357187500002 0.9740279328125 0.1979241078125 0.9740279328125 0.1979241078125 0.9536201125
8 0.47071874999999996 0.0769944140625 0.4610803578125 0.0769944140625 0.4610803578125 0.0936927375 0.47071874999999996 0.0936927375 0.47071874999999996 0.0769944140625
8 0.3061517859375 0.3961061453125 0.2935491078125 0.3961061453125 0.2935491078125 0.4155865921875 0.3061517859375 0.4155865921875 0.3061517859375 0.3961061453125
8 0.2920669640625 0.39796089375 0.2816919640625 0.39796089375 0.2816919640625 0.4230055859375 0.2920669640625 0.4230055859375 0.2920669640625 0.39796089375
3 0.5685714281250001 0.6567765359375 0.5441071421875 0.6567765359375 0.5441071421875 0.6901675984375 0.5685714281250001 0.6901675984375 0.5685714281250001 0.6567765359375