5 0.7578125 0.1328125 0.2734375 0.1328125 0.2734375 0.578125 0.7578125 0.578125 0.7578125 0.1328125
5 0.26953125 0.1855491078125 0.08984375 0.1855491078125 0.08984375 0.42773660781249995 0.26953125 0.42773660781249995 0.26953125 0.1855491078125
4 0.8339866078125 0.22265625 0.796875 0.22265625 0.796875 0.2636741078125 0.8339866078125 0.2636741078125 0.8339866078125 0.22265625
4 0.0546875 0.36328125 0.01953125 0.36328125 0.01953125 0.41015625 0.0546875 0.41015625 0.0546875 0.36328125
4 0.0332053578125 0.42578125 0.0019553578125 0.42578125 0.0019553578125 0.5058616078125 0.0332053578125 0.5058616078125 0.0332053578125 0.42578125
4 0.02734375 0.5546875 0.00390625 0.5546875 0.00390625 0.61328125 0.02734375 0.61328125 0.02734375 0.5546875
4 0.06640625 0.7167991078125 0.015625 0.7167991078125 0.015625 0.7675803578125 0.06640625 0.7675803578125 0.06640625 0.7167991078125
4 0.8535178578125 0.01953125 0.7792991078125 0.01953125 0.7792991078125 0.0996116078125 0.8535178578125 0.0996116078125 0.8535178578125 0.01953125
4 0.1269553578125 0.171875 0.0839866078125 0.171875 0.0839866078125 0.2480491078125 0.1269553578125 0.2480491078125 0.1269553578125 0.171875
4 0.0996116078125 0.11328125 0.05078125 0.11328125 0.05078125 0.16015625 0.0996116078125 0.16015625 0.0996116078125 0.11328125
4 0.0371116078125 0.1328125 0.0058616078125 0.1328125 0.0058616078125 0.1738303578125 0.0371116078125 0.1738303578125 0.0371116078125 0.1328125
4 0.0859375 0 0.0859375 0.0839866078125 0.1816428578125 0.0839866078125 0.1816428578125 0 0.0859375 0
4 0.25390625 0.0214866078125 0.2050803578125 0.0214866078125 0.2050803578125 0.078125 0.25390625 0.078125 0.25390625 0.0214866078125
7 0.921875 0.8417991078125 0.7636741078125 0.8417991078125 0.7636741078125 0.9980491078125 0.921875 0.9980491078125 0.921875 0.8417991078125