4 0.25390625 0.46289285781249995 0.2128928578125 0.46289285781249995 0.2128928578125 0.53515625 0.25390625 0.53515625 0.25390625 0.46289285781249995
4 0.21484375 0.3730491078125 0.18359375 0.3730491078125 0.18359375 0.4140625 0.21484375 0.4140625 0.21484375 0.3730491078125
4 0.21484375 0.32421875 0.1738303578125 0.32421875 0.1738303578125 0.3574241078125 0.21484375 0.3574241078125 0.21484375 0.32421875
8 0.12890625 0.8066428578125 0.0449241078125 0.8066428578125 0.0449241078125 0.8886741078125 0.12890625 0.8886741078125 0.12890625 0.8066428578125
8 0.1953125 0.91796875 0.1425803578125 0.91796875 0.1425803578125 0.99609375 0.1953125 0.99609375 0.1953125 0.91796875
8 0.1308616078125 0.52734375 0.09765625 0.52734375 0.09765625 0.5703125 0.1308616078125 0.5703125 0.1308616078125 0.52734375
4 0.0859375 0.40429910781249995 0.0527366078125 0.40429910781249995 0.0527366078125 0.4765625 0.0859375 0.4765625 0.0859375 0.40429910781249995
4 0.1269553578125 0.38671875 0.08984375 0.38671875 0.08984375 0.42773660781249995 0.1269553578125 0.42773660781249995 0.1269553578125 0.38671875
4 0.0214866078125 0.47070535781249995 0.0019553578125 0.47070535781249995 0.0019553578125 0.56640625 0.0214866078125 0.56640625 0.0214866078125 0.47070535781249995
5 0.7441428578125 0.2011741078125 0.32421875 0.2011741078125 0.32421875 0.8847678578125 0.7441428578125 0.8847678578125 0.7441428578125 0.2011741078125
2 0.98828125 0.0058616078125 0.40429910781249995 0.0058616078125 0.40429910781249995 0.9921875 0.98828125 0.9921875 0.98828125 0.0058616078125
7 0.99609375 0.76171875 0.7011741078125 0.76171875 0.7011741078125 0.9921875 0.99609375 0.9921875 0.99609375 0.76171875