7 0.3239419640625 0.9146592171875 0.221647321875 0.9146592171875 0.221647321875 0.995363128125 0.3239419640625 0.995363128125 0.3239419640625 0.9146592171875
5 0.9888794640624999 0.3256033515625 0.6597500000000001 0.3256033515625 0.6597500000000001 0.9870167593750001 0.9888794640624999 0.9870167593750001 0.9888794640624999 0.3256033515625
3 0.47368303593750005 0.3033407828125 0.4106741078125 0.3033407828125 0.4106741078125 0.49443575468749995 0.47368303593750005 0.49443575468749995 0.47368303593750005 0.3033407828125
8 0.6026696421875 0.6558491625 0.5707946421875 0.6558491625 0.5707946421875 0.7040837984375 0.6026696421875 0.7040837984375 0.6026696421875 0.6558491625
8 0.3506294640625 0.7588156421875001 0.3239419640625 0.7588156421875001 0.3239419640625 0.78757541875 0.3506294640625 0.78757541875 0.3506294640625 0.7588156421875001
3 0.312084821875 0.77273184375 0.2861383921875 0.77273184375 0.2861383921875 0.7968491625 0.312084821875 0.7968491625 0.312084821875 0.77273184375
3 0.317272321875 0.1382178765625 0.22016517812499997 0.1382178765625 0.22016517812499997 0.4267206703125 0.317272321875 0.4267206703125 0.317272321875 0.1382178765625
3 0.26241517812500004 0.3923966484375 0.1957008921875 0.3923966484375 0.1957008921875 0.6150279328125 0.26241517812500004 0.6150279328125 0.26241517812500004 0.3923966484375
3 0.7902142859375 0.0222625703125 0.7272053578125 0.0222625703125 0.7272053578125 0.089983240625 0.7902142859375 0.089983240625 0.7902142859375 0.0222625703125
3 0.7405491078125 0.1196648046875 0.6871741078125 0.1196648046875 0.6871741078125 0.19665921718749999 0.7405491078125 0.19665921718749999 0.7405491078125 0.1196648046875
8 0.8821339281249999 0.011134078125 0.858415178125 0.011134078125 0.858415178125 0.105754190625 0.8821339281249999 0.105754190625 0.8821339281249999 0.011134078125
8 0.8391383921875001 0.0575139671875 0.8020758921875 0.0575139671875 0.8020758921875 0.10111173124999999 0.8391383921875001 0.10111173124999999 0.8391383921875001 0.0575139671875
8 0.6352857140625 0.0528770953125 0.59821875 0.0528770953125 0.59821875 0.0992569828125 0.6352857140625 0.0992569828125 0.6352857140625 0.0528770953125
3 0.6760580359375 0.152134078125 0.6597500000000001 0.152134078125 0.6597500000000001 0.18089385468750002 0.6760580359375 0.18089385468750002 0.6760580359375 0.152134078125
3 0.7205357140624999 0.0454525140625 0.6938482140625 0.0454525140625 0.6938482140625 0.0992569828125 0.7205357140624999 0.0992569828125 0.7205357140624999 0.0454525140625
3 0.709415178125 0.22449162031249997 0.6953303578125001 0.22449162031249997 0.6953303578125001 0.25324580937499996 0.709415178125 0.25324580937499996 0.709415178125 0.22449162031249997
3 0.7664955359375 0.2328379890625 0.7420312499999999 0.2328379890625 0.7420312499999999 0.255100559375 0.7664955359375 0.255100559375 0.7664955359375 0.2328379890625
3 0.7531517859375 0.4656815640625 0.7242410718750001 0.4656815640625 0.7242410718750001 0.518553071875 0.7531517859375 0.518553071875 0.7531517859375 0.4656815640625
3 0.8080044640624999 0.5120614531250001 0.7842857140625 0.5120614531250001 0.7842857140625 0.5482402234375 0.8080044640624999 0.5482402234375 0.8080044640624999 0.5120614531250001
8 0.4558928578125 0.22541899375000002 0.42327678593750007 0.22541899375000002 0.42327678593750007 0.255100559375 0.4558928578125 0.255100559375 0.4558928578125 0.22541899375000002
3 0.5707946421875 0.089055865625 0.5463303578125001 0.089055865625 0.5463303578125001 0.12616201093749999 0.5707946421875 0.12616201093749999 0.5707946421875 0.089055865625
8 0.361008928125 0.0102067046875 0.3239419640625 0.0102067046875 0.3239419640625 0.0408156421875 0.361008928125 0.0408156421875 0.361008928125 0.0102067046875
8 0.394366071875 0.0528770953125 0.3461830359375 0.0528770953125 0.3461830359375 0.14564245781250001 0.394366071875 0.14564245781250001 0.394366071875 0.0528770953125
3 0.1875446421875 0.0064916203125 0.11712499999999999 0.0064916203125 0.11712499999999999 0.1159553078125 0.1875446421875 0.1159553078125 0.1875446421875 0.0064916203125
8 0.22016517812499997 0.0834860328125 0.1326919640625 0.0834860328125 0.1326919640625 0.14378770937500002 0.22016517812499997 0.14378770937500002 0.22016517812499997 0.0834860328125
8 0.1601205359375 0.20686592187500003 0.1245357140625 0.20686592187500003 0.1245357140625 0.24489944062500002 0.1601205359375 0.24489944062500002 0.1601205359375 0.20686592187500003
8 0.212008928125 0.22263687187499998 0.16530803593750001 0.22263687187499998 0.16530803593750001 0.25788826875000004 0.212008928125 0.25788826875000004 0.212008928125 0.22263687187499998
8 0.22312946406249998 0.19665921718749999 0.180133928125 0.19665921718749999 0.180133928125 0.22727374375 0.22312946406249998 0.22727374375 0.22312946406249998 0.19665921718749999
8 0.1927366078125 0.26345251406250003 0.1527053578125 0.26345251406250003 0.1527053578125 0.29592178750000003 0.1927366078125 0.29592178750000003 0.1927366078125 0.26345251406250003
3 0.212008928125 0.26994413437500003 0.1979241078125 0.26994413437500003 0.1979241078125 0.3033407828125 0.212008928125 0.3033407828125 0.212008928125 0.26994413437500003
8 0.3869553578125 0.27179888281250003 0.3602678578125 0.27179888281250003 0.3602678578125 0.30983240156249997 0.3869553578125 0.30983240156249997 0.3869553578125 0.27179888281250003
8 0.5678258921875 0.3218938546875 0.5366919640625001 0.3218938546875 0.5366919640625001 0.3729162015625 0.5678258921875 0.3729162015625 0.5678258921875 0.3218938546875
3 0.5159374999999999 0.46753631249999994 0.4217946421875 0.46753631249999994 0.4217946421875 0.5946201125 0.5159374999999999 0.5946201125 0.5159374999999999 0.46753631249999994
5 0.4951830359375 0.5667932953125 0.2409196421875 0.5667932953125 0.2409196421875 0.7968491625 0.4951830359375 0.7968491625 0.4951830359375 0.5667932953125
5 0.6241651781249999 0.00834636875 0.4773928578125 0.00834636875 0.4773928578125 0.11224580937499999 0.6241651781249999 0.11224580937499999 0.6241651781249999 0.00834636875
5 0.9859151781250001 0.014843575000000001 0.7857678578125 0.014843575000000001 0.7857678578125 0.35621787656250004 0.9859151781250001 0.35621787656250004 0.9859151781250001 0.014843575000000001
8 0.25055803593750003 0.13172625625 0.21423214218750003 0.13172625625 0.21423214218750003 0.16790502812500002 0.25055803593750003 0.16790502812500002 0.25055803593750003 0.13172625625
8 0.3143080359375 0.175324021875 0.218678571875 0.175324021875 0.218678571875 0.370134078125 0.3143080359375 0.370134078125 0.3143080359375 0.175324021875
8 0.3461830359375 0.32931284843749997 0.329133928125 0.32931284843749997 0.329133928125 0.35250837968750004 0.3461830359375 0.35250837968750004 0.3461830359375 0.32931284843749997
8 0.4284642859375 0.5491675984375 0.4143794640625 0.5491675984375 0.4143794640625 0.5593743015625 0.4284642859375 0.5593743015625 0.4284642859375 0.5491675984375
8 0.86434375 0.20222905 0.8569330359375 0.20222905 0.8569330359375 0.21892737499999998 0.86434375 0.21892737499999998 0.86434375 0.20222905
8 0.876946428125 0.20222905 0.8673080359374999 0.20222905 0.8673080359374999 0.21613966406250001 0.876946428125 0.21613966406250001 0.876946428125 0.20222905
8 0.8665669640625 0.24304469218750002 0.8569330359375 0.24304469218750002 0.8569330359375 0.2588156421875 0.8665669640625 0.2588156421875 0.8665669640625 0.24304469218750002
8 0.8776875000000001 0.06957541874999999 0.8665669640625 0.06957541874999999 0.8665669640625 0.089983240625 0.8776875000000001 0.089983240625 0.8776875000000001 0.06957541874999999
8 0.8673080359374999 0.0807039109375 0.859897321875 0.0807039109375 0.859897321875 0.10018435781249999 0.8673080359374999 0.10018435781249999 0.8673080359374999 0.0807039109375
8 0.8813928578124999 0.0324692734375 0.8628616078125001 0.0324692734375 0.8628616078125001 0.06864804531249999 0.8813928578124999 0.06864804531249999 0.8813928578124999 0.0324692734375
8 0.878428571875 0.00927374375 0.8621205359375 0.00927374375 0.8621205359375 0.035251396875 0.878428571875 0.035251396875 0.878428571875 0.00927374375
8 0.8176428578125 0.0640055859375 0.8080044640624999 0.0640055859375 0.8080044640624999 0.0769944140625 0.8176428578125 0.0769944140625 0.8176428578125 0.0640055859375
8 0.8354330359375 0.0714301671875 0.8243124999999999 0.0714301671875 0.8243124999999999 0.08627374374999999 0.8354330359375 0.08627374374999999 0.8354330359375 0.0714301671875
8 0.7123794640625001 0.0760670390625 0.702741071875 0.0760670390625 0.702741071875 0.0927653625 0.7123794640625001 0.0927653625 0.7123794640625001 0.0760670390625
8 0.7205357140624999 0.15677095000000002 0.7123794640625001 0.15677095000000002 0.7123794640625001 0.16883240156249998 0.7205357140624999 0.16883240156249998 0.7205357140624999 0.15677095000000002
8 0.6753169640625 0.159553071875 0.6664196421875 0.159553071875 0.6664196421875 0.17346927343750002 0.6753169640625 0.17346927343750002 0.6753169640625 0.159553071875
8 0.6034107140625 0.014843575000000001 0.5893258921875 0.014843575000000001 0.5893258921875 0.0371061453125 0.6034107140625 0.0371061453125 0.6034107140625 0.014843575000000001
8 0.6404732140625 0.018553071875 0.632321428125 0.018553071875 0.632321428125 0.0315419 0.6404732140625 0.0315419 0.6404732140625 0.018553071875
8 0.44699999999999995 0.23191061406250002 0.4366205359375 0.23191061406250002 0.4366205359375 0.25324580937499996 0.44699999999999995 0.25324580937499996 0.44699999999999995 0.23191061406250002
8 0.4366205359375 0.23376536250000002 0.4277232140625 0.23376536250000002 0.4277232140625 0.25231843593750003 0.4366205359375 0.25231843593750003 0.4366205359375 0.23376536250000002
7 0.22016517812499997 0.06864804531249999 0.000741071875 0.06864804531249999 0.000741071875 0.9981508375000001 0.22016517812499997 0.9981508375000001 0.22016517812499997 0.06864804531249999
3 0.6174955359375 0.6771843578125 0.5782053578124999 0.6771843578125 0.5782053578124999 0.7235642453125 0.6174955359375 0.7235642453125 0.6174955359375 0.6771843578125
3 0.6478883921875 0.0018547484375 0.5441071421875 0.0018547484375 0.5441071421875 0.050094971875000005 0.6478883921875 0.050094971875000005 0.6478883921875 0.0018547484375
3 0.5329866078125 0.043597765625 0.4937008921875 0.043597765625 0.4937008921875 0.08534636875 0.5329866078125 0.08534636875 0.5329866078125 0.043597765625
3 0.8873258921874999 0.10296647968749999 0.8339508921875 0.10296647968749999 0.8339508921875 0.1929497203125 0.8873258921874999 0.1929497203125 0.8873258921874999 0.10296647968749999
3 0.8843571421875 0.2486089390625 0.819125 0.2486089390625 0.819125 0.36641899375000003 0.8843571421875 0.36641899375000003 0.8843571421875 0.2486089390625
8 0.18235714218750002 0.0102067046875 0.1237946421875 0.0102067046875 0.1237946421875 0.10018435781249999 0.18235714218750002 0.10018435781249999 0.18235714218750002 0.0102067046875
3 0.3461830359375 0.3256033515625 0.3261696421875 0.3256033515625 0.3261696421875 0.35250837968750004 0.3461830359375 0.35250837968750004 0.3461830359375 0.3256033515625
3 0.3899196421875 0.2680893859375 0.36175 0.2680893859375 0.36175 0.308905028125 0.3899196421875 0.308905028125 0.3899196421875 0.2680893859375
3 0.451446428125 0.22356424531250002 0.4225357140625 0.22356424531250002 0.4225357140625 0.25696089375 0.451446428125 0.25696089375 0.451446428125 0.22356424531250002
8 0.4358794640625 0.315402234375 0.416602678125 0.315402234375 0.416602678125 0.3497206703125 0.4358794640625 0.3497206703125 0.4358794640625 0.315402234375
8 0.4536696421875 0.32838547500000004 0.443290178125 0.32838547500000004 0.443290178125 0.34508379843750003 0.4536696421875 0.34508379843750003 0.4536696421875 0.32838547500000004
8 0.447741071875 0.3645642453125 0.4366205359375 0.3645642453125 0.4366205359375 0.38311731875 0.447741071875 0.38311731875 0.447741071875 0.3645642453125
8 0.4544107140625 0.4007430171875 0.44403125 0.4007430171875 0.44403125 0.41280446875 0.4544107140625 0.41280446875 0.4544107140625 0.4007430171875
8 0.4544107140625 0.4313575421875 0.443290178125 0.4313575421875 0.443290178125 0.4471284921875 0.4544107140625 0.4471284921875 0.4544107140625 0.4313575421875
8 0.4610803578125 0.3998156421875 0.402522321875 0.3998156421875 0.402522321875 0.5120614531250001 0.4610803578125 0.5120614531250001 0.4610803578125 0.3998156421875
8 0.5181607140625 0.5603016765625 0.4951830359375 0.5603016765625 0.4951830359375 0.597407821875 0.5181607140625 0.597407821875 0.5181607140625 0.5603016765625
8 0.37954017812499996 0.722636871875 0.37138839218749997 0.722636871875 0.37138839218749997 0.738407821875 0.37954017812499996 0.738407821875 0.37954017812499996 0.722636871875
8 0.3721294640625 0.7152178765625 0.3558169640625 0.7152178765625 0.3558169640625 0.73377095 0.3721294640625 0.73377095 0.3721294640625 0.7152178765625
8 0.2957767859375 0.7050111734375 0.26241517812500004 0.7050111734375 0.26241517812500004 0.732843575 0.2957767859375 0.732843575 0.2957767859375 0.7050111734375
8 0.29948214218749997 0.6892402234375 0.2802053578125 0.6892402234375 0.2802053578125 0.692022346875 0.29948214218749997 0.692022346875 0.29948214218749997 0.6892402234375
3 0.298 0.6892402234375 0.25796874999999997 0.6892402234375 0.25796874999999997 0.7356256984375 0.298 0.7356256984375 0.298 0.6892402234375
3 0.38620982187499997 0.6066815640625001 0.3669375 0.6066815640625001 0.3669375 0.6270893859375 0.38620982187499997 0.6270893859375 0.38620982187499997 0.6066815640625001
3 0.432915178125 0.61688826875 0.394366071875 0.61688826875 0.394366071875 0.6502793296875 0.432915178125 0.6502793296875 0.432915178125 0.61688826875
3 0.4773928578125 0.60111731875 0.45218749999999996 0.60111731875 0.45218749999999996 0.63358100625 0.4773928578125 0.63358100625 0.4773928578125 0.60111731875
3 0.841366071875 0.038960893749999996 0.7946607140624999 0.038960893749999996 0.7946607140624999 0.11781005625 0.841366071875 0.11781005625 0.841366071875 0.038960893749999996