5 0.8359375 0.000928571875 0.1609375 0.000928571875 0.1609375 0.3861111109375 0.8359375 0.3861111109375 0.8359375 0.000928571875
5 0.831772321875 0.3861111109375 0.7328125 0.3861111109375 0.7328125 0.9870396828124999 0.831772321875 0.9870396828124999 0.831772321875 0.3861111109375
8 0.6375 0.3092619046875 0.602602678125 0.3092619046875 0.602602678125 0.3638888890625 0.6375 0.3638888890625 0.6375 0.3092619046875
8 0.721875 0.39444444375 0.703647321875 0.39444444375 0.703647321875 0.41944444374999995 0.721875 0.41944444374999995 0.721875 0.39444444375
8 0.1828125 0.522222221875 0.159897321875 0.522222221875 0.159897321875 0.554626984375 0.1828125 0.554626984375 0.1828125 0.522222221875
8 0.2359375 0.49629365156249994 0.21666517812500002 0.49629365156249994 0.21666517812500002 0.529626984375 0.2359375 0.529626984375 0.2359375 0.49629365156249994
8 0.253647321875 0.49259523749999995 0.238540178125 0.49259523749999995 0.238540178125 0.5333333328125 0.253647321875 0.5333333328125 0.253647321875 0.49259523749999995
8 0.609897321875 0.6435158734375 0.542709821875 0.6435158734375 0.542709821875 0.725928571875 0.609897321875 0.725928571875 0.609897321875 0.6435158734375
8 0.597915178125 0.7490714281249999 0.5729151781249999 0.7490714281249999 0.5729151781249999 0.7787063484375001 0.597915178125 0.7787063484375001 0.597915178125 0.7490714281249999
8 0.6328125 0.82315079375 0.584897321875 0.82315079375 0.584897321875 0.8712936515624999 0.6328125 0.8712936515624999 0.6328125 0.82315079375
8 0.6625 0.8379603171875001 0.6359375 0.8379603171875001 0.6359375 0.89444444375 0.6625 0.89444444375 0.6625 0.8379603171875001
8 0.6359375 0.9037063484375001 0.600522321875 0.9037063484375001 0.600522321875 0.9388888890624999 0.6359375 0.9388888890624999 0.6359375 0.9037063484375001
8 0.656772321875 0.9037063484375001 0.641665178125 0.9037063484375001 0.641665178125 0.9314841265625 0.656772321875 0.9314841265625 0.656772321875 0.9037063484375001
8 0.530727678125 0.7574047625 0.508852678125 0.7574047625 0.508852678125 0.8194444437499999 0.530727678125 0.8194444437499999 0.530727678125 0.7574047625
8 0.513540178125 0.7074047625000001 0.49375 0.7074047625000001 0.49375 0.7537063484375001 0.513540178125 0.7537063484375001 0.513540178125 0.7074047625000001
8 0.48854017812499995 0.6453730156249999 0.46979017812499996 0.6453730156249999 0.46979017812499996 0.6879603171875 0.48854017812499995 0.6879603171875 0.48854017812499995 0.6453730156249999
8 0.4765625 0.6148174609375 0.455727678125 0.6148174609375 0.455727678125 0.647222221875 0.4765625 0.647222221875 0.4765625 0.6148174609375
8 0.44375 0.5175952374999999 0.403647321875 0.5175952374999999 0.403647321875 0.6046269843750001 0.44375 0.6046269843750001 0.44375 0.5175952374999999
8 0.4578125 0.9462936515625 0.42760267812499997 0.9462936515625 0.42760267812499997 0.9925952375 0.4578125 0.9925952375 0.4578125 0.9462936515625
8 0.7296875 0.6592619046875 0.7135401781249999 0.6592619046875 0.7135401781249999 0.7111111109375 0.7296875 0.7111111109375 0.7296875 0.6592619046875
8 0.74375 0.725928571875 0.725 0.725928571875 0.725 0.772222221875 0.74375 0.772222221875 0.74375 0.725928571875
8 0.769790178125 0.8175952375 0.7578125 0.8175952375 0.7578125 0.8398174609375 0.769790178125 0.8398174609375 0.769790178125 0.8175952375
8 0.4328125 0.25184920625 0.42083482187500004 0.25184920625 0.42083482187500004 0.27315079375 0.4328125 0.27315079375 0.4328125 0.25184920625
8 0.425 0.21111111093749999 0.4125 0.21111111093749999 0.4125 0.2342619046875 0.425 0.2342619046875 0.425 0.21111111093749999
7 0.36979017812500004 0.595373015625 0.221875 0.595373015625 0.221875 0.9120396828124999 0.36979017812500004 0.9120396828124999 0.36979017812500004 0.595373015625
7 0.521875 0.4564841265625 0.3796875 0.4564841265625 0.3796875 0.73055555625 0.521875 0.73055555625 0.521875 0.4564841265625
8 0.7005223218750001 0.502777778125 0.661977678125 0.502777778125 0.661977678125 0.5601825390624999 0.7005223218750001 0.5601825390624999 0.7005223218750001 0.502777778125