8 0.2675803578125 0.3671875 0.2441428578125 0.3671875 0.2441428578125 0.41211160781249995 0.2675803578125 0.41211160781249995 0.2675803578125 0.3671875
8 0.46484375 0.46679910781249995 0.43164285781249995 0.46679910781249995 0.43164285781249995 0.5078125 0.46484375 0.5078125 0.46484375 0.46679910781249995
8 0.3925803578125 0.1269553578125 0.3515625 0.1269553578125 0.3515625 0.1660178578125 0.3925803578125 0.1660178578125 0.3925803578125 0.1269553578125
8 0.34375 0.1308616078125 0.30078125 0.1308616078125 0.30078125 0.171875 0.34375 0.171875 0.34375 0.1308616078125
8 0.99609375 0.2011741078125 0.96484375 0.2011741078125 0.96484375 0.26953125 0.99609375 0.26953125 0.99609375 0.2011741078125
8 0.2597678578125 0.5917991078125 0.2089866078125 0.5917991078125 0.2089866078125 0.6640625 0.2597678578125 0.6640625 0.2597678578125 0.5917991078125
8 0.1015625 0.18359375 0.046875 0.18359375 0.046875 0.2558616078125 0.1015625 0.2558616078125 0.1015625 0.18359375
8 0.6113303578125 0.2421875 0.5839866078125 0.2421875 0.5839866078125 0.2832053578125 0.6113303578125 0.2832053578125 0.6113303578125 0.2421875
8 0.125 0.42773660781249995 0.0839866078125 0.42773660781249995 0.0839866078125 0.48046875 0.125 0.48046875 0.125 0.42773660781249995
8 0.3144553578125 0.3652366078125 0.2949241078125 0.3652366078125 0.2949241078125 0.44336160781249995 0.3144553578125 0.44336160781249995 0.3144553578125 0.3652366078125
8 0.87109375 0.75 0.84375 0.75 0.84375 0.7949241078125 0.87109375 0.7949241078125 0.87109375 0.75
8 0.6875 0 0.6875 0.01953125 0.73046875 0.01953125 0.73046875 0 0.6875 0
8 0.25 0 0.25 0.0175803578125 0.3125 0.0175803578125 0.3125 0 0.25 0
8 0.1855491078125 0.203125 0.1503928578125 0.203125 0.1503928578125 0.2480491078125 0.1855491078125 0.2480491078125 0.1855491078125 0.203125
8 0.7402366078125 0.7480491078125 0.6875 0.7480491078125 0.6875 0.7910178578125 0.7402366078125 0.7910178578125 0.7402366078125 0.7480491078125
8 0.80078125 0.5644553578125 0.69921875 0.5644553578125 0.69921875 0.6738303578125 0.80078125 0.6738303578125 0.80078125 0.5644553578125
8 0.60546875 0.5 0.5566428578125 0.5 0.5566428578125 0.5332053578125 0.60546875 0.5332053578125 0.60546875 0.5
8 0.52734375 0.5878928578125 0.48633035781249995 0.5878928578125 0.48633035781249995 0.6152366078125 0.52734375 0.6152366078125 0.52734375 0.5878928578125
8 0.6816428578125 0.62890625 0.63671875 0.62890625 0.63671875 0.6699241078125 0.6816428578125 0.6699241078125 0.6816428578125 0.62890625
8 0.8964866078125 0.2089866078125 0.85546875 0.2089866078125 0.85546875 0.2558616078125 0.8964866078125 0.2558616078125 0.8964866078125 0.2089866078125
8 0.9980491078125 0.6699241078125 0.984375 0.6699241078125 0.984375 0.7128928578125 0.9980491078125 0.7128928578125 0.9980491078125 0.6699241078125
2 0.7519553578125 0.75 0.3847678578125 0.75 0.3847678578125 0.9824241078125 0.7519553578125 0.9824241078125 0.7519553578125 0.75
8 0.95703125 0.6972678578125 0.921875 0.6972678578125 0.921875 0.7246116078125 0.95703125 0.7246116078125 0.95703125 0.6972678578125