5 0.9925892859375001 0.025044692187500002 0.5581919640625 0.025044692187500002 0.5581919640625 0.94434636875 0.9925892859375001 0.94434636875 0.9925892859375001 0.025044692187500002
3 0.492959821875 0.00834636875 0.0874732140625 0.00834636875 0.0874732140625 0.2875698328125 0.492959821875 0.2875698328125 0.492959821875 0.00834636875
7 0.1423258921875 0.25139106093749997 0.005187499999999999 0.25139106093749997 0.005187499999999999 0.6372960890625 0.1423258921875 0.6372960890625 0.1423258921875 0.25139106093749997
8 0.855446428125 0.141927375 0.819125 0.141927375 0.819125 0.1901675984375 0.855446428125 0.1901675984375 0.855446428125 0.141927375
8 0.7531517859375 0.0751396640625 0.733875 0.0751396640625 0.733875 0.10946368749999999 0.7531517859375 0.10946368749999999 0.7531517859375 0.0751396640625
8 0.729428571875 0.10760893906249999 0.6982946421875 0.10760893906249999 0.6982946421875 0.14564245781250001 0.729428571875 0.14564245781250001 0.729428571875 0.10760893906249999
8 0.756116071875 0.1159553078125 0.729428571875 0.1159553078125 0.729428571875 0.1502793296875 0.756116071875 0.1502793296875 0.756116071875 0.1159553078125
8 0.759821428125 0.14842458125 0.7212767859375 0.14842458125 0.7212767859375 0.20872067031250002 0.759821428125 0.20872067031250002 0.759821428125 0.14842458125
8 0.7405491078125 0.2328379890625 0.710897321875 0.2328379890625 0.710897321875 0.2810782125 0.7405491078125 0.2810782125 0.7405491078125 0.2328379890625
8 0.8228303578125 0.2346927375 0.78725 0.2346927375 0.78725 0.2820055859375 0.8228303578125 0.2820055859375 0.8228303578125 0.2346927375
8 0.9762767859375 0.2495363125 0.8354330359375 0.2495363125 0.8354330359375 0.32003910625 0.9762767859375 0.32003910625 0.9762767859375 0.2495363125
8 0.9117857140625001 0.3506480453125 0.8724999999999999 0.3506480453125 0.8724999999999999 0.4230055859375 0.9117857140625001 0.4230055859375 0.9117857140625001 0.3506480453125
8 0.8939955359375 0.4267206703125 0.8710133921875001 0.4267206703125 0.8710133921875001 0.4619664796875 0.8939955359375 0.4619664796875 0.8939955359375 0.4267206703125
8 0.86434375 0.457329609375 0.8354330359375 0.457329609375 0.8354330359375 0.5055698328125 0.86434375 0.5055698328125 0.86434375 0.457329609375
3 0.754633928125 0.5686480453125 0.714602678125 0.5686480453125 0.714602678125 0.6252346375 0.754633928125 0.6252346375 0.754633928125 0.5686480453125
3 0.6575223218749999 0.43784916249999994 0.6286116078124999 0.43784916249999994 0.6286116078124999 0.47588268125 0.6575223218749999 0.47588268125 0.6575223218749999 0.43784916249999994
8 0.9258705359375 0.0918379890625 0.891772321875 0.0918379890625 0.891772321875 0.1465698328125 0.9258705359375 0.1465698328125 0.9258705359375 0.0918379890625
8 0.8888080359374999 0.0667932953125 0.8724999999999999 0.0667932953125 0.8724999999999999 0.11131843593749999 0.8888080359374999 0.11131843593749999 0.8888080359374999 0.0667932953125
8 0.8391383921875001 0.0408156421875 0.8050401781250001 0.0408156421875 0.8050401781250001 0.081631284375 0.8391383921875001 0.081631284375 0.8391383921875001 0.0408156421875
8 0.8747232140625 0.025044692187500002 0.8472946421875 0.025044692187500002 0.8472946421875 0.051022346875 0.8747232140625 0.051022346875 0.8747232140625 0.025044692187500002
8 0.871758928125 0.6419329609375 0.8621205359375 0.6419329609375 0.8621205359375 0.6577039109375 0.871758928125 0.6577039109375 0.871758928125 0.6419329609375
8 0.9317991078125001 0.644715084375 0.9199419640625001 0.644715084375 0.9199419640625001 0.6604860328125 0.9317991078125001 0.6604860328125 0.9317991078125001 0.644715084375
8 0.871758928125 0.502787709375 0.8613794640625001 0.502787709375 0.8613794640625001 0.514843575 0.871758928125 0.514843575 0.871758928125 0.502787709375
8 0.8791696421875 0.5695754187500001 0.8710133921875001 0.5695754187500001 0.8710133921875001 0.58627374375 0.8791696421875 0.58627374375 0.8791696421875 0.5695754187500001
8 0.464790178125 0.3218938546875 0.44996428593750004 0.3218938546875 0.44996428593750004 0.338592178125 0.464790178125 0.338592178125 0.464790178125 0.3218938546875
8 0.1074866078125 0 0.1074866078125 0.2708715078125 0.4870267859375 0.2708715078125 0.4870267859375 0 0.1074866078125 0
3 0.3513705359375 0.27458100625 0.329133928125 0.27458100625 0.329133928125 0.3033407828125 0.3513705359375 0.3033407828125 0.3513705359375 0.27458100625
3 0.6671607140625 0.962899440625 0.6449241078125 0.962899440625 0.6449241078125 0.9897988828125 0.6671607140625 0.9897988828125 0.6671607140625 0.962899440625
3 0.73684375 0.7003743015625 0.7183080359375 0.7003743015625 0.7183080359375 0.72727374375 0.73684375 0.72727374375 0.73684375 0.7003743015625
3 0.8724999999999999 0.7801508375 0.8524821421875 0.7801508375 0.8524821421875 0.8172569828125 0.8724999999999999 0.8172569828125 0.8724999999999999 0.7801508375
3 0.8873258921874999 0.8636424578125 0.8710133921875001 0.8636424578125 0.8710133921875001 0.8961061453125 0.8873258921874999 0.8961061453125 0.8873258921874999 0.8636424578125
3 0.8836160718749999 0.893324021875 0.8680491078125 0.893324021875 0.8680491078125 0.92950279375 0.8836160718749999 0.92950279375 0.8836160718749999 0.893324021875
3 0.980727678125 0.644715084375 0.9518169640625 0.644715084375 0.9518169640625 0.6799664796875 0.980727678125 0.6799664796875 0.980727678125 0.644715084375
3 0.86434375 0.5315419 0.8339508921875 0.5315419 0.8339508921875 0.5640111734375 0.86434375 0.5640111734375 0.86434375 0.5315419
7 0.4810982140625 0.6382234640625 0.01853125 0.6382234640625 0.01853125 0.9972234640625001 0.4810982140625 0.9972234640625001 0.4810982140625 0.6382234640625
8 0.7316517859375 0.589983240625 0.7257232140625 0.589983240625 0.7257232140625 0.604826815625 0.7316517859375 0.604826815625 0.7316517859375 0.589983240625
8 0.882875 0.21892737499999998 0.8673080359374999 0.21892737499999998 0.8673080359374999 0.238407821875 0.882875 0.238407821875 0.882875 0.21892737499999998
8 0.876946428125 0.19480446875 0.8621205359375 0.19480446875 0.8621205359375 0.21521229062499997 0.876946428125 0.21521229062499997 0.876946428125 0.19480446875
8 0.7842857140625 0.3033407828125 0.77390625 0.3033407828125 0.77390625 0.3209664796875 0.7842857140625 0.3209664796875 0.7842857140625 0.3033407828125
8 0.779834821875 0.277368715625 0.773165178125 0.277368715625 0.773165178125 0.28849720625 0.779834821875 0.28849720625 0.779834821875 0.277368715625
8 0.8169017859375 0.2875698328125 0.8057812500000001 0.2875698328125 0.8057812500000001 0.3014860328125 0.8169017859375 0.3014860328125 0.8169017859375 0.2875698328125
8 0.6441830359375 0.3014860328125 0.6345446421875 0.3014860328125 0.6345446421875 0.3135474859375 0.6441830359375 0.3135474859375 0.6441830359375 0.3014860328125
1 0.991102678125 0.0714301671875 0.5796875 0.0714301671875 0.5796875 0.5640111734375 0.991102678125 0.5640111734375 0.991102678125 0.0714301671875