2 0.99609375 0.0019553578125 0.0019553578125 0.0019553578125 0.0019553578125 0.99609375 0.99609375 0.99609375 0.99609375 0.0019553578125
4 0.9375 0.6972678578125 0.828125 0.6972678578125 0.828125 0.7988303578125 0.9375 0.7988303578125 0.9375 0.6972678578125
4 0.72265625 0.328125 0.6425803578125 0.328125 0.6425803578125 0.42773660781249995 0.72265625 0.42773660781249995 0.72265625 0.328125
4 0.6308616078125 0.71875 0.5 0.71875 0.5 0.8417991078125 0.6308616078125 0.8417991078125 0.6308616078125 0.71875
4 0.7285178578125 0.84375 0.609375 0.84375 0.609375 0.984375 0.7285178578125 0.984375 0.7285178578125 0.84375
4 0.2089866078125 0.2441428578125 0.0234375 0.2441428578125 0.0234375 0.3886741078125 0.2089866078125 0.3886741078125 0.2089866078125 0.2441428578125
4 0.20703125 0.8417991078125 0.109375 0.8417991078125 0.109375 0.94140625 0.20703125 0.94140625 0.20703125 0.8417991078125
4 0.3183616078125 0.029299107812500003 0.2363303578125 0.029299107812500003 0.2363303578125 0.11328125 0.3183616078125 0.11328125 0.3183616078125 0.029299107812500003
4 0.3808616078125 0.3828125 0.3203125 0.3828125 0.3203125 0.44336160781249995 0.3808616078125 0.44336160781249995 0.3808616078125 0.3828125
4 0.18359375 0.6855491078125 0.12890625 0.6855491078125 0.12890625 0.7421875 0.18359375 0.7421875 0.18359375 0.6855491078125
2 0 0.71484375 0.3378928578125 0.71484375 0.3378928578125 0.30078125 0 0.30078125 0 0.71484375
6 0.3359375 0.30078125 0.0019553578125 0.30078125 0.0019553578125 0.71484375 0.3359375 0.71484375 0.3359375 0.30078125
6 0.16796875 0.71484375 0.06640625 0.71484375 0.06640625 0.83203125 0.16796875 0.83203125 0.16796875 0.71484375
8 0.1796875 0.43945535781249995 0.1035178578125 0.43945535781249995 0.1035178578125 0.5292991078125 0.1796875 0.5292991078125 0.1796875 0.43945535781249995
8 0.19921875 0.5292991078125 0.1347678578125 0.5292991078125 0.1347678578125 0.6113303578125 0.19921875 0.6113303578125 0.19921875 0.5292991078125
8 0.2050803578125 0.37109375 0.1328125 0.37109375 0.1328125 0.42578125 0.2050803578125 0.42578125 0.2050803578125 0.37109375
4 0.6035178578125 0.0859375 0.48242410781249995 0.0859375 0.48242410781249995 0.2128928578125 0.6035178578125 0.2128928578125 0.6035178578125 0.0859375
4 0.4765625 0.0390625 0.44140625 0.0390625 0.44140625 0.0859375 0.4765625 0.0859375 0.4765625 0.0390625
4 0.53515625 0.52734375 0.375 0.52734375 0.375 0.7167991078125 0.53515625 0.7167991078125 0.53515625 0.52734375
4 0.04296875 0.7109375 0.01171875 0.7109375 0.01171875 0.75 0.04296875 0.75 0.04296875 0.7109375