3 0.1738303578125 0.56640625 0.11328125 0.56640625 0.11328125 0.6699241078125 0.1738303578125 0.6699241078125 0.1738303578125 0.56640625
3 0.1816428578125 0.6933616078125 0.140625 0.6933616078125 0.140625 0.7402366078125 0.1816428578125 0.7402366078125 0.1816428578125 0.6933616078125
3 0.2519553578125 0.75390625 0.203125 0.75390625 0.203125 0.82421875 0.2519553578125 0.82421875 0.2519553578125 0.75390625
3 0.23046875 0.8300803578125 0.1933616078125 0.8300803578125 0.1933616078125 0.88671875 0.23046875 0.88671875 0.23046875 0.8300803578125
3 0.18359375 0.7714866078125 0.1503928578125 0.7714866078125 0.1503928578125 0.8144553578125 0.18359375 0.8144553578125 0.18359375 0.7714866078125
3 0.5332053578125 0.09765625 0.3808616078125 0.09765625 0.3808616078125 0.1972678578125 0.5332053578125 0.1972678578125 0.5332053578125 0.09765625
3 0.4453125 0.2753928578125 0.3105491078125 0.2753928578125 0.3105491078125 0.3457053578125 0.4453125 0.3457053578125 0.4453125 0.2753928578125
3 0.2402366078125 0.9121116078125 0.1796875 0.9121116078125 0.1796875 0.96484375 0.2402366078125 0.96484375 0.2402366078125 0.9121116078125
3 0.0449241078125 0.5625 0.0078125 0.5625 0.0078125 0.6347678578125 0.0449241078125 0.6347678578125 0.0449241078125 0.5625
3 0.8203125 0.6875 0.78125 0.6875 0.78125 0.7636741078125 0.8203125 0.7636741078125 0.8203125 0.6875
3 0.9042991078125 0.75390625 0.8691428578125 0.75390625 0.8691428578125 0.81640625 0.9042991078125 0.81640625 0.9042991078125 0.75390625
3 0.84375 0.77734375 0.6796875 0.77734375 0.6796875 0.9433616078125 0.84375 0.9433616078125 0.84375 0.77734375
4 0.55859375 0.7519553578125 0.5078125 0.7519553578125 0.5078125 0.875 0.55859375 0.875 0.55859375 0.7519553578125
4 0.45898660781249995 0.828125 0.3964866078125 0.828125 0.3964866078125 0.97265625 0.45898660781249995 0.97265625 0.45898660781249995 0.828125
4 0.4609375 0.7363303578125 0.40429910781249995 0.7363303578125 0.40429910781249995 0.8144553578125 0.4609375 0.8144553578125 0.4609375 0.7363303578125
4 0.60546875 0.9238303578125 0.5722678578125 0.9238303578125 0.5722678578125 0.9707053578125 0.60546875 0.9707053578125 0.60546875 0.9238303578125
3 0.6777366078125 0.1855491078125 0.6113303578125 0.1855491078125 0.6113303578125 0.25 0.6777366078125 0.25 0.6777366078125 0.1855491078125
4 0.70703125 0.5058616078125 0.66015625 0.5058616078125 0.66015625 0.5371116078125 0.70703125 0.5371116078125 0.70703125 0.5058616078125
4 0.51171875 0.5625 0.46289285781249995 0.5625 0.46289285781249995 0.5957053578125 0.51171875 0.5957053578125 0.51171875 0.5625
4 0.83203125 0.42383035781249995 0.7988303578125 0.42383035781249995 0.7988303578125 0.46484375 0.83203125 0.46484375 0.83203125 0.42383035781249995
3 0.5175803578125 0.1933616078125 0.3515625 0.1933616078125 0.3515625 0.29296875 0.5175803578125 0.29296875 0.5175803578125 0.1933616078125
7 0.14453125 0.0136741078125 0.015625 0.0136741078125 0.015625 0.1699241078125 0.14453125 0.1699241078125 0.14453125 0.0136741078125
3 0.2441428578125 0.3535178578125 0.01953125 0.3535178578125 0.01953125 0.4921875 0.2441428578125 0.4921875 0.2441428578125 0.3535178578125
3 0.28515625 0.55078125 0.0078125 0.55078125 0.0078125 0.9941428578125 0.28515625 0.9941428578125 0.28515625 0.55078125
3 0.40234375 0.77734375 0.3222678578125 0.77734375 0.3222678578125 0.98828125 0.40234375 0.98828125 0.40234375 0.77734375
3 0.92578125 0.6640625 0.6660178578125 0.6640625 0.6660178578125 0.9941428578125 0.92578125 0.9941428578125 0.92578125 0.6640625
4 0.6640625 0.7558616078125 0.5957053578125 0.7558616078125 0.5957053578125 0.84375 0.6640625 0.84375 0.6640625 0.7558616078125
4 0.6425803578125 0.9277366078125 0.6230491078125 0.9277366078125 0.6230491078125 0.96875 0.6425803578125 0.96875 0.6425803578125 0.9277366078125
4 0.8066428578125 0.7988303578125 0.79296875 0.7988303578125 0.79296875 0.8183616078125 0.8066428578125 0.8183616078125 0.8066428578125 0.7988303578125
4 0.77734375 0.796875 0.7636741078125 0.796875 0.7636741078125 0.8183616078125 0.77734375 0.8183616078125 0.77734375 0.796875
4 0.75390625 0.90625 0.7363303578125 0.90625 0.7363303578125 0.9355491078125 0.75390625 0.9355491078125 0.75390625 0.90625
8 0.328125 0.69921875 0.2910178578125 0.69921875 0.2910178578125 0.73046875 0.328125 0.73046875 0.328125 0.69921875
3 0.5605491078125 0.9277366078125 0.5019553578125 0.9277366078125 0.5019553578125 0.9921875 0.5605491078125 0.9921875 0.5605491078125 0.9277366078125
3 0.9160178578125 0.8125 0.8457053578125 0.8125 0.8457053578125 0.8769553578125 0.9160178578125 0.8769553578125 0.9160178578125 0.8125
3 0.83203125 0.3671875 0.6621116078125 0.3671875 0.6621116078125 0.49804910781249995 0.83203125 0.49804910781249995 0.83203125 0.3671875