8 0.27734375 0.3300803578125 0.15625 0.3300803578125 0.15625 0.43359375 0.27734375 0.43359375 0.27734375 0.3300803578125
8 0.5292991078125 0.69921875 0.44921875 0.69921875 0.44921875 0.8105491078125 0.5292991078125 0.8105491078125 0.5292991078125 0.69921875
8 0.52734375 0.85546875 0.3964866078125 0.85546875 0.3964866078125 0.9902366078125 0.52734375 0.9902366078125 0.52734375 0.85546875
8 0.6269553578125 0.6484375 0.5371116078125 0.6484375 0.5371116078125 0.7910178578125 0.6269553578125 0.7910178578125 0.6269553578125 0.6484375
8 0.76953125 0.5253928578125 0.65625 0.5253928578125 0.65625 0.6230491078125 0.76953125 0.6230491078125 0.76953125 0.5253928578125
3 0.2753928578125 0.0546875 0.1699241078125 0.0546875 0.1699241078125 0.125 0.2753928578125 0.125 0.2753928578125 0.0546875
8 0.58203125 0.37890625 0.4609375 0.37890625 0.4609375 0.42773660781249995 0.58203125 0.42773660781249995 0.58203125 0.37890625
8 0.5214866078125 0.54296875 0.47851785781249995 0.54296875 0.47851785781249995 0.5722678578125 0.5214866078125 0.5722678578125 0.5214866078125 0.54296875
3 0.9199241078125 0.44336160781249995 0.8671875 0.44336160781249995 0.8671875 0.51171875 0.9199241078125 0.51171875 0.9199241078125 0.44336160781249995
3 0.7949241078125 0.3730491078125 0.7578125 0.3730491078125 0.7578125 0.41796875 0.7949241078125 0.41796875 0.7949241078125 0.3730491078125
3 0.78515625 0.4375 0.7265625 0.4375 0.7265625 0.5 0.78515625 0.5 0.78515625 0.4375
3 0.6660178578125 0.8847678578125 0.6074241078125 0.8847678578125 0.6074241078125 0.9453125 0.6660178578125 0.9453125 0.6660178578125 0.8847678578125
3 0.1308616078125 0.2402366078125 0.0878928578125 0.2402366078125 0.0878928578125 0.29296875 0.1308616078125 0.29296875 0.1308616078125 0.2402366078125
3 0.05859375 0.43164285781249995 0.01953125 0.43164285781249995 0.01953125 0.47851785781249995 0.05859375 0.47851785781249995 0.05859375 0.43164285781249995
3 0.9082053578125 0.2558616078125 0.8046875 0.2558616078125 0.8046875 0.375 0.9082053578125 0.375 0.9082053578125 0.2558616078125
7 0.7128928578125 0.0078125 0.40429910781249995 0.0078125 0.40429910781249995 0.140625 0.7128928578125 0.140625 0.7128928578125 0.0078125
3 0.2890625 0.66796875 0.23828125 0.66796875 0.23828125 0.7285178578125 0.2890625 0.7285178578125 0.2890625 0.66796875
3 0.19921875 0.8046875 0.1582053578125 0.8046875 0.1582053578125 0.85546875 0.19921875 0.85546875 0.19921875 0.8046875
8 0.640625 0.9199241078125 0.625 0.9199241078125 0.625 0.9394553578125 0.640625 0.9394553578125 0.640625 0.9199241078125
8 0.2324241078125 0.0566428578125 0.2167991078125 0.0566428578125 0.2167991078125 0.0683616078125 0.2324241078125 0.0683616078125 0.2324241078125 0.0566428578125
8 0.23046875 0.0839866078125 0.21484375 0.0839866078125 0.21484375 0.1035178578125 0.23046875 0.1035178578125 0.23046875 0.0839866078125
8 0.37109375 0.51171875 0.3496116078125 0.51171875 0.3496116078125 0.5332053578125 0.37109375 0.5332053578125 0.37109375 0.51171875
8 0.41211160781249995 0.5078125 0.3964866078125 0.5078125 0.3964866078125 0.5234375 0.41211160781249995 0.5234375 0.41211160781249995 0.5078125
3 0.41796875 0.4765625 0.34375 0.4765625 0.34375 0.5410178578125 0.41796875 0.5410178578125 0.41796875 0.4765625
3 0.3300803578125 0.5390625 0.3125 0.5390625 0.3125 0.56640625 0.3300803578125 0.56640625 0.3300803578125 0.5390625
3 0.3652366078125 0.6035178578125 0.3378928578125 0.6035178578125 0.3378928578125 0.62890625 0.3652366078125 0.62890625 0.3652366078125 0.6035178578125
3 0.6953125 0.91015625 0.6738303578125 0.91015625 0.6738303578125 0.9375 0.6953125 0.9375 0.6953125 0.91015625
3 0.34375 0.90625 0.3203125 0.90625 0.3203125 0.92578125 0.34375 0.92578125 0.34375 0.90625
3 0.8417991078125 0.8808616078125 0.8105491078125 0.8808616078125 0.8105491078125 0.9160178578125 0.8417991078125 0.9160178578125 0.8417991078125 0.8808616078125
3 0.7675803578125 0.9589866078125 0.7402366078125 0.9589866078125 0.7402366078125 0.98046875 0.7675803578125 0.98046875 0.7675803578125 0.9589866078125
8 0.8769553578125 0.2832053578125 0.85546875 0.2832053578125 0.85546875 0.3066428578125 0.8769553578125 0.3066428578125 0.8769553578125 0.2832053578125
8 0.875 0.33203125 0.8613303578125 0.33203125 0.8613303578125 0.3496116078125 0.875 0.3496116078125 0.875 0.33203125
8 0.8769553578125 0.47461160781249995 0.8671875 0.47461160781249995 0.8671875 0.48633035781249995 0.8769553578125 0.48633035781249995 0.8769553578125 0.47461160781249995
8 0.76953125 0.46289285781249995 0.75390625 0.46289285781249995 0.75390625 0.484375 0.76953125 0.484375 0.76953125 0.46289285781249995
8 0.7714866078125 0.44140625 0.7558616078125 0.44140625 0.7558616078125 0.45703125 0.7714866078125 0.45703125 0.7714866078125 0.44140625
8 0.5449241078125 0.5917991078125 0.5292991078125 0.5917991078125 0.5292991078125 0.60546875 0.5449241078125 0.60546875 0.5449241078125 0.5917991078125
8 0.5800803578125 0.6035178578125 0.55859375 0.6035178578125 0.55859375 0.6230491078125 0.5800803578125 0.6230491078125 0.5800803578125 0.6035178578125
4 0.9863303578125 0.8457053578125 0.96484375 0.8457053578125 0.96484375 0.87890625 0.9863303578125 0.87890625 0.9863303578125 0.8457053578125