4 0.83984375 0.6640625 0.73828125 0.6640625 0.73828125 0.8027366078125 0.83984375 0.8027366078125 0.83984375 0.6640625
4 0.9941428578125 0.0019553578125 0.3300803578125 0.0019553578125 0.3300803578125 0.41796875 0.9941428578125 0.41796875 0.9941428578125 0.0019553578125
8 0.1308616078125 0.01171875 0.0644553578125 0.01171875 0.0644553578125 0.13671875 0.1308616078125 0.13671875 0.1308616078125 0.01171875
5 0.3183616078125 0.2832053578125 0.00390625 0.2832053578125 0.00390625 0.77734375 0.3183616078125 0.77734375 0.3183616078125 0.2832053578125
4 0.1640625 0.1328125 0.0917991078125 0.1328125 0.0917991078125 0.25390625 0.1640625 0.25390625 0.1640625 0.1328125
4 0.09765625 0.1796875 0.05078125 0.1796875 0.05078125 0.2246116078125 0.09765625 0.2246116078125 0.09765625 0.1796875
4 0.17578125 0.25390625 0.1347678578125 0.25390625 0.1347678578125 0.3261741078125 0.17578125 0.3261741078125 0.17578125 0.25390625
4 0.19140625 0.3300803578125 0.1640625 0.3300803578125 0.1640625 0.375 0.19140625 0.375 0.19140625 0.3300803578125
4 0.2421875 0.3808616078125 0.20703125 0.3808616078125 0.20703125 0.41796875 0.2421875 0.41796875 0.2421875 0.3808616078125
4 0.3300803578125 0.65234375 0.3144553578125 0.65234375 0.3144553578125 0.6953125 0.3300803578125 0.6953125 0.3300803578125 0.65234375
4 0.3730491078125 0.6308616078125 0.34375 0.6308616078125 0.34375 0.72265625 0.3730491078125 0.72265625 0.3730491078125 0.6308616078125
4 0.42578125 0.65234375 0.3808616078125 0.65234375 0.3808616078125 0.72265625 0.42578125 0.72265625 0.42578125 0.65234375