8 0.26171875 0.21875 0.1738303578125 0.21875 0.1738303578125 0.3417991078125 0.26171875 0.3417991078125 0.26171875 0.21875
8 0.0996116078125 0.296875 0.00390625 0.296875 0.00390625 0.46484375 0.0996116078125 0.46484375 0.0996116078125 0.296875
8 0 0.7050803578125 0.13671875 0.7050803578125 0.13671875 0.46484375 0 0.46484375 0 0.7050803578125
8 0.2558616078125 0.85546875 0.0996116078125 0.85546875 0.0996116078125 0.9667991078125 0.2558616078125 0.9667991078125 0.2558616078125 0.85546875
4 0.3691428578125 0.0058616078125 0.3125 0.0058616078125 0.3125 0.0566428578125 0.3691428578125 0.0566428578125 0.3691428578125 0.0058616078125
4 0.28515625 0.5722678578125 0.2050803578125 0.5722678578125 0.2050803578125 0.5917991078125 0.28515625 0.5917991078125 0.28515625 0.5722678578125
4 0.40234375 0.453125 0.31640625 0.453125 0.31640625 0.546875 0.40234375 0.546875 0.40234375 0.453125
5 0.46679910781249995 0.4921875 0.23828125 0.4921875 0.23828125 0.6347678578125 0.46679910781249995 0.6347678578125 0.46679910781249995 0.4921875
2 0.9707053578125 0.0410178578125 0.60546875 0.0410178578125 0.60546875 0.43945535781249995 0.9707053578125 0.43945535781249995 0.9707053578125 0.0410178578125
2 0.46484375 0.2441428578125 0.1464866078125 0.2441428578125 0.1464866078125 0.61328125 0.46484375 0.61328125 0.46484375 0.2441428578125
1 0.1113303578125 0.6777366078125 0.0078125 0.6777366078125 0.0078125 0.8515625 0.1113303578125 0.8515625 0.1113303578125 0.6777366078125
1 0.6699241078125 0.609375 0.1328125 0.609375 0.1328125 0.99609375 0.6699241078125 0.99609375 0.6699241078125 0.609375
4 0.9550803578125 0.3652366078125 0.26171875 0.3652366078125 0.26171875 0.53515625 0.9550803578125 0.53515625 0.9550803578125 0.3652366078125