3 0.9902366078125 0.2558616078125 0.76171875 0.2558616078125 0.76171875 0.45117410781249995 0.9902366078125 0.45117410781249995 0.9902366078125 0.2558616078125
3 0.8378928578125 0.3144553578125 0.66015625 0.3144553578125 0.66015625 0.41211160781249995 0.8378928578125 0.41211160781249995 0.8378928578125 0.3144553578125
3 0.7207053578125 0.77734375 0.5859375 0.77734375 0.5859375 0.99609375 0.7207053578125 0.99609375 0.7207053578125 0.77734375
3 0.7636741078125 0.6503928578125 0.62890625 0.6503928578125 0.62890625 0.77734375 0.7636741078125 0.77734375 0.7636741078125 0.6503928578125
3 0.3535178578125 0.6269553578125 0.2207053578125 0.6269553578125 0.2207053578125 0.79296875 0.3535178578125 0.79296875 0.3535178578125 0.6269553578125
3 0.1621116078125 0.6152366078125 0.0605491078125 0.6152366078125 0.0605491078125 0.7128928578125 0.1621116078125 0.7128928578125 0.1621116078125 0.6152366078125
7 0.1660178578125 0.7988303578125 0.015625 0.7988303578125 0.015625 0.953125 0.1660178578125 0.953125 0.1660178578125 0.7988303578125
5 0.7324241078125 0.26171875 0.3730491078125 0.26171875 0.3730491078125 0.5371116078125 0.7324241078125 0.5371116078125 0.7324241078125 0.26171875
3 0.47461160781249995 0.58984375 0.41211160781249995 0.58984375 0.41211160781249995 0.640625 0.47461160781249995 0.640625 0.47461160781249995 0.58984375
3 0.0996116078125 0.23828125 0.05078125 0.23828125 0.05078125 0.2949241078125 0.0996116078125 0.2949241078125 0.0996116078125 0.23828125
3 0.7753928578125 0.8183616078125 0.7324241078125 0.8183616078125 0.7324241078125 0.8515625 0.7753928578125 0.8515625 0.7753928578125 0.8183616078125
3 0.9296875 0.46289285781249995 0.8613303578125 0.46289285781249995 0.8613303578125 0.5878928578125 0.9296875 0.5878928578125 0.9296875 0.46289285781249995
3 0.94921875 0.5722678578125 0.9082053578125 0.5722678578125 0.9082053578125 0.62890625 0.94921875 0.62890625 0.94921875 0.5722678578125
3 0.25 0.34765625 0.19921875 0.34765625 0.19921875 0.3984375 0.25 0.3984375 0.25 0.34765625
3 0.18359375 0.1582053578125 0.1386741078125 0.1582053578125 0.1386741078125 0.20703125 0.18359375 0.20703125 0.18359375 0.1582053578125
3 0.23828125 0.18359375 0.1972678578125 0.18359375 0.1972678578125 0.2265625 0.23828125 0.2265625 0.23828125 0.18359375
3 0.42773660781249995 0.703125 0.3984375 0.703125 0.3984375 0.7324241078125 0.42773660781249995 0.7324241078125 0.42773660781249995 0.703125
3 0.7636741078125 0.1269553578125 0.71875 0.1269553578125 0.71875 0.1660178578125 0.7636741078125 0.1660178578125 0.7636741078125 0.1269553578125
4 0.03125 0.2128928578125 0.0078125 0.2128928578125 0.0078125 0.2421875 0.03125 0.2421875 0.03125 0.2128928578125
7 0.7128928578125 0.8925803578125 0.6015625 0.8925803578125 0.6015625 0.99609375 0.7128928578125 0.99609375 0.7128928578125 0.8925803578125
4 0.3300803578125 0.640625 0.3046875 0.640625 0.3046875 0.7109375 0.3300803578125 0.7109375 0.3300803578125 0.640625
8 0.13671875 0.6425803578125 0.1171875 0.6425803578125 0.1171875 0.6621116078125 0.13671875 0.6621116078125 0.13671875 0.6425803578125
8 0.1347678578125 0.66796875 0.1152366078125 0.66796875 0.1152366078125 0.6933616078125 0.1347678578125 0.6933616078125 0.1347678578125 0.66796875
8 0.984375 0.3671875 0.9746116078125 0.3671875 0.9746116078125 0.390625 0.984375 0.390625 0.984375 0.3671875