4 0.59303125 0.000927375 0.5144553578125 0.000927375 0.5144553578125 0.0834860328125 0.59303125 0.0834860328125 0.59303125 0.000927375
4 0.2683482140625 0.011134078125 0.2327633921875 0.011134078125 0.2327633921875 0.042670390625 0.2683482140625 0.042670390625 0.2683482140625 0.011134078125
4 0.2053392859375 0.0667932953125 0.129727678125 0.0667932953125 0.129727678125 0.1465698328125 0.2053392859375 0.1465698328125 0.2053392859375 0.0667932953125
3 0.38028125 0.0769944140625 0.1830982140625 0.0769944140625 0.1830982140625 0.2328379890625 0.38028125 0.2328379890625 0.38028125 0.0769944140625
3 0.3832455359375 0.033396648437499996 0.3061517859375 0.033396648437499996 0.3061517859375 0.08534636875 0.3832455359375 0.08534636875 0.3832455359375 0.033396648437499996
8 0.44106696406249996 0.12430726249999999 0.407709821875 0.12430726249999999 0.407709821875 0.1539888265625 0.44106696406249996 0.1539888265625 0.44106696406249996 0.12430726249999999
8 0.44625446406249997 0.15677095000000002 0.4136383921875 0.15677095000000002 0.4136383921875 0.1929497203125 0.44625446406249997 0.1929497203125 0.44625446406249997 0.15677095000000002
8 0.3706428578125 0.1382178765625 0.34914732187499997 0.1382178765625 0.34914732187499997 0.1743966484375 0.3706428578125 0.1743966484375 0.3706428578125 0.1382178765625
8 0.312084821875 0.1465698328125 0.28984375 0.1465698328125 0.28984375 0.18089385468750002 0.312084821875 0.18089385468750002 0.312084821875 0.1465698328125
8 0.28317410781249996 0.16790502812500002 0.2327633921875 0.16790502812500002 0.2327633921875 0.2328379890625 0.28317410781249996 0.2328379890625 0.28317410781249996 0.16790502812500002
8 0.1912544640625 0.3729162015625 0.1149017859375 0.3729162015625 0.1149017859375 0.409094971875 0.1912544640625 0.409094971875 0.1912544640625 0.3729162015625
8 0.1779107140625 0.5102067046875 0.1438080359375 0.5102067046875 0.1438080359375 0.562156425 0.1779107140625 0.562156425 0.1779107140625 0.5102067046875
8 0.26241517812500004 0.5528770953125 0.2327633921875 0.5528770953125 0.2327633921875 0.61688826875 0.26241517812500004 0.61688826875 0.26241517812500004 0.5528770953125
8 0.4870267859375 0.344156425 0.4492232140625 0.344156425 0.4492232140625 0.409094971875 0.4870267859375 0.409094971875 0.4870267859375 0.344156425
8 0.5759821421875 0.43784916249999994 0.5040758921874999 0.43784916249999994 0.5040758921874999 0.48330167656249995 0.5759821421875 0.48330167656249995 0.5759821421875 0.43784916249999994
8 0.5997053578125 0.5955474859375001 0.5492946421875 0.5955474859375001 0.5492946421875 0.6660502796875 0.5997053578125 0.6660502796875 0.5997053578125 0.5955474859375001
8 0.5315044640625 0.628944134375 0.47368303593750005 0.628944134375 0.47368303593750005 0.722636871875 0.5315044640625 0.722636871875 0.5315044640625 0.628944134375
8 0.4595982140625 0.6066815640625001 0.39584821406250004 0.6066815640625001 0.39584821406250004 0.6716145250000001 0.4595982140625 0.6716145250000001 0.4595982140625 0.6066815640625001
8 0.3965892859375 0.6493519546875001 0.3513705359375 0.6493519546875001 0.3513705359375 0.6985195531249999 0.3965892859375 0.6985195531249999 0.3965892859375 0.6493519546875001
8 0.44180803593749995 0.7745865921874999 0.41215624999999995 0.7745865921874999 0.41215624999999995 0.8293184359374999 0.44180803593749995 0.8293184359374999 0.44180803593749995 0.7745865921874999
8 0.5077857140625001 0.84972625625 0.4773928578125 0.84972625625 0.4773928578125 0.8923966484375001 0.5077857140625001 0.8923966484375001 0.5077857140625001 0.84972625625
8 0.4106741078125 0.2476815640625 0.3269107140625 0.2476815640625 0.3269107140625 0.316329609375 0.4106741078125 0.316329609375 0.4106741078125 0.2476815640625
8 0.6597500000000001 0 0.6597500000000001 0.020407821875000003 0.7257232140625 0.020407821875000003 0.7257232140625 0 0.6597500000000001 0
3 0.398071428125 0.21706703906249997 0.3461830359375 0.21706703906249997 0.3461830359375 0.30426815625 0.398071428125 0.30426815625 0.398071428125 0.21706703906249997
3 0.6271294640625 0.22078212343749998 0.6093392859375 0.22078212343749998 0.6093392859375 0.26530726250000003 0.6271294640625 0.26530726250000003 0.6271294640625 0.22078212343749998
3 0.55596875 0.44526815624999994 0.5025937500000001 0.44526815624999994 0.5025937500000001 0.503715084375 0.55596875 0.503715084375 0.55596875 0.44526815624999994
3 0.2557455359375 0.4155865921875 0.19421875 0.4155865921875 0.19421875 0.5241229046875 0.2557455359375 0.5241229046875 0.2557455359375 0.4155865921875
3 0.5025937500000001 0.0027821234375 0.46701339218750004 0.0027821234375 0.46701339218750004 0.059368715625 0.5025937500000001 0.059368715625 0.5025937500000001 0.0027821234375
3 0.447741071875 0.0027821234375 0.41215624999999995 0.0027821234375 0.41215624999999995 0.0287597765625 0.447741071875 0.0287597765625 0.447741071875 0.0027821234375
3 0.963678571875 0.5751396640625 0.9355089281250001 0.5751396640625 0.9355089281250001 0.6178156421875001 0.963678571875 0.6178156421875001 0.963678571875 0.5751396640625
8 0.5122321421875 0.5630837984375 0.484803571875 0.5630837984375 0.484803571875 0.604826815625 0.5122321421875 0.604826815625 0.5122321421875 0.5630837984375
7 0.0874732140625 0.1623407828125 0.0037053578125 0.1623407828125 0.0037053578125 0.4591843578125 0.0874732140625 0.4591843578125 0.0874732140625 0.1623407828125
4 0.2090446421875 0.00834636875 0.005187499999999999 0.00834636875 0.005187499999999999 0.4619664796875 0.2090446421875 0.4619664796875 0.2090446421875 0.00834636875
8 0.058562499999999997 0.5603016765625 0.0103794640625 0.5603016765625 0.0103794640625 0.6233798875 0.058562499999999997 0.6233798875 0.058562499999999997 0.5603016765625
8 0.354334821875 0.3367374296875 0.334321428125 0.3367374296875 0.334321428125 0.36641899375000003 0.354334821875 0.36641899375000003 0.354334821875 0.3367374296875
8 0.26315625 0.10111173124999999 0.2297991078125 0.10111173124999999 0.2297991078125 0.14378770937500002 0.26315625 0.14378770937500002 0.26315625 0.10111173124999999
8 0.21423214218750003 0.15862569843750002 0.1838392859375 0.15862569843750002 0.1838392859375 0.1938770953125 0.21423214218750003 0.1938770953125 0.21423214218750003 0.15862569843750002
8 0.297258928125 0.0807039109375 0.2787232140625 0.0807039109375 0.2787232140625 0.10018435781249999 0.297258928125 0.10018435781249999 0.297258928125 0.0807039109375
8 0.30466964218750003 0.1103910609375 0.28317410781249996 0.1103910609375 0.28317410781249996 0.13358100625 0.30466964218750003 0.13358100625 0.30466964218750003 0.1103910609375
8 0.33728571406249996 0.0760670390625 0.317272321875 0.0760670390625 0.317272321875 0.09647486093749999 0.33728571406249996 0.09647486093749999 0.33728571406249996 0.0760670390625
8 0.3780580359375 0.07792178749999999 0.361008928125 0.07792178749999999 0.361008928125 0.10018435781249999 0.3780580359375 0.10018435781249999 0.3780580359375 0.07792178749999999
8 0.381022321875 0.043597765625 0.3699017859375 0.043597765625 0.3699017859375 0.058441340625000004 0.381022321875 0.058441340625000004 0.381022321875 0.043597765625
8 0.5404017859375 0.136363128125 0.52409375 0.136363128125 0.52409375 0.159553071875 0.5404017859375 0.159553071875 0.5404017859375 0.136363128125
8 0.55596875 0.098329609375 0.528540178125 0.098329609375 0.528540178125 0.121519553125 0.55596875 0.121519553125 0.55596875 0.098329609375
8 0.670866071875 0.10389385468750001 0.65678125 0.10389385468750001 0.65678125 0.120592178125 0.670866071875 0.120592178125 0.670866071875 0.10389385468750001
8 0.7190491078125001 0.09647486093749999 0.690883928125 0.09647486093749999 0.690883928125 0.1298715078125 0.7190491078125001 0.1298715078125 0.7190491078125001 0.09647486093749999
3 0.7954017859375 0.152134078125 0.779834821875 0.152134078125 0.779834821875 0.1743966484375 0.7954017859375 0.1743966484375 0.7954017859375 0.152134078125
3 0.2594508921875 0.27644134062500003 0.21275 0.27644134062500003 0.21275 0.35250837968750004 0.2594508921875 0.35250837968750004 0.2594508921875 0.27644134062500003
3 0.174946428125 0.28478770937500003 0.09859375000000001 0.28478770937500003 0.09859375000000001 0.4155865921875 0.174946428125 0.4155865921875 0.174946428125 0.28478770937500003