3 0.5410178578125 0.22265625 0.49609375 0.22265625 0.49609375 0.2734375 0.5410178578125 0.2734375 0.5410178578125 0.22265625
3 0.4921875 0.3378928578125 0.44921875 0.3378928578125 0.44921875 0.38671875 0.4921875 0.38671875 0.4921875 0.3378928578125
3 0.44336160781249995 0.19140625 0.140625 0.19140625 0.140625 0.3496116078125 0.44336160781249995 0.3496116078125 0.44336160781249995 0.19140625
3 0 0.80859375 0.025392857812500003 0.80859375 0.025392857812500003 0.6777366078125 0 0.6777366078125 0 0.80859375
3 0.90625 0.7832053578125 0.8105491078125 0.7832053578125 0.8105491078125 0.9667991078125 0.90625 0.9667991078125 0.90625 0.7832053578125
3 0.43554910781249995 0.6621116078125 0.390625 0.6621116078125 0.390625 0.71484375 0.43554910781249995 0.71484375 0.43554910781249995 0.6621116078125
8 0.3535178578125 0.0097678578125 0.2734375 0.0097678578125 0.2734375 0.0859375 0.3535178578125 0.0859375 0.3535178578125 0.0097678578125
8 0.2480491078125 0.0097678578125 0.1875 0.0097678578125 0.1875 0.09765625 0.2480491078125 0.09765625 0.2480491078125 0.0097678578125
8 0.21484375 0.7285178578125 0.1484375 0.7285178578125 0.1484375 0.7675803578125 0.21484375 0.7675803578125 0.21484375 0.7285178578125
8 0.2734375 0.8691428578125 0.18359375 0.8691428578125 0.18359375 0.9453125 0.2734375 0.9453125 0.2734375 0.8691428578125
8 0.2050803578125 0.9355491078125 0.15234375 0.9355491078125 0.15234375 0.9667991078125 0.2050803578125 0.9667991078125 0.2050803578125 0.9355491078125
8 0.73828125 0.87890625 0.7011741078125 0.87890625 0.7011741078125 0.9316428578125 0.73828125 0.9316428578125 0.73828125 0.87890625
8 0.3574241078125 0.1171875 0.19921875 0.1171875 0.19921875 0.203125 0.3574241078125 0.203125 0.3574241078125 0.1171875
5 0.36328125 0.3515625 0.2597678578125 0.3515625 0.2597678578125 0.5644553578125 0.36328125 0.5644553578125 0.36328125 0.3515625
3 0.8652366078125 0.49804910781249995 0.7910178578125 0.49804910781249995 0.7910178578125 0.59375 0.8652366078125 0.59375 0.8652366078125 0.49804910781249995
3 0.109375 0.3925803578125 0.0878928578125 0.3925803578125 0.0878928578125 0.41796875 0.109375 0.41796875 0.109375 0.3925803578125
3 0 0.48046875 0.0683616078125 0.48046875 0.0683616078125 0.375 0 0.375 0 0.48046875
3 0.8125 0.46289285781249995 0.63671875 0.46289285781249995 0.63671875 0.57421875 0.8125 0.57421875 0.8125 0.46289285781249995
3 0.9824241078125 0.49609375 0.86328125 0.49609375 0.86328125 0.671875 0.9824241078125 0.671875 0.9824241078125 0.49609375
3 0.83984375 0.8769553578125 0.6738303578125 0.8769553578125 0.6738303578125 0.99609375 0.83984375 0.99609375 0.83984375 0.8769553578125
8 0.48046875 0.9003928578125 0.46484375 0.9003928578125 0.46484375 0.9394553578125 0.48046875 0.9394553578125 0.48046875 0.9003928578125
8 0.45508035781249995 0.9316428578125 0.4453125 0.9316428578125 0.4453125 0.9433616078125 0.45508035781249995 0.9433616078125 0.45508035781249995 0.9316428578125
8 0.44336160781249995 0.8359375 0.43164285781249995 0.8359375 0.43164285781249995 0.8828125 0.44336160781249995 0.8828125 0.44336160781249995 0.8359375
8 0.4609375 0.9550803578125 0.44726785781249995 0.9550803578125 0.44726785781249995 0.9707053578125 0.4609375 0.9707053578125 0.4609375 0.9550803578125
8 0.484375 0.9453125 0.47265625 0.9453125 0.47265625 0.9609375 0.484375 0.9609375 0.484375 0.9453125
8 0.3769553578125 0.89453125 0.3652366078125 0.89453125 0.3652366078125 0.9277366078125 0.3769553578125 0.9277366078125 0.3769553578125 0.89453125
8 0.1347678578125 0.84375 0.12109375 0.84375 0.12109375 0.859375 0.1347678578125 0.859375 0.1347678578125 0.84375
8 0.13671875 0.953125 0.125 0.953125 0.125 0.9746116078125 0.13671875 0.9746116078125 0.13671875 0.953125
8 0.5332053578125 0.2519553578125 0.5175803578125 0.2519553578125 0.5175803578125 0.2675803578125 0.5332053578125 0.2675803578125 0.5332053578125 0.2519553578125
8 0.5214866078125 0.2285178578125 0.5097678578125 0.2285178578125 0.5097678578125 0.2402366078125 0.5214866078125 0.2402366078125 0.5214866078125 0.2285178578125
8 0.09375 0.58203125 0.0839866078125 0.58203125 0.0839866078125 0.59375 0.09375 0.59375 0.09375 0.58203125
8 0.0859375 0.60546875 0.0761741078125 0.60546875 0.0761741078125 0.62109375 0.0859375 0.62109375 0.0859375 0.60546875
8 0.109375 0.7363303578125 0.0761741078125 0.7363303578125 0.0761741078125 0.77734375 0.109375 0.77734375 0.109375 0.7363303578125
8 0.0703125 0.78515625 0.0566428578125 0.78515625 0.0566428578125 0.7988303578125 0.0703125 0.7988303578125 0.0703125 0.78515625
8 0.0566428578125 0.69140625 0.029299107812500003 0.69140625 0.029299107812500003 0.74609375 0.0566428578125 0.74609375 0.0566428578125 0.69140625
3 0.0878928578125 0.5546875 0.0019553578125 0.5546875 0.0019553578125 0.63671875 0.0878928578125 0.63671875 0.0878928578125 0.5546875
3 0.19921875 0.8300803578125 0.01171875 0.8300803578125 0.01171875 0.9902366078125 0.19921875 0.9902366078125 0.19921875 0.8300803578125
4 0.7480491078125 0.484375 0.7285178578125 0.484375 0.7285178578125 0.5058616078125 0.7480491078125 0.5058616078125 0.7480491078125 0.484375
8 0.421875 0.671875 0.39453125 0.671875 0.39453125 0.6933616078125 0.421875 0.6933616078125 0.421875 0.671875
8 0.3496116078125 0.8886741078125 0.328125 0.8886741078125 0.328125 0.8984375 0.3496116078125 0.8984375 0.3496116078125 0.8886741078125
4 0.65625 0.8671875 0.5605491078125 0.8671875 0.5605491078125 0.9941428578125 0.65625 0.9941428578125 0.65625 0.8671875