4 0.39453125 0.48828125 0.3300803578125 0.48828125 0.3300803578125 0.6855491078125 0.39453125 0.6855491078125 0.39453125 0.48828125
4 0.65625 0.01171875 0.59375 0.01171875 0.59375 0.15625 0.65625 0.15625 0.65625 0.01171875
5 0.98046875 0.24609375 0.46875 0.24609375 0.46875 0.9746116078125 0.98046875 0.9746116078125 0.98046875 0.24609375
4 0.2558616078125 0.0332053578125 0.0605491078125 0.0332053578125 0.0605491078125 0.59375 0.2558616078125 0.59375 0.2558616078125 0.0332053578125
2 0.9921875 0.00390625 0.0097678578125 0.00390625 0.0097678578125 0.9921875 0.9921875 0.9921875 0.9921875 0.00390625
4 0.28125 0.6035178578125 0.2246116078125 0.6035178578125 0.2246116078125 0.6953125 0.28125 0.6953125 0.28125 0.6035178578125
4 0.0878928578125 0.5605491078125 0.00390625 0.5605491078125 0.00390625 0.6464866078125 0.0878928578125 0.6464866078125 0.0878928578125 0.5605491078125
4 0.1933616078125 0.0058616078125 0.1171875 0.0058616078125 0.1171875 0.078125 0.1933616078125 0.078125 0.1933616078125 0.0058616078125
8 0.25 0.1640625 0.1464866078125 0.1640625 0.1464866078125 0.3535178578125 0.25 0.3535178578125 0.25 0.1640625
8 0.1621116078125 0.30078125 0.10546875 0.30078125 0.10546875 0.34765625 0.1621116078125 0.34765625 0.1621116078125 0.30078125
8 0.18359375 0.0058616078125 0.1386741078125 0.0058616078125 0.1386741078125 0.0644553578125 0.18359375 0.0644553578125 0.18359375 0.0058616078125
8 0.046875 0.5683616078125 0.0175803578125 0.5683616078125 0.0175803578125 0.59765625 0.046875 0.59765625 0.046875 0.5683616078125
8 0.1660178578125 0.3984375 0.1386741078125 0.3984375 0.1386741078125 0.4375 0.1660178578125 0.4375 0.1660178578125 0.3984375
8 0.19140625 0.47851785781249995 0.14453125 0.47851785781249995 0.14453125 0.5214866078125 0.19140625 0.5214866078125 0.19140625 0.47851785781249995
4 0.6503928578125 0.6386741078125 0.5488303578125 0.6386741078125 0.5488303578125 0.7402366078125 0.6503928578125 0.7402366078125 0.6503928578125 0.6386741078125
4 0.7109375 0.8261741078125 0.61328125 0.8261741078125 0.61328125 0.9121116078125 0.7109375 0.9121116078125 0.7109375 0.8261741078125
4 0.6796875 0.40820535781249995 0.56640625 0.40820535781249995 0.56640625 0.5488303578125 0.6796875 0.5488303578125 0.6796875 0.40820535781249995
4 0.44726785781249995 0.7089866078125 0.3105491078125 0.7089866078125 0.3105491078125 0.8652366078125 0.44726785781249995 0.8652366078125 0.44726785781249995 0.7089866078125
4 0.2636741078125 0.69921875 0.21875 0.69921875 0.21875 0.74609375 0.2636741078125 0.74609375 0.2636741078125 0.69921875
4 0.4140625 0.3847678578125 0.3339866078125 0.3847678578125 0.3339866078125 0.48046875 0.4140625 0.48046875 0.4140625 0.3847678578125