8 0.3359375 0.52734375 0.24609375 0.52734375 0.24609375 0.609375 0.3359375 0.609375 0.3359375 0.52734375
8 0.5449241078125 0.76171875 0.45508035781249995 0.76171875 0.45508035781249995 0.87109375 0.5449241078125 0.87109375 0.5449241078125 0.76171875
8 0.45117410781249995 0.7597678578125 0.3671875 0.7597678578125 0.3671875 0.90625 0.45117410781249995 0.90625 0.45117410781249995 0.7597678578125
3 0.8828125 0.39453125 0.7636741078125 0.39453125 0.7636741078125 0.5566428578125 0.8828125 0.5566428578125 0.8828125 0.39453125
8 0.8515625 0.41211160781249995 0.8125 0.41211160781249995 0.8125 0.46875 0.8515625 0.46875 0.8515625 0.41211160781249995
8 0.83984375 0.47461160781249995 0.80859375 0.47461160781249995 0.80859375 0.5214866078125 0.83984375 0.5214866078125 0.83984375 0.47461160781249995
3 0.859375 0.5996116078125 0.796875 0.5996116078125 0.796875 0.6640625 0.859375 0.6640625 0.859375 0.5996116078125
3 0.7910178578125 0.6542991078125 0.75 0.6542991078125 0.75 0.7089866078125 0.7910178578125 0.7089866078125 0.7910178578125 0.6542991078125
3 0.70703125 0.71875 0.6660178578125 0.71875 0.6660178578125 0.7636741078125 0.70703125 0.7636741078125 0.70703125 0.71875
3 0.7265625 0.5449241078125 0.671875 0.5449241078125 0.671875 0.63671875 0.7265625 0.63671875 0.7265625 0.5449241078125
3 0.7421875 0.4921875 0.7050803578125 0.4921875 0.7050803578125 0.5332053578125 0.7421875 0.5332053578125 0.7421875 0.4921875
3 0.7753928578125 0.51953125 0.7324241078125 0.51953125 0.7324241078125 0.57421875 0.7753928578125 0.57421875 0.7753928578125 0.51953125
8 0.2890625 0.8183616078125 0.2578125 0.8183616078125 0.2578125 0.8613303578125 0.2890625 0.8613303578125 0.2890625 0.8183616078125
8 0.3066428578125 0.8378928578125 0.2714866078125 0.8378928578125 0.2714866078125 0.8964866078125 0.3066428578125 0.8964866078125 0.3066428578125 0.8378928578125
8 0.2792991078125 0.66015625 0.2421875 0.66015625 0.2421875 0.7089866078125 0.2792991078125 0.7089866078125 0.2792991078125 0.66015625
8 0.2558616078125 0.5917991078125 0.2128928578125 0.5917991078125 0.2128928578125 0.6484375 0.2558616078125 0.6484375 0.2558616078125 0.5917991078125
3 0.2207053578125 0.3886741078125 0.1855491078125 0.3886741078125 0.1855491078125 0.4453125 0.2207053578125 0.4453125 0.2207053578125 0.3886741078125
8 0.41015625 0.41211160781249995 0.3515625 0.41211160781249995 0.3515625 0.47070535781249995 0.41015625 0.47070535781249995 0.41015625 0.41211160781249995
8 0.296875 0.2011741078125 0.2578125 0.2011741078125 0.2578125 0.24609375 0.296875 0.24609375 0.296875 0.2011741078125
3 0.65625 0.03515625 0.6074241078125 0.03515625 0.6074241078125 0.1035178578125 0.65625 0.1035178578125 0.65625 0.03515625
3 0.625 0.0722678578125 0.58203125 0.0722678578125 0.58203125 0.1269553578125 0.625 0.1269553578125 0.625 0.0722678578125
8 0.65625 0.65625 0.6074241078125 0.65625 0.6074241078125 0.7167991078125 0.65625 0.7167991078125 0.65625 0.65625
8 0.3730491078125 0.9824241078125 0.3574241078125 0.9824241078125 0.3574241078125 0.99609375 0.3730491078125 0.99609375 0.3730491078125 0.9824241078125
8 0.890625 0.9824241078125 0.875 0.9824241078125 0.875 0.99609375 0.890625 0.99609375 0.890625 0.9824241078125
3 0.1660178578125 0.375 0.09375 0.375 0.09375 0.51953125 0.1660178578125 0.51953125 0.1660178578125 0.375
8 0.1542991078125 0.3828125 0.09765625 0.3828125 0.09765625 0.46875 0.1542991078125 0.46875 0.1542991078125 0.3828125
3 0.2246116078125 0.078125 0.1269553578125 0.078125 0.1269553578125 0.1738303578125 0.2246116078125 0.1738303578125 0.2246116078125 0.078125