6 0.3226071421875 0.5025412375 0.1126294640625 0.5025412375 0.1126294640625 0.967927834375 0.3226071421875 0.967927834375 0.3226071421875 0.5025412375
6 0.508446428125 0.7310567015625 0.30490625 0.7310567015625 0.30490625 0.9948659796875001 0.508446428125 0.9948659796875001 0.508446428125 0.7310567015625
6 0.7095714281250001 0.7988659796875 0.59453125 0.7988659796875 0.59453125 0.9985824750000001 0.7095714281250001 0.9985824750000001 0.7095714281250001 0.7988659796875
6 0.986321428125 0.02322165 0.0112633921875 0.02322165 0.0112633921875 0.9688556703125 0.986321428125 0.9688556703125 0.986321428125 0.02322165
8 0.3958169640625 0.181139175 0.3612232140625 0.181139175 0.3612232140625 0.2257268046875 0.3958169640625 0.2257268046875 0.3958169640625 0.181139175
8 0.4609821421875 0.21922165 0.3982321421875 0.21922165 0.3982321421875 0.2600979375 0.4609821421875 0.2600979375 0.4609821421875 0.21922165
8 0.3370892859375 0.207149484375 0.313758928125 0.207149484375 0.313758928125 0.2554536078125 0.3370892859375 0.2554536078125 0.3370892859375 0.207149484375
8 0.340303571875 0.2675257734375 0.315366071875 0.2675257734375 0.315366071875 0.3018969078125 0.340303571875 0.3018969078125 0.340303571875 0.2675257734375
8 0.37892410781249997 0.31675773125 0.34915625 0.31675773125 0.34915625 0.3548453609375 0.37892410781249997 0.3548453609375 0.37892410781249997 0.31675773125
8 0.40144642812500003 0.35670103124999997 0.3612232140625 0.35670103124999997 0.3612232140625 0.3994329890625 0.40144642812500003 0.3994329890625 0.40144642812500003 0.35670103124999997
8 0.4102991078125 0.44402061875000004 0.34754464218750003 0.44402061875000004 0.34754464218750003 0.5174072171875 0.4102991078125 0.5174072171875 0.4102991078125 0.44402061875000004
8 0.44569642812500004 0.4458762890625 0.42075446406249994 0.4458762890625 0.42075446406249994 0.4728144328125 0.44569642812500004 0.4728144328125 0.44569642812500004 0.4458762890625
8 0.43684821406249996 0.47653092812500003 0.417540178125 0.47653092812500003 0.417540178125 0.5071855671875001 0.43684821406249996 0.5071855671875001 0.43684821406249996 0.47653092812500003
8 0.483508928125 0.41615463906250005 0.453741071875 0.41615463906250005 0.453741071875 0.45238144374999995 0.483508928125 0.45238144374999995 0.483508928125 0.41615463906250005
8 0.5132723218749999 0.43565979375 0.480290178125 0.43565979375 0.480290178125 0.4625979375 0.5132723218749999 0.4625979375 0.5132723218749999 0.43565979375
8 0.40305803593749995 0.56106185625 0.37892410781249997 0.56106185625 0.37892410781249997 0.5954329890625 0.40305803593749995 0.5954329890625 0.40305803593749995 0.56106185625
8 0.4070803578125 0.5917164953125 0.3942053578125 0.5917164953125 0.3942053578125 0.6205154640625 0.4070803578125 0.6205154640625 0.4070803578125 0.5917164953125
8 0.481897321875 0.5759278343750001 0.45213392812500003 0.5759278343750001 0.45213392812500003 0.6102938140624999 0.481897321875 0.6102938140624999 0.481897321875 0.5759278343750001
8 0.6275133921875 0.5740670109375 0.49074999999999996 0.5740670109375 0.49074999999999996 0.624231959375 0.6275133921875 0.624231959375 0.6275133921875 0.5740670109375
8 0.51890625 0.64188144375 0.47707142812500003 0.64188144375 0.47707142812500003 0.674391753125 0.51890625 0.674391753125 0.51890625 0.64188144375
8 0.2566383921875 0.60193814375 0.20675892812500002 0.60193814375 0.20675892812500002 0.6483814437500001 0.2566383921875 0.6483814437500001 0.2566383921875 0.60193814375
8 0.6942901781249999 0.3808556703125 0.6323392859375 0.3808556703125 0.6323392859375 0.45238144374999995 0.6942901781249999 0.45238144374999995 0.6942901781249999 0.3808556703125
8 0.7135982140625 0.4542371140625 0.68865625 0.4542371140625 0.68865625 0.52297938125 0.7135982140625 0.52297938125 0.7135982140625 0.4542371140625
8 0.7465803578125 0.4495927828125 0.722446428125 0.4495927828125 0.722446428125 0.495108246875 0.7465803578125 0.495108246875 0.7465803578125 0.4495927828125
8 0.7409508921875 0.51275773125 0.7095714281250001 0.51275773125 0.7095714281250001 0.588 0.7409508921875 0.588 0.7409508921875 0.51275773125
8 0.7393392859375 0.5174072171875 0.722446428125 0.5174072171875 0.722446428125 0.52947938125 0.7393392859375 0.52947938125 0.7393392859375 0.5174072171875
8 0.7393392859375 0.614010309375 0.6854375 0.614010309375 0.6854375 0.672530928125 0.7393392859375 0.672530928125 0.7393392859375 0.614010309375
8 0.6395803578125 0.73384020625 0.592116071875 0.73384020625 0.592116071875 0.79422165 0.6395803578125 0.79422165 0.6395803578125 0.73384020625
8 0.923571428125 0.8592422687499999 0.8326607140625001 0.8592422687499999 0.8326607140625001 0.976288659375 0.923571428125 0.976288659375 0.923571428125 0.8592422687499999
1 0.6492366078125 0.26288144375 0.1745758921875 0.26288144375 0.1745758921875 0.9140515468749999 0.6492366078125 0.9140515468749999 0.6492366078125 0.26288144375
1 0.106196428125 0.785860825 0.002415178125 0.785860825 0.002415178125 0.9456340203125 0.106196428125 0.9456340203125 0.106196428125 0.785860825
1 0.7047455359375 0.89825773125 0.5897008921875 0.89825773125 0.5897008921875 0.99393814375 0.7047455359375 0.99393814375 0.7047455359375 0.89825773125
4 0.450522321875 0.2238659796875 0.4102991078125 0.2238659796875 0.4102991078125 0.25359278281250003 0.450522321875 0.25359278281250003 0.450522321875 0.2238659796875
4 0.4006428578125 0.20157216562500002 0.3676607140625 0.20157216562500002 0.3676607140625 0.23037113437499998 0.4006428578125 0.23037113437499998 0.4006428578125 0.20157216562500002
4 0.3515669640625 0.26474226875 0.30329910781249997 0.26474226875 0.30329910781249997 0.3028247421875 0.3515669640625 0.3028247421875 0.3515669640625 0.26474226875
4 0.5366071421874999 0.3548453609375 0.5060357140625 0.3548453609375 0.5060357140625 0.3780670109375 0.5366071421874999 0.3780670109375 0.5366071421874999 0.3548453609375
4 0.41270982187499994 0.4625979375 0.349959821875 0.4625979375 0.349959821875 0.5257628859375 0.41270982187499994 0.5257628859375 0.41270982187499994 0.4625979375
4 0.44006249999999997 0.47746391718750003 0.4135178578125 0.47746391718750003 0.4135178578125 0.5025412375 0.44006249999999997 0.5025412375 0.44006249999999997 0.47746391718750003
4 0.577633928125 0.795149484375 0.5317767859375 0.795149484375 0.5317767859375 0.8258041234375 0.577633928125 0.8258041234375 0.577633928125 0.795149484375
8 0.5897008921875 0.7877164953125 0.5736116078125 0.7877164953125 0.5736116078125 0.809082475 0.5897008921875 0.809082475 0.5897008921875 0.7877164953125
8 0.5285580359375001 0.8053659796874999 0.5156875000000001 0.8053659796874999 0.5156875000000001 0.8192989687500001 0.5285580359375001 0.8192989687500001 0.5285580359375001 0.8053659796874999