3 0.0703125 0.26171875 0.00390625 0.26171875 0.00390625 0.35546875 0.0703125 0.35546875 0.0703125 0.26171875
6 0.19921875 0.5527366078125 0.0019553578125 0.5527366078125 0.0019553578125 0.91015625 0.19921875 0.91015625 0.19921875 0.5527366078125
2 0.99609375 0.00390625 0.43359375 0.00390625 0.43359375 0.9941428578125 0.99609375 0.9941428578125 0.99609375 0.00390625
2 0.43554910781249995 0.7734375 0.2421875 0.7734375 0.2421875 0.9980491078125 0.43554910781249995 0.9980491078125 0.43554910781249995 0.7734375
4 0.3984375 0.7714866078125 0.328125 0.7714866078125 0.328125 0.83984375 0.3984375 0.83984375 0.3984375 0.7714866078125
4 0.359375 0.84375 0.2480491078125 0.84375 0.2480491078125 0.9785178578125 0.359375 0.9785178578125 0.359375 0.84375
4 0.5 0.3613303578125 0.45898660781249995 0.3613303578125 0.45898660781249995 0.68359375 0.5 0.68359375 0.5 0.3613303578125
4 0.5957053578125 0.1933616078125 0.53125 0.1933616078125 0.53125 0.328125 0.5957053578125 0.328125 0.5957053578125 0.1933616078125
4 0.5371116078125 0.3125 0.4921875 0.3125 0.4921875 0.3730491078125 0.5371116078125 0.3730491078125 0.5371116078125 0.3125
4 0.0703125 0.2558616078125 0.0058616078125 0.2558616078125 0.0058616078125 0.3515625 0.0703125 0.3515625 0.0703125 0.2558616078125
4 0.3925803578125 0.3457053578125 0.3535178578125 0.3457053578125 0.3535178578125 0.41796875 0.3925803578125 0.41796875 0.3925803578125 0.3457053578125
4 0.42773660781249995 0.2636741078125 0.390625 0.2636741078125 0.390625 0.3300803578125 0.42773660781249995 0.3300803578125 0.42773660781249995 0.2636741078125
4 0.1328125 0.7910178578125 0.109375 0.7910178578125 0.109375 0.82421875 0.1328125 0.82421875 0.1328125 0.7910178578125
4 0.0625 0.6972678578125 0.01171875 0.6972678578125 0.01171875 0.78125 0.0625 0.78125 0.0625 0.6972678578125