5 0.3769553578125 0.453125 0.0234375 0.453125 0.0234375 0.90625 0.3769553578125 0.90625 0.3769553578125 0.453125
8 0.40429910781249995 0.3027366078125 0.32421875 0.3027366078125 0.32421875 0.38671875 0.40429910781249995 0.38671875 0.40429910781249995 0.3027366078125
8 0.5566428578125 0.3457053578125 0.52734375 0.3457053578125 0.52734375 0.3964866078125 0.5566428578125 0.3964866078125 0.5566428578125 0.3457053578125
8 0.578125 0.46875 0.515625 0.46875 0.515625 0.5390625 0.578125 0.5390625 0.578125 0.46875
8 0.7753928578125 0.71484375 0.7246116078125 0.71484375 0.7246116078125 0.78515625 0.7753928578125 0.78515625 0.7753928578125 0.71484375
8 0.8046875 0.0136741078125 0.68359375 0.0136741078125 0.68359375 0.203125 0.8046875 0.203125 0.8046875 0.0136741078125
8 0.5761741078125 0.0214866078125 0.46289285781249995 0.0214866078125 0.46289285781249995 0.1035178578125 0.5761741078125 0.1035178578125 0.5761741078125 0.0214866078125
8 0.3261741078125 0.42773660781249995 0.2207053578125 0.42773660781249995 0.2207053578125 0.51953125 0.3261741078125 0.51953125 0.3261741078125 0.42773660781249995
8 0.42773660781249995 0.52734375 0.2988303578125 0.52734375 0.2988303578125 0.640625 0.42773660781249995 0.640625 0.42773660781249995 0.52734375
1 0.6699241078125 0.21484375 0.3984375 0.21484375 0.3984375 0.49609375 0.6699241078125 0.49609375 0.6699241078125 0.21484375
1 0.5957053578125 0.5449241078125 0.3847678578125 0.5449241078125 0.3847678578125 0.8027366078125 0.5957053578125 0.8027366078125 0.5957053578125 0.5449241078125
8 0.47461160781249995 0.2988303578125 0.45703125 0.2988303578125 0.45703125 0.3183616078125 0.47461160781249995 0.3183616078125 0.47461160781249995 0.2988303578125
8 0.6816428578125 0.3984375 0.6699241078125 0.3984375 0.6699241078125 0.40820535781249995 0.6816428578125 0.40820535781249995 0.6816428578125 0.3984375
8 0.609375 0.9667991078125 0.5957053578125 0.9667991078125 0.5957053578125 0.9863303578125 0.609375 0.9863303578125 0.609375 0.9667991078125
3 0.31640625 0.6640625 0.2949241078125 0.6640625 0.2949241078125 0.6855491078125 0.31640625 0.6855491078125 0.31640625 0.6640625
3 0.34765625 0.6875 0.32421875 0.6875 0.32421875 0.71484375 0.34765625 0.71484375 0.34765625 0.6875
3 0.47851785781249995 0.2949241078125 0.45508035781249995 0.2949241078125 0.45508035781249995 0.3203125 0.47851785781249995 0.3203125 0.47851785781249995 0.2949241078125
4 0.74609375 0.86328125 0.7128928578125 0.86328125 0.7128928578125 0.91015625 0.74609375 0.91015625 0.74609375 0.86328125
4 0.70703125 0.8496116078125 0.67578125 0.8496116078125 0.67578125 0.90625 0.70703125 0.90625 0.70703125 0.8496116078125
4 0.796875 0.046875 0.7285178578125 0.046875 0.7285178578125 0.17578125 0.796875 0.17578125 0.796875 0.046875
4 0.58984375 0.015625 0.52734375 0.015625 0.52734375 0.0644553578125 0.58984375 0.0644553578125 0.58984375 0.015625
4 0.34765625 0 0.34765625 0.05078125 0.42773660781249995 0.05078125 0.42773660781249995 0 0.34765625 0
4 0.8828125 0.0019553578125 0.84375 0.0019553578125 0.84375 0.029299107812500003 0.8828125 0.029299107812500003 0.8828125 0.0019553578125