5 0.6464866078125 0.2753928578125 0.2519553578125 0.2753928578125 0.2519553578125 0.59375 0.6464866078125 0.59375 0.6464866078125 0.2753928578125
3 0.98828125 0.0996116078125 0.73046875 0.0996116078125 0.73046875 0.29296875 0.98828125 0.29296875 0.98828125 0.0996116078125
3 0.9511741078125 0.40429910781249995 0.77734375 0.40429910781249995 0.77734375 0.5332053578125 0.9511741078125 0.5332053578125 0.9511741078125 0.40429910781249995
3 0.6582053578125 0.6855491078125 0.5761741078125 0.6855491078125 0.5761741078125 0.81640625 0.6582053578125 0.81640625 0.6582053578125 0.6855491078125
3 0.578125 0.796875 0.46484375 0.796875 0.46484375 0.9824241078125 0.578125 0.9824241078125 0.578125 0.796875
3 0.265625 0.6972678578125 0.1933616078125 0.6972678578125 0.1933616078125 0.765625 0.265625 0.765625 0.265625 0.6972678578125
3 0.6699241078125 0.84375 0.6347678578125 0.84375 0.6347678578125 0.87109375 0.6699241078125 0.87109375 0.6699241078125 0.84375
3 0.62890625 0.6269553578125 0.5800803578125 0.6269553578125 0.5800803578125 0.6582053578125 0.62890625 0.6582053578125 0.62890625 0.6269553578125
3 0.37109375 0.6347678578125 0.328125 0.6347678578125 0.328125 0.6796875 0.37109375 0.6796875 0.37109375 0.6347678578125
3 0.734375 0.1894553578125 0.6816428578125 0.1894553578125 0.6816428578125 0.296875 0.734375 0.296875 0.734375 0.1894553578125
3 0.8125 0.29296875 0.7402366078125 0.29296875 0.7402366078125 0.40820535781249995 0.8125 0.40820535781249995 0.8125 0.29296875
3 0.59375 0.0859375 0.5371116078125 0.0859375 0.5371116078125 0.1640625 0.59375 0.1640625 0.59375 0.0859375
3 0.6699241078125 0.2988303578125 0.63671875 0.2988303578125 0.63671875 0.3457053578125 0.6699241078125 0.3457053578125 0.6699241078125 0.2988303578125
8 0.2246116078125 0.7109375 0.203125 0.7109375 0.203125 0.72265625 0.2246116078125 0.72265625 0.2246116078125 0.7109375
8 0.9511741078125 0.16015625 0.9375 0.16015625 0.9375 0.1738303578125 0.9511741078125 0.1738303578125 0.9511741078125 0.16015625
8 0.9238303578125 0.0917991078125 0.9042991078125 0.0917991078125 0.9042991078125 0.1074241078125 0.9238303578125 0.1074241078125 0.9238303578125 0.0917991078125