8 0.43359375 0.0078125 0.2578125 0.0078125 0.2578125 0.0859375 0.43359375 0.0859375 0.43359375 0.0078125
4 0.15625 0.42773660781249995 0.0234375 0.42773660781249995 0.0234375 0.6855491078125 0.15625 0.6855491078125 0.15625 0.42773660781249995
4 0.9121116078125 0.8183616078125 0.3066428578125 0.8183616078125 0.3066428578125 0.9941428578125 0.9121116078125 0.9941428578125 0.9121116078125 0.8183616078125
5 0.98046875 0.0136741078125 0.32421875 0.0136741078125 0.32421875 0.96484375 0.98046875 0.96484375 0.98046875 0.0136741078125
4 0 0.3535178578125 0.08984375 0.3535178578125 0.08984375 0.10546875 0 0.10546875 0 0.3535178578125
4 0.25390625 0.00390625 0.0644553578125 0.00390625 0.0644553578125 0.08203125 0.25390625 0.08203125 0.25390625 0.00390625
4 0.1015625 0.6269553578125 0.0058616078125 0.6269553578125 0.0058616078125 0.9121116078125 0.1015625 0.9121116078125 0.1015625 0.6269553578125
4 0.3046875 0.25390625 0.2324241078125 0.25390625 0.2324241078125 0.5214866078125 0.3046875 0.5214866078125 0.3046875 0.25390625
4 0.421875 0.42383035781249995 0.3925803578125 0.42383035781249995 0.3925803578125 0.6191428578125 0.421875 0.6191428578125 0.421875 0.42383035781249995
4 0.44336160781249995 0.6308616078125 0.40820535781249995 0.6308616078125 0.40820535781249995 0.75 0.44336160781249995 0.75 0.44336160781249995 0.6308616078125
4 0.328125 0.2734375 0.30078125 0.2734375 0.30078125 0.37890625 0.328125 0.37890625 0.328125 0.2734375
4 0.625 0.07421875 0.56640625 0.07421875 0.56640625 0.2109375 0.625 0.2109375 0.625 0.07421875
4 0.90234375 0.62890625 0.8457053578125 0.62890625 0.8457053578125 0.7050803578125 0.90234375 0.7050803578125 0.90234375 0.62890625
2 0.7519553578125 0.5058616078125 0.7207053578125 0.5058616078125 0.7207053578125 0.53125 0.7519553578125 0.53125 0.7519553578125 0.5058616078125
2 0.9863303578125 0.1074241078125 0.35546875 0.1074241078125 0.35546875 0.9863303578125 0.9863303578125 0.9863303578125 0.9863303578125 0.1074241078125
4 0.0644553578125 0.3515625 0.0019553578125 0.3515625 0.0019553578125 0.6777366078125 0.0644553578125 0.6777366078125 0.0644553578125 0.3515625
4 0.1660178578125 0.90234375 0.0957053578125 0.90234375 0.0957053578125 0.9902366078125 0.1660178578125 0.9902366078125 0.1660178578125 0.90234375