6 0.3025 0.298571428125 0.00125 0.298571428125 0.00125 0.86 0.3025 0.86 0.3025 0.298571428125
8 0.6875 0.08 0.6537499999999999 0.08 0.6537499999999999 0.131428571875 0.6875 0.131428571875 0.6875 0.08
4 0.215 0.8671428578124999 0.1625 0.8671428578124999 0.1625 0.8828571421875001 0.215 0.8828571421875001 0.215 0.8671428578124999
4 0.10375000000000001 0.8985714281250001 0.07125000000000001 0.8985714281250001 0.07125000000000001 0.9342857140625 0.10375000000000001 0.9342857140625 0.10375000000000001 0.8985714281250001
4 0.14250000000000002 0.881428571875 0.11374999999999999 0.881428571875 0.11374999999999999 0.8971428578125 0.14250000000000002 0.8971428578125 0.14250000000000002 0.881428571875
8 0.205 0.43 0.17875000000000002 0.43 0.17875000000000002 0.46285714218749996 0.205 0.46285714218749996 0.205 0.43
4 0.16499999999999998 0.29 0.14375 0.29 0.14375 0.3142857140625 0.16499999999999998 0.3142857140625 0.16499999999999998 0.29
4 0.8574999999999999 0.011428571875 0.76625 0.011428571875 0.76625 0.268571428125 0.8574999999999999 0.268571428125 0.8574999999999999 0.011428571875
4 0.12 0.398571428125 0.09875 0.398571428125 0.09875 0.42142857187500005 0.12 0.42142857187500005 0.12 0.398571428125
8 0.27125 0.831428571875 0.25375000000000003 0.831428571875 0.25375000000000003 0.8428571421875001 0.27125 0.8428571421875001 0.27125 0.831428571875
4 0.70375 0.1242857140625 0.665 0.1242857140625 0.665 0.15 0.70375 0.15 0.70375 0.1242857140625
4 0.5925 0.46571428593749997 0.5475 0.46571428593749997 0.5475 0.5142857140625 0.5925 0.5142857140625 0.5925 0.46571428593749997
4 0.26375000000000004 0.298571428125 0.16999999999999998 0.298571428125 0.16999999999999998 0.368571428125 0.26375000000000004 0.368571428125 0.26375000000000004 0.298571428125
4 0.1775 0.43 0.11875 0.43 0.11875 0.521428571875 0.1775 0.521428571875 0.1775 0.43
6 0.21375000000000002 0.4557142859375 0.15125 0.4557142859375 0.15125 0.601428571875 0.21375000000000002 0.601428571875 0.21375000000000002 0.4557142859375
5 0.445 0.4757142859375 0.29 0.4757142859375 0.29 0.6571428578125 0.445 0.6571428578125 0.445 0.4757142859375