4 0.81875 0.3628571421875 0.7275 0.3628571421875 0.7275 0.47000000000000003 0.81875 0.47000000000000003 0.81875 0.3628571421875
8 0.80375 0.4 0.775 0.4 0.775 0.44714285781249996 0.80375 0.44714285781249996 0.80375 0.4
8 0.7474999999999999 0.0057142859375 0.7112499999999999 0.0057142859375 0.7112499999999999 0.0371428578125 0.7474999999999999 0.0371428578125 0.7474999999999999 0.0057142859375
4 0.32875 0.481428571875 0.26375000000000004 0.481428571875 0.26375000000000004 0.5757142859375 0.32875 0.5757142859375 0.32875 0.481428571875
4 0.19624999999999998 0.7857142859375 0.18125 0.7857142859375 0.18125 0.8142857140625 0.19624999999999998 0.8142857140625 0.19624999999999998 0.7857142859375
6 0.29625 0.34571428593750003 0.0025 0.34571428593750003 0.0025 0.8514285718749999 0.29625 0.8514285718749999 0.29625 0.34571428593750003
8 0.26125 0.4542857140625 0.22999999999999998 0.4542857140625 0.22999999999999998 0.4971428578125 0.26125 0.4971428578125 0.26125 0.4542857140625
4 0.77625 0.8742857140625 0.75 0.8742857140625 0.75 0.918571428125 0.77625 0.918571428125 0.77625 0.8742857140625
4 0.81375 0.0071428578125 0.76875 0.0071428578125 0.76875 0.06999999999999999 0.81375 0.06999999999999999 0.81375 0.0071428578125
4 0.77 0.0028571421875 0.705 0.0028571421875 0.705 0.0657142859375 0.77 0.0657142859375 0.77 0.0028571421875
5 0.20249999999999999 0.8099999999999999 0.03 0.8099999999999999 0.03 0.9842857140625 0.20249999999999999 0.9842857140625 0.20249999999999999 0.8099999999999999
5 0.17250000000000001 0.3957142859375 0.01 0.3957142859375 0.01 0.5900000000000001 0.17250000000000001 0.5900000000000001 0.17250000000000001 0.3957142859375