8 0.19375 0.5657142859375 0.15625 0.5657142859375 0.15625 0.5900000000000001 0.19375 0.5900000000000001 0.19375 0.5657142859375
8 0.2425 0.6228571421875 0.2 0.6228571421875 0.2 0.638571428125 0.2425 0.638571428125 0.2425 0.6228571421875
8 0.013750000000000002 0.6128571421875 0.00125 0.6128571421875 0.00125 0.64 0.013750000000000002 0.64 0.013750000000000002 0.6128571421875
4 0.06 0.8371428578125 0.0375 0.8371428578125 0.0375 0.8671428578124999 0.06 0.8671428578124999 0.06 0.8371428578125
4 0.38625 0.85 0.34625 0.85 0.34625 0.868571428125 0.38625 0.868571428125 0.38625 0.85
4 0.5962500000000001 0.5714285718750001 0.57625 0.5714285718750001 0.57625 0.6071428578125 0.5962500000000001 0.6071428578125 0.5962500000000001 0.5714285718750001
6 0.31 0.538571428125 0.0025 0.538571428125 0.0025 0.8628571421875 0.31 0.8628571421875 0.31 0.538571428125
4 0.84375 0.0671428578125 0.70875 0.0671428578125 0.70875 0.19714285781250002 0.84375 0.19714285781250002 0.84375 0.0671428578125
4 0.76625 0.198571428125 0.745 0.198571428125 0.745 0.3057142859375 0.76625 0.3057142859375 0.76625 0.198571428125
4 0.23625 0.728571428125 0.20375000000000001 0.728571428125 0.20375000000000001 0.7442857140625 0.23625 0.7442857140625 0.23625 0.728571428125
5 0.42625 0.41 0.275 0.41 0.275 0.5857142859375 0.42625 0.5857142859375 0.42625 0.41
3 0.55625 0.6442857140625 0.5237499999999999 0.6442857140625 0.5237499999999999 0.6757142859374999 0.55625 0.6757142859374999 0.55625 0.6442857140625
3 0.5287499999999999 0.6942857140625 0.49375 0.6942857140625 0.49375 0.7328571421875 0.5287499999999999 0.7328571421875 0.5287499999999999 0.6942857140625
3 0.3075 0.7557142859375 0.27 0.7557142859375 0.27 0.7928571421874999 0.3075 0.7928571421874999 0.3075 0.7557142859375