7 0.0725 0.0771428578125 0.0025 0.0771428578125 0.0025 0.21000000000000002 0.0725 0.21000000000000002 0.0725 0.0771428578125
4 0.9087500000000001 0.77 0.8875 0.77 0.8875 0.8 0.9087500000000001 0.8 0.9087500000000001 0.77
4 0.86875 0.7742857140625 0.83625 0.7742857140625 0.83625 0.828571428125 0.86875 0.828571428125 0.86875 0.7742857140625
6 0.33875 0.5157142859375 0.0025 0.5157142859375 0.0025 0.8857142859374999 0.33875 0.8857142859374999 0.33875 0.5157142859375
4 0.042499999999999996 0.5042857140625 0.034999999999999996 0.5042857140625 0.034999999999999996 0.5157142859375 0.042499999999999996 0.5157142859375 0.042499999999999996 0.5042857140625
4 0.0675 0.518571428125 0.05625 0.518571428125 0.05625 0.528571428125 0.0675 0.528571428125 0.0675 0.518571428125
4 0.08625000000000001 0.531428571875 0.07375000000000001 0.531428571875 0.07375000000000001 0.538571428125 0.08625000000000001 0.538571428125 0.08625000000000001 0.531428571875
4 0.37625000000000003 0.561428571875 0.32999999999999996 0.561428571875 0.32999999999999996 0.6457142859375 0.37625000000000003 0.6457142859375 0.37625000000000003 0.561428571875
4 0.34125 0.5371428578125 0.095 0.5371428578125 0.095 0.8071428578125 0.34125 0.8071428578125 0.34125 0.5371428578125
4 0.08499999999999999 0.6928571421874999 0.058750000000000004 0.6928571421874999 0.058750000000000004 0.718571428125 0.08499999999999999 0.718571428125 0.08499999999999999 0.6928571421874999
4 0.08249999999999999 0.6028571421875 0.0025 0.6028571421875 0.0025 0.7457142859375 0.08249999999999999 0.7457142859375 0.08249999999999999 0.6028571421875
1 0.97875 0.6842857140625 0.6725 0.6842857140625 0.6725 0.9928571421875001 0.97875 0.9928571421875001 0.97875 0.6842857140625
5 0.615 0.5057142859375 0.3525 0.5057142859375 0.3525 0.8071428578125 0.615 0.8071428578125 0.615 0.5057142859375