7 0.21625 0.0071428578125 0.00375 0.0071428578125 0.00375 0.33999999999999997 0.21625 0.33999999999999997 0.21625 0.0071428578125
1 0.97625 0.6471428578125 0.5962500000000001 0.6471428578125 0.5962500000000001 0.9957142859375001 0.97625 0.9957142859375001 0.97625 0.6471428578125
4 0.8625 0.7228571421875001 0.75 0.7228571421875001 0.75 0.8142857140625 0.8625 0.8142857140625 0.8625 0.7228571421875001
4 0.52125 0.4042857140625 0.0475 0.4042857140625 0.0475 0.9357142859375 0.52125 0.9357142859375 0.52125 0.4042857140625
8 0.8487500000000001 0.748571428125 0.84375 0.748571428125 0.84375 0.7557142859375 0.8487500000000001 0.7557142859375 0.8487500000000001 0.748571428125
8 0.845 0.76 0.8387499999999999 0.76 0.8387499999999999 0.7671428578125 0.845 0.7671428578125 0.845 0.76
8 0.8162499999999999 0.7271428578125 0.805 0.7271428578125 0.805 0.7442857140625 0.8162499999999999 0.7442857140625 0.8162499999999999 0.7271428578125
8 0.8125 0.761428571875 0.80625 0.761428571875 0.80625 0.781428571875 0.8125 0.781428571875 0.8125 0.761428571875
8 0.76625 0.7771428578124999 0.75625 0.7771428578124999 0.75625 0.7871428578125 0.76625 0.7871428578125 0.76625 0.7771428578124999
8 0.8025 0.768571428125 0.79375 0.768571428125 0.79375 0.7728571421875 0.8025 0.7728571421875 0.8025 0.768571428125
8 0.7875 0.781428571875 0.78125 0.781428571875 0.78125 0.7842857140625 0.7875 0.7842857140625 0.7875 0.781428571875
8 0.78125 0.788571428125 0.7775000000000001 0.788571428125 0.7775000000000001 0.791428571875 0.78125 0.791428571875 0.78125 0.788571428125
5 0.6875 0.51 0.32 0.51 0.32 0.8614285718750001 0.6875 0.8614285718750001 0.6875 0.51