4 0.6950000000000001 0.0657142859375 0.6075 0.0657142859375 0.6075 0.3271428578125 0.6950000000000001 0.3271428578125 0.6950000000000001 0.0657142859375
4 0.2225 0.8128571421874999 0.16125 0.8128571421874999 0.16125 0.8914285718749999 0.2225 0.8914285718749999 0.2225 0.8128571421874999
4 0.3025 0.7271428578125 0.18 0.7271428578125 0.18 0.8114285718750001 0.3025 0.8114285718750001 0.3025 0.7271428578125
4 0.2725 0.258571428125 0.09625 0.258571428125 0.09625 0.36 0.2725 0.36 0.2725 0.258571428125
8 0.20125 0.42285714218750003 0.185 0.42285714218750003 0.185 0.4542857140625 0.20125 0.4542857140625 0.20125 0.42285714218750003
8 0.24500000000000002 0.42285714218750003 0.1975 0.42285714218750003 0.1975 0.5228571421875 0.24500000000000002 0.5228571421875 0.24500000000000002 0.42285714218750003
4 0.29375 0.318571428125 0.00125 0.318571428125 0.00125 0.6785714281249999 0.29375 0.6785714281249999 0.29375 0.318571428125
6 0.24874999999999997 0.5871428578125 0.00125 0.5871428578125 0.00125 0.8571428578125 0.24874999999999997 0.8571428578125 0.24874999999999997 0.5871428578125
4 0.43499999999999994 0.2971428578125 0.37875000000000003 0.2971428578125 0.37875000000000003 0.531428571875 0.43499999999999994 0.531428571875 0.43499999999999994 0.2971428578125
4 0.39 0.6799999999999999 0.27999999999999997 0.6799999999999999 0.27999999999999997 0.8457142859375001 0.39 0.8457142859375001 0.39 0.6799999999999999
4 0.26749999999999996 0.2557142859375 0.2475 0.2557142859375 0.2475 0.31 0.26749999999999996 0.31 0.26749999999999996 0.2557142859375
4 0.07625 0.5742857140625001 0.057499999999999996 0.5742857140625001 0.057499999999999996 0.598571428125 0.07625 0.598571428125 0.07625 0.5742857140625001
4 0.125 0.42142857187500005 0.1075 0.42142857187500005 0.1075 0.448571428125 0.125 0.448571428125 0.125 0.42142857187500005