6 0.28125 0.3471428578125 0.00625 0.3471428578125 0.00625 0.8557142859375 0.28125 0.8557142859375 0.28125 0.3471428578125
4 0.2225 0.7557142859375 0.18125 0.7557142859375 0.18125 0.8614285718750001 0.2225 0.8614285718750001 0.2225 0.7557142859375
4 0.36124999999999996 0.39 0.24500000000000002 0.39 0.24500000000000002 0.5357142859375 0.36124999999999996 0.5357142859375 0.36124999999999996 0.39
4 0.27749999999999997 0.6271428578125 0.26375000000000004 0.6271428578125 0.26375000000000004 0.6614285718749999 0.27749999999999997 0.6614285718749999 0.27749999999999997 0.6271428578125
4 0.23875000000000002 0.6228571421875 0.20625 0.6228571421875 0.20625 0.6357142859375 0.23875000000000002 0.6357142859375 0.23875000000000002 0.6228571421875
4 0.23374999999999999 0.6428571421875 0.21000000000000002 0.6428571421875 0.21000000000000002 0.6528571421875 0.23374999999999999 0.6528571421875 0.23374999999999999 0.6428571421875
8 0.24375 0.4357142859375 0.20875 0.4357142859375 0.20875 0.46142857187499997 0.24375 0.46142857187499997 0.24375 0.4357142859375
8 0.25625 0.3742857140625 0.24 0.3742857140625 0.24 0.398571428125 0.25625 0.398571428125 0.25625 0.3742857140625
4 0.60625 0.21000000000000002 0.5587500000000001 0.21000000000000002 0.5587500000000001 0.3571428578125 0.60625 0.3571428578125 0.60625 0.21000000000000002
8 0.6375 0.24714285781249998 0.5825 0.24714285781249998 0.5825 0.398571428125 0.6375 0.398571428125 0.6375 0.24714285781249998
8 0.22875 0.368571428125 0.21375000000000002 0.368571428125 0.21375000000000002 0.3757142859375 0.22875 0.3757142859375 0.22875 0.368571428125