4 0.73 0.0828571421875 0.635 0.0828571421875 0.635 0.231428571875 0.73 0.231428571875 0.73 0.0828571421875
4 0.7787499999999999 0.95 0.7175 0.95 0.7175 0.991428571875 0.7787499999999999 0.991428571875 0.7787499999999999 0.95
4 0.5237499999999999 0.24 0.46749999999999997 0.24 0.46749999999999997 0.52 0.5237499999999999 0.52 0.5237499999999999 0.24
4 0.26749999999999996 0.2757142859375 0.09625 0.2757142859375 0.09625 0.48857142812500004 0.26749999999999996 0.48857142812500004 0.26749999999999996 0.2757142859375
4 0.16999999999999998 0.8485714281250001 0.14125000000000001 0.8485714281250001 0.14125000000000001 0.8728571421875 0.16999999999999998 0.8728571421875 0.16999999999999998 0.8485714281250001
4 0.29375 0.8028571421875 0.24375 0.8028571421875 0.24375 0.8457142859375001 0.29375 0.8457142859375001 0.29375 0.8028571421875
4 0.09125 0.9028571421875 0.0725 0.9028571421875 0.0725 0.9285714281249999 0.09125 0.9285714281249999 0.09125 0.9028571421875
4 0.1375 0.8485714281250001 0.08249999999999999 0.8485714281250001 0.08249999999999999 0.8871428578125 0.1375 0.8871428578125 0.1375 0.8485714281250001
8 0.2325 0.42142857187500005 0.18125 0.42142857187500005 0.18125 0.508571428125 0.2325 0.508571428125 0.2325 0.42142857187500005
6 0.30125 0.311428571875 0.03 0.311428571875 0.03 0.6571428578125 0.30125 0.6571428578125 0.30125 0.311428571875
6 0.27375 0.5714285718750001 0.0025 0.5714285718750001 0.0025 0.8557142859375 0.27375 0.8557142859375 0.27375 0.5714285718750001
6 0.205 0.4671428578125 0.1525 0.4671428578125 0.1525 0.6042857140625 0.205 0.6042857140625 0.205 0.4671428578125
8 0.7112499999999999 0.10571428593750001 0.6587500000000001 0.10571428593750001 0.6587500000000001 0.1757142859375 0.7112499999999999 0.1757142859375 0.7112499999999999 0.10571428593750001
5 0.41 0.47142857187500004 0.2525 0.47142857187500004 0.2525 0.6757142859374999 0.41 0.6757142859374999 0.41 0.47142857187500004
4 0.8862500000000001 0.081428571875 0.79 0.081428571875 0.79 0.261428571875 0.8862500000000001 0.261428571875 0.8862500000000001 0.081428571875