4 0.865 0.0028571421875 0.6475 0.0028571421875 0.6475 0.29 0.865 0.29 0.865 0.0028571421875
4 0.15 0.7871428578125 0.06625 0.7871428578125 0.06625 0.8628571421875 0.15 0.8628571421875 0.15 0.7871428578125
4 0.25125000000000003 0.7442857140625 0.20125 0.7442857140625 0.20125 0.8014285718749999 0.25125000000000003 0.8014285718749999 0.25125000000000003 0.7442857140625
4 0.27625 0.8071428578125 0.26375000000000004 0.8071428578125 0.26375000000000004 0.8471428578125 0.27625 0.8471428578125 0.27625 0.8071428578125
4 0.30125 0.8014285718749999 0.28500000000000003 0.8014285718749999 0.28500000000000003 0.8485714281250001 0.30125 0.8485714281250001 0.30125 0.8014285718749999
4 0.19375 0.8342857140625 0.16999999999999998 0.8342857140625 0.16999999999999998 0.8928571421875 0.19375 0.8928571421875 0.19375 0.8342857140625
4 0.32875 0.31 0.0025 0.31 0.0025 0.7442857140625 0.32875 0.7442857140625 0.32875 0.31
4 0.2575 0.3157142859375 0.20625 0.3157142859375 0.20625 0.378571428125 0.2575 0.378571428125 0.2575 0.3157142859375
4 0.29500000000000004 0.31 0.25125000000000003 0.31 0.25125000000000003 0.35 0.29500000000000004 0.35 0.29500000000000004 0.31
6 0.32 0.6071428578125 0.0025 0.6071428578125 0.0025 0.8671428578124999 0.32 0.8671428578124999 0.32 0.6071428578125
8 0.71 0.04 0.6537499999999999 0.04 0.6537499999999999 0.1028571421875 0.71 0.1028571421875 0.71 0.04
5 0.44625000000000004 0.4557142859375 0.29500000000000004 0.4557142859375 0.29500000000000004 0.62 0.44625000000000004 0.62 0.44625000000000004 0.4557142859375