4 0.20750000000000002 0.7828571421875 0.09125 0.7828571421875 0.09125 0.8557142859375 0.20750000000000002 0.8557142859375 0.20750000000000002 0.7828571421875
8 0.20125 0.871428571875 0.18375 0.871428571875 0.18375 0.881428571875 0.20125 0.881428571875 0.20125 0.871428571875
8 0.27 0.8328571421875001 0.255 0.8328571421875001 0.255 0.8514285718749999 0.27 0.8514285718749999 0.27 0.8328571421875001
8 0.19624999999999998 0.43 0.17375000000000002 0.43 0.17375000000000002 0.47000000000000003 0.19624999999999998 0.47000000000000003 0.19624999999999998 0.43
4 0.24 0.771428571875 0.20375000000000001 0.771428571875 0.20375000000000001 0.8014285718749999 0.24 0.8014285718749999 0.24 0.771428571875
4 0.08249999999999999 0.9071428578124999 0.061250000000000006 0.9071428578124999 0.061250000000000006 0.9285714281249999 0.08249999999999999 0.9285714281249999 0.08249999999999999 0.9071428578124999
6 0.30874999999999997 0.29571428593750004 0.0025 0.29571428593750004 0.0025 0.6828571421875 0.30874999999999997 0.6828571421875 0.30874999999999997 0.29571428593750004
6 0.24375 0.5842857140625 0.00125 0.5842857140625 0.00125 0.86 0.24375 0.86 0.24375 0.5842857140625
6 0.29625 0.718571428125 0.09125 0.718571428125 0.09125 0.8585714281250001 0.29625 0.8585714281250001 0.29625 0.718571428125
8 0.6837500000000001 0.0657142859375 0.6487499999999999 0.0657142859375 0.6487499999999999 0.11285714218750001 0.6837500000000001 0.11285714218750001 0.6837500000000001 0.0657142859375
4 0.26 0.29571428593750004 0.11374999999999999 0.29571428593750004 0.11374999999999999 0.5171428578125 0.26 0.5171428578125 0.26 0.29571428593750004
8 0.22125 0.3128571421875 0.19875 0.3128571421875 0.19875 0.3328571421875 0.22125 0.3328571421875 0.22125 0.3128571421875
4 0.8300000000000001 0.2 0.76625 0.2 0.76625 0.27999999999999997 0.8300000000000001 0.27999999999999997 0.8300000000000001 0.2
5 0.47125000000000006 0.4528571421875 0.2625 0.4528571421875 0.2625 0.671428571875 0.47125000000000006 0.671428571875 0.47125000000000006 0.4528571421875