8 0.19375 0.5657142859375 0.15625 0.5657142859375 0.15625 0.5900000000000001 0.19375 0.5900000000000001 0.19375 0.5657142859375
8 0.2425 0.6228571421875 0.2 0.6228571421875 0.2 0.638571428125 0.2425 0.638571428125 0.2425 0.6228571421875
8 0.013750000000000002 0.6128571421875 0.00125 0.6128571421875 0.00125 0.64 0.013750000000000002 0.64 0.013750000000000002 0.6128571421875
6 0.31 0.538571428125 0.0025 0.538571428125 0.0025 0.8628571421875 0.31 0.8628571421875 0.31 0.538571428125
4 0.8550000000000001 0.0128571421875 0.68875 0.0128571421875 0.68875 0.21857142812500002 0.8550000000000001 0.21857142812500002 0.8550000000000001 0.0128571421875
4 0.25 0.6842857140625 0.22374999999999998 0.6842857140625 0.22374999999999998 0.7157142859375 0.25 0.7157142859375 0.25 0.6842857140625
8 0.21749999999999997 0.7328571421875 0.19624999999999998 0.7328571421875 0.19624999999999998 0.7457142859375 0.21749999999999997 0.7457142859375 0.21749999999999997 0.7328571421875
8 0.2375 0.731428571875 0.22749999999999998 0.731428571875 0.22749999999999998 0.738571428125 0.2375 0.738571428125 0.2375 0.731428571875
8 0.22999999999999998 0.5371428578125 0.21125 0.5371428578125 0.21125 0.5442857140624999 0.22999999999999998 0.5442857140624999 0.22999999999999998 0.5371428578125
4 0.31625000000000003 0.7857142859375 0.28625 0.7857142859375 0.28625 0.8257142859375 0.31625000000000003 0.8257142859375 0.31625000000000003 0.7857142859375
8 0.7375 0.09 0.70125 0.09 0.70125 0.181428571875 0.7375 0.181428571875 0.7375 0.09
5 0.4325 0.428571428125 0.27625 0.428571428125 0.27625 0.598571428125 0.4325 0.598571428125 0.4325 0.428571428125
2 0.9925 0.11857142812499999 0.73375 0.11857142812499999 0.73375 0.981428571875 0.9925 0.981428571875 0.9925 0.11857142812499999