6 0.37124999999999997 0.5471428578124999 0.00125 0.5471428578124999 0.00125 0.8757142859375 0.37124999999999997 0.8757142859375 0.37124999999999997 0.5471428578124999
6 0.9262499999999999 0.7957142859374999 0.9037499999999999 0.7957142859374999 0.9037499999999999 0.8214285718750001 0.9262499999999999 0.8214285718750001 0.9262499999999999 0.7957142859374999
6 0.885 0.798571428125 0.8525 0.798571428125 0.8525 0.8471428578125 0.885 0.8471428578125 0.885 0.798571428125
4 0.305 0.4771428578125 0.21875 0.4771428578125 0.21875 0.578571428125 0.305 0.578571428125 0.305 0.4771428578125
6 0.1125 0.541428571875 0.1025 0.541428571875 0.1025 0.5557142859375 0.1125 0.5557142859375 0.1125 0.541428571875
6 0.14125000000000001 0.551428571875 0.125 0.551428571875 0.125 0.5642857140624999 0.14125000000000001 0.5642857140624999 0.14125000000000001 0.551428571875
6 0.37124999999999997 0.5457142859374999 0.21625 0.5457142859374999 0.21625 0.7228571421875001 0.37124999999999997 0.7228571421875001 0.37124999999999997 0.5457142859374999
4 0.18875 0.5671428578125 0.075 0.5671428578125 0.075 0.6757142859374999 0.18875 0.6757142859374999 0.18875 0.5671428578125
4 0.07875 0.6 0.0025 0.6 0.0025 0.8171428578125 0.07875 0.8171428578125 0.07875 0.6
8 0.11750000000000001 0.618571428125 0.0925 0.618571428125 0.0925 0.651428571875 0.11750000000000001 0.651428571875 0.11750000000000001 0.618571428125
7 0.07375000000000001 0.06999999999999999 0.00375 0.06999999999999999 0.00375 0.1871428578125 0.07375000000000001 0.1871428578125 0.07375000000000001 0.06999999999999999
1 0.9962500000000001 0.72 0.70625 0.72 0.70625 0.9971428578125 0.9962500000000001 0.9971428578125 0.9962500000000001 0.72
5 0.8787499999999999 0.3657142859375 0.37625000000000003 0.3657142859375 0.37625000000000003 0.8857142859374999 0.8787499999999999 0.8857142859374999 0.8787499999999999 0.3657142859375