4 0.89 0.038571428125 0.73125 0.038571428125 0.73125 0.2657142859375 0.89 0.2657142859375 0.89 0.038571428125
4 0.013750000000000002 0.54 0.00125 0.54 0.00125 0.581428571875 0.013750000000000002 0.581428571875 0.013750000000000002 0.54
8 0.19375 0.5657142859375 0.15625 0.5657142859375 0.15625 0.5900000000000001 0.19375 0.5900000000000001 0.19375 0.5657142859375
8 0.2425 0.6228571421875 0.2 0.6228571421875 0.2 0.638571428125 0.2425 0.638571428125 0.2425 0.6228571421875
8 0.013750000000000002 0.6128571421875 0.00125 0.6128571421875 0.00125 0.64 0.013750000000000002 0.64 0.013750000000000002 0.6128571421875
4 0.06 0.8371428578125 0.0375 0.8371428578125 0.0375 0.8671428578124999 0.06 0.8671428578124999 0.06 0.8371428578125
4 0.38625 0.85 0.34625 0.85 0.34625 0.868571428125 0.38625 0.868571428125 0.38625 0.85
4 0.5962500000000001 0.5714285718750001 0.57625 0.5714285718750001 0.57625 0.6071428578125 0.5962500000000001 0.6071428578125 0.5962500000000001 0.5714285718750001
6 0.31 0.538571428125 0.0025 0.538571428125 0.0025 0.8628571421875 0.31 0.8628571421875 0.31 0.538571428125
8 0.76375 0.1157142859375 0.7375 0.1157142859375 0.7375 0.1857142859375 0.76375 0.1857142859375 0.76375 0.1157142859375
5 0.44625000000000004 0.40857142812499997 0.28125 0.40857142812499997 0.28125 0.5828571421875 0.44625000000000004 0.5828571421875 0.44625000000000004 0.40857142812499997