8 0.16375 0.941428571875 0.11875 0.941428571875 0.11875 0.991428571875 0.16375 0.991428571875 0.16375 0.941428571875
8 0.11499999999999999 0.5728571421875001 0.08 0.5728571421875001 0.08 0.5900000000000001 0.11499999999999999 0.5900000000000001 0.11499999999999999 0.5728571421875001
7 0.061250000000000006 0.0828571421875 0.0025 0.0828571421875 0.0025 0.2128571421875 0.061250000000000006 0.2128571421875 0.061250000000000006 0.0828571421875
4 0.7462500000000001 0.0828571421875 0.0025 0.0828571421875 0.0025 0.9957142859375001 0.7462500000000001 0.9957142859375001 0.7462500000000001 0.0828571421875
4 0.8875 0.7357142859375 0.86 0.7357142859375 0.86 0.771428571875 0.8875 0.771428571875 0.8875 0.7357142859375
4 0.8462500000000001 0.74 0.79875 0.74 0.79875 0.7971428578124999 0.8462500000000001 0.7971428578124999 0.8462500000000001 0.74
8 0.87625 0.738571428125 0.86875 0.738571428125 0.86875 0.76 0.87625 0.76 0.87625 0.738571428125
8 0.82875 0.7657142859375 0.8150000000000001 0.7657142859375 0.8150000000000001 0.7757142859374999 0.82875 0.7757142859374999 0.82875 0.7657142859375
8 0.82 0.7442857140625 0.8125 0.7442857140625 0.8125 0.75 0.82 0.75 0.82 0.7442857140625
1 0.9800000000000001 0.651428571875 0.59875 0.651428571875 0.59875 0.9957142859375001 0.9800000000000001 0.9957142859375001 0.9800000000000001 0.651428571875
8 0.1625 0.16 0.15 0.16 0.15 0.1757142859375 0.1625 0.1757142859375 0.1625 0.16
5 0.57625 0.5171428578125 0.335 0.5171428578125 0.335 0.8042857140624999 0.57625 0.8042857140624999 0.57625 0.5171428578125