4 0.32875 0.481428571875 0.27625 0.481428571875 0.27625 0.541428571875 0.32875 0.541428571875 0.32875 0.481428571875
4 0.19624999999999998 0.7857142859375 0.18125 0.7857142859375 0.18125 0.8142857140625 0.19624999999999998 0.8142857140625 0.19624999999999998 0.7857142859375
6 0.29625 0.34571428593750003 0.0025 0.34571428593750003 0.0025 0.8514285718749999 0.29625 0.8514285718749999 0.29625 0.34571428593750003
4 0.8412499999999999 0.011428571875 0.7675 0.011428571875 0.7675 0.1371428578125 0.8412499999999999 0.1371428578125 0.8412499999999999 0.011428571875
4 0.85875 0.39714285781249997 0.7375 0.39714285781249997 0.7375 0.508571428125 0.85875 0.508571428125 0.85875 0.39714285781249997
4 0.78 0.8728571421875 0.7025 0.8728571421875 0.7025 0.9442857140625 0.78 0.9442857140625 0.78 0.8728571421875
4 0.23875000000000002 0.8014285718749999 0.21875 0.8014285718749999 0.21875 0.8142857140625 0.23875000000000002 0.8142857140625 0.23875000000000002 0.8014285718749999
4 0.32625000000000004 0.381428571875 0.28625 0.381428571875 0.28625 0.4842857140625 0.32625000000000004 0.4842857140625 0.32625000000000004 0.381428571875
8 0.8400000000000001 0.42142857187500005 0.8150000000000001 0.42142857187500005 0.8150000000000001 0.4871428578125 0.8400000000000001 0.4871428578125 0.8400000000000001 0.42142857187500005
8 0.75 0.8885714281249999 0.7125 0.8885714281249999 0.7125 0.93 0.75 0.93 0.75 0.8885714281249999
4 0.19125 0.7328571421875 0.1625 0.7328571421875 0.1625 0.7642857140625 0.19125 0.7642857140625 0.19125 0.7328571421875
8 0.1825 0.428571428125 0.17250000000000001 0.428571428125 0.17250000000000001 0.451428571875 0.1825 0.451428571875 0.1825 0.428571428125
8 0.22625 0.4357142859375 0.21625 0.4357142859375 0.21625 0.46571428593749997 0.22625 0.46571428593749997 0.22625 0.4357142859375
5 0.15625 0.42142857187500005 0.00375 0.42142857187500005 0.00375 0.5599999999999999 0.15625 0.5599999999999999 0.15625 0.42142857187500005
5 0.205 0.7671428578125 0.0225 0.7671428578125 0.0225 0.9857142859374999 0.205 0.9857142859374999 0.205 0.7671428578125