4 0.09125 0.45857142812499996 0.00375 0.45857142812499996 0.00375 0.5842857140625 0.09125 0.5842857140625 0.09125 0.45857142812499996
4 0.12625 0.7728571421875 0.041249999999999995 0.7728571421875 0.041249999999999995 0.9099999999999999 0.12625 0.9099999999999999 0.12625 0.7728571421875
4 0.31375000000000003 0.411428571875 0.25875 0.411428571875 0.25875 0.5242857140625 0.31375000000000003 0.5242857140625 0.31375000000000003 0.411428571875
4 0.18375 0.7528571421875 0.12 0.7528571421875 0.12 0.8042857140624999 0.18375 0.8042857140624999 0.18375 0.7528571421875
8 0.18125 0.3628571421875 0.1575 0.3628571421875 0.1575 0.4 0.18125 0.4 0.18125 0.3628571421875
8 0.22749999999999998 0.3571428578125 0.185 0.3571428578125 0.185 0.388571428125 0.22749999999999998 0.388571428125 0.22749999999999998 0.3571428578125
8 0.20750000000000002 0.4142857140625 0.19 0.4142857140625 0.19 0.43 0.20750000000000002 0.43 0.20750000000000002 0.4142857140625
8 0.22000000000000003 0.48 0.2 0.48 0.2 0.4957142859375 0.22000000000000003 0.4957142859375 0.22000000000000003 0.48
8 0.2325 0.45857142812499996 0.21749999999999997 0.45857142812499996 0.21749999999999997 0.4771428578125 0.2325 0.4771428578125 0.2325 0.45857142812499996
6 0.28625 0.27 0.005 0.27 0.005 0.841428571875 0.28625 0.841428571875 0.28625 0.27
4 0.585 0.151428571875 0.5425 0.151428571875 0.5425 0.28428571406250003 0.585 0.28428571406250003 0.585 0.151428571875
4 0.27749999999999997 0.2642857140625 0.255 0.2642857140625 0.255 0.3142857140625 0.27749999999999997 0.3142857140625 0.27749999999999997 0.2642857140625
4 0.99375 0.0157142859375 0.49749999999999994 0.0157142859375 0.49749999999999994 0.99 0.99375 0.99 0.99375 0.0157142859375