1 0.96875 0.6542857140625 0.59375 0.6542857140625 0.59375 0.9942857140625 0.96875 0.9942857140625 0.96875 0.6542857140625
4 0.6587500000000001 0.29571428593750004 0.08 0.29571428593750004 0.08 0.9457142859375001 0.6587500000000001 0.9457142859375001 0.6587500000000001 0.29571428593750004
4 0.8550000000000001 0.7242857140625001 0.74 0.7242857140625001 0.74 0.8142857140625 0.8550000000000001 0.8142857140625 0.8550000000000001 0.7242857140625001
8 0.77 0.771428571875 0.755 0.771428571875 0.755 0.7871428578125 0.77 0.7871428578125 0.77 0.771428571875
8 0.8125 0.7628571421875 0.80375 0.7628571421875 0.80375 0.781428571875 0.8125 0.781428571875 0.8125 0.7628571421875
8 0.8125 0.7271428578125 0.805 0.7271428578125 0.805 0.738571428125 0.8125 0.738571428125 0.8125 0.7271428578125
8 0.7875 0.781428571875 0.7787499999999999 0.781428571875 0.7787499999999999 0.7942857140624999 0.7875 0.7942857140624999 0.7875 0.781428571875
8 0.84375 0.76 0.8375 0.76 0.8375 0.768571428125 0.84375 0.768571428125 0.84375 0.76
8 0.85 0.748571428125 0.8425 0.748571428125 0.8425 0.7571428578125 0.85 0.7571428578125 0.85 0.748571428125
7 0.24500000000000002 0.0071428578125 0.00375 0.0071428578125 0.00375 0.391428571875 0.24500000000000002 0.391428571875 0.24500000000000002 0.0071428578125
5 0.6900000000000001 0.4857142859375 0.3075 0.4857142859375 0.3075 0.8485714281250001 0.6900000000000001 0.8485714281250001 0.6900000000000001 0.4857142859375