4 0.6599999999999999 0.188571428125 0.60625 0.188571428125 0.60625 0.3057142859375 0.6599999999999999 0.3057142859375 0.6599999999999999 0.188571428125
4 0.5912499999999999 0.17285714218749998 0.5375 0.17285714218749998 0.5375 0.24428571406250002 0.5912499999999999 0.24428571406250002 0.5912499999999999 0.17285714218749998
4 0.39 0.358571428125 0.30625 0.358571428125 0.30625 0.5971428578125 0.39 0.5971428578125 0.39 0.358571428125
4 0.2125 0.7528571421875 0.1075 0.7528571421875 0.1075 0.828571428125 0.2125 0.828571428125 0.2125 0.7528571421875
4 0.028749999999999998 0.8271428578125001 0.008749999999999999 0.8271428578125001 0.008749999999999999 0.8471428578125 0.028749999999999998 0.8471428578125 0.028749999999999998 0.8271428578125001
4 0.06625 0.8614285718750001 0.045 0.8614285718750001 0.045 0.8914285718749999 0.06625 0.8914285718749999 0.06625 0.8614285718750001
4 0.08375 0.5585714281249999 0.0025 0.5585714281249999 0.0025 0.6328571421875 0.08375 0.6328571421875 0.08375 0.5585714281249999
6 0.28625 0.33714285781250003 0.0025 0.33714285781250003 0.0025 0.8471428578125 0.28625 0.8471428578125 0.28625 0.33714285781250003
4 0.24125000000000002 0.3128571421875 0.205 0.3128571421875 0.205 0.3342857140625 0.24125000000000002 0.3342857140625 0.24125000000000002 0.3128571421875
8 0.22625 0.3657142859375 0.17250000000000001 0.3657142859375 0.17250000000000001 0.44428571406249995 0.22625 0.44428571406249995 0.22625 0.3657142859375
4 0.9974999999999999 0.0071428578125 0.4375 0.0071428578125 0.4375 0.99 0.9974999999999999 0.99 0.9974999999999999 0.0071428578125