4 0.27625 0.28714285781250004 0.0975 0.28714285781250004 0.0975 0.4757142859375 0.27625 0.4757142859375 0.27625 0.28714285781250004
8 0.2125 0.42428571406250004 0.1825 0.42428571406250004 0.1825 0.46428571406249997 0.2125 0.46428571406249997 0.2125 0.42428571406250004
8 0.23374999999999999 0.44714285781249996 0.19624999999999998 0.44714285781249996 0.19624999999999998 0.518571428125 0.23374999999999999 0.518571428125 0.23374999999999999 0.44714285781249996
4 0.17250000000000001 0.8428571421875001 0.14375 0.8428571421875001 0.14375 0.8657142859375 0.17250000000000001 0.8657142859375 0.17250000000000001 0.8428571421875001
4 0.08125 0.9057142859375 0.061250000000000006 0.9057142859375 0.061250000000000006 0.93 0.08125 0.93 0.08125 0.9057142859375
8 0.145 0.85 0.11750000000000001 0.85 0.11750000000000001 0.868571428125 0.145 0.868571428125 0.145 0.85
4 0.355 0.7357142859375 0.20750000000000002 0.7357142859375 0.20750000000000002 0.8542857140625 0.355 0.8542857140625 0.355 0.7357142859375
6 0.30125 0.3128571421875 0.0025 0.3128571421875 0.0025 0.86 0.30125 0.86 0.30125 0.3128571421875
6 0.21375000000000002 0.46285714218749996 0.155 0.46285714218749996 0.155 0.608571428125 0.21375000000000002 0.608571428125 0.21375000000000002 0.46285714218749996
4 0.46624999999999994 0.3871428578125 0.35375 0.3871428578125 0.35375 0.5871428578125 0.46624999999999994 0.5871428578125 0.46624999999999994 0.3871428578125
8 0.68875 0.08857142812499999 0.635 0.08857142812499999 0.635 0.22000000000000003 0.68875 0.22000000000000003 0.68875 0.08857142812499999
4 0.7725 0.9471428578125 0.7075 0.9471428578125 0.7075 0.99 0.7725 0.99 0.7725 0.9471428578125
5 0.38 0.48857142812500004 0.26125 0.48857142812500004 0.26125 0.6328571421875 0.38 0.6328571421875 0.38 0.48857142812500004
4 0.92125 0.044285714062499995 0.765 0.044285714062499995 0.765 0.29285714218750003 0.92125 0.29285714218750003 0.92125 0.044285714062499995