5 0.41333482187500004 0.39488268125000003 0.331852678125 0.39488268125000003 0.331852678125 0.5246592171875 0.41333482187500004 0.5246592171875 0.41333482187500004 0.39488268125000003
7 0.9629642859375 0.74342458125 0.851852678125 0.74342458125 0.851852678125 0.923251396875 0.9629642859375 0.923251396875 0.9629642859375 0.74342458125
3 0.724446428125 0.0074134078125 0.6888883921875 0.0074134078125 0.6888883921875 0.0926983234375 0.724446428125 0.0926983234375 0.724446428125 0.0074134078125
3 0.7407410718749999 0.09640223437499999 0.6888883921875 0.09640223437499999 0.6888883921875 0.189100559375 0.7407410718749999 0.189100559375 0.7407410718749999 0.09640223437499999
8 0.340741071875 0.28550279375 0.3214821421875 0.28550279375 0.3214821421875 0.31331284843749996 0.340741071875 0.31331284843749996 0.340741071875 0.28550279375
8 0.324446428125 0.33926815625 0.2859241078125 0.33926815625 0.2859241078125 0.363368715625 0.324446428125 0.363368715625 0.324446428125 0.33926815625
8 0.2903705359375 0.0667430171875 0.268147321875 0.0667430171875 0.268147321875 0.0889888265625 0.2903705359375 0.0889888265625 0.2903705359375 0.0667430171875
8 0.32296428593750004 0.07972067031249999 0.275553571875 0.07972067031249999 0.275553571875 0.1297765359375 0.32296428593750004 0.1297765359375 0.32296428593750004 0.07972067031249999
8 0.32740625 0.1353351953125 0.2814821421875 0.1353351953125 0.2814821421875 0.1909553078125 0.32740625 0.1909553078125 0.32740625 0.1353351953125
8 0.2296294640625 0.0296648046875 0.211852678125 0.0296648046875 0.211852678125 0.051910614062500006 0.2296294640625 0.051910614062500006 0.2296294640625 0.0296648046875
8 0.24888839218749997 0.024100559375 0.23259375000000002 0.024100559375 0.23259375000000002 0.0444916203125 0.24888839218749997 0.0444916203125 0.24888839218749997 0.024100559375
8 0.43703571406249997 0.45050279375 0.419258928125 0.45050279375 0.419258928125 0.4708938546875 0.43703571406249997 0.4708938546875 0.43703571406249997 0.45050279375
8 0.3140758921875 0.44679329531249995 0.2829642859375 0.44679329531249995 0.2829642859375 0.4764581 0.3140758921875 0.4764581 0.3140758921875 0.44679329531249995
8 0.3496294640625 0.363368715625 0.33333482187499996 0.363368715625 0.33333482187499996 0.381905028125 0.3496294640625 0.381905028125 0.3496294640625 0.363368715625
8 0.5185178578125 0.5932569828124999 0.493334821875 0.5932569828124999 0.493334821875 0.6303351953125 0.5185178578125 0.6303351953125 0.5185178578125 0.5932569828124999