5 0.6296294640625 0.279944134375 0.5111116078125 0.279944134375 0.5111116078125 0.43196089375 0.6296294640625 0.43196089375 0.6296294640625 0.279944134375
7 0 0.9992625703125 0.1214821421875 0.9992625703125 0.1214821421875 0.207636871875 0 0.207636871875 0 0.9992625703125
7 0.331852678125 0.5821284921875 0.124446428125 0.5821284921875 0.124446428125 0.997407821875 0.331852678125 0.997407821875 0.331852678125 0.5821284921875
3 0.07851785781250001 0.1260670390625 0.0562946421875 0.1260670390625 0.0562946421875 0.15573184375 0.07851785781250001 0.15573184375 0.07851785781250001 0.1260670390625
8 0.64 0.08342458124999999 0.626665178125 0.08342458124999999 0.626665178125 0.10937988750000001 0.64 0.10937988750000001 0.64 0.08342458124999999
8 0.5970357140625 0.0926983234375 0.5599999999999999 0.0926983234375 0.5599999999999999 0.11679888281249999 0.5970357140625 0.11679888281249999 0.5970357140625 0.0926983234375
8 0.853334821875 0.003709496875 0.8414821421875001 0.003709496875 0.8414821421875001 0.0203910609375 0.853334821875 0.0203910609375 0.853334821875 0.003709496875
8 0.868147321875 0.012977653124999999 0.851852678125 0.012977653124999999 0.851852678125 0.0426424578125 0.868147321875 0.0426424578125 0.868147321875 0.012977653124999999
8 0.6888883921875 0.21691061406249998 0.6622232140625 0.21691061406249998 0.6622232140625 0.24656983281249997 0.6888883921875 0.24656983281249997 0.6888883921875 0.21691061406249998
8 0.564446428125 0.235446928125 0.539258928125 0.235446928125 0.539258928125 0.2539888265625 0.564446428125 0.2539888265625 0.564446428125 0.235446928125
8 0.684446428125 0.3485363125 0.6577767859375 0.3485363125 0.6577767859375 0.3652234640625 0.684446428125 0.3652234640625 0.684446428125 0.3485363125
8 0.668147321875 0.3744916203125 0.6562946421875 0.3744916203125 0.6562946421875 0.3874692734375 0.668147321875 0.3874692734375 0.668147321875 0.3744916203125
8 0.786665178125 0.381905028125 0.7614821421875 0.381905028125 0.7614821421875 0.4060111734375 0.786665178125 0.4060111734375 0.786665178125 0.381905028125
8 0.8088883921875001 0.3707821234375 0.7970357140625 0.3707821234375 0.7970357140625 0.385614525 0.8088883921875001 0.385614525 0.8088883921875001 0.3707821234375
8 0.80740625 0.39859217812500003 0.795553571875 0.39859217812500003 0.795553571875 0.417134078125 0.80740625 0.417134078125 0.80740625 0.39859217812500003
8 0.7911116078125 0.42083798906250003 0.7659241078125001 0.42083798906250003 0.7659241078125001 0.4412346375 0.7911116078125 0.4412346375 0.7911116078125 0.42083798906250003
8 0.7762946421875 0.44679329531249995 0.7540758921874999 0.44679329531249995 0.7540758921874999 0.500558659375 0.7762946421875 0.500558659375 0.7762946421875 0.44679329531249995
8 0.8296294640624999 0.46718994374999995 0.8014821421875 0.46718994374999995 0.8014821421875 0.5357821234375 0.8296294640624999 0.5357821234375 0.8296294640624999 0.46718994374999995
8 0.8222232140625 0.5617374296875 0.8029642859375 0.5617374296875 0.8029642859375 0.57842458125 0.8222232140625 0.57842458125 0.8222232140625 0.5617374296875
8 0.8162946421875 0.5728603359375 0.780741071875 0.5728603359375 0.780741071875 0.62477095 0.8162946421875 0.62477095 0.8162946421875 0.5728603359375
8 0.7348169640625 0.533927375 0.7096294640624999 0.533927375 0.7096294640624999 0.5635921781250001 0.7348169640625 0.5635921781250001 0.7348169640625 0.533927375
8 0.699258928125 0.4486480453125 0.6814821421875 0.4486480453125 0.6814821421875 0.472748603125 0.699258928125 0.472748603125 0.699258928125 0.4486480453125
8 0.699258928125 0.5543240218750001 0.6785178578125 0.5543240218750001 0.6785178578125 0.57842458125 0.699258928125 0.57842458125 0.699258928125 0.5543240218750001
8 0.7185178578125 0.5765698328125 0.6948169640625 0.5765698328125 0.6948169640625 0.6043798875 0.7185178578125 0.6043798875 0.7185178578125 0.5765698328125
8 0.693334821875 0.5802793296875 0.668147321875 0.5802793296875 0.668147321875 0.6229162015624999 0.693334821875 0.6229162015624999 0.693334821875 0.5802793296875
8 0.7718526781249999 0.6525810062499999 0.7525937500000001 0.6525810062499999 0.7525937500000001 0.6915139671875 0.7718526781249999 0.6915139671875 0.7718526781249999 0.6525810062499999
8 0.6177767859375 0.5951061453125 0.6059241078125 0.5951061453125 0.6059241078125 0.6136480453125001 0.6177767859375 0.6136480453125001 0.6177767859375 0.5951061453125
8 0.5481473218749999 0.5432011171875 0.5362946421875 0.5432011171875 0.5362946421875 0.5617374296875 0.5481473218749999 0.5617374296875 0.5481473218749999 0.5432011171875
8 0.5496294640625 0.5988156421874999 0.5259241078125 0.5988156421874999 0.5259241078125 0.6451620109375 0.5496294640625 0.6451620109375 0.5496294640625 0.5988156421874999
8 0.5688883921875 0.6525810062499999 0.5481473218749999 0.6525810062499999 0.5481473218749999 0.66926815625 0.5688883921875 0.66926815625 0.5688883921875 0.6525810062499999
8 0.7407410718749999 0.6674134078125 0.5837053578125 0.6674134078125 0.5837053578125 0.7267374296875 0.7407410718749999 0.7267374296875 0.7407410718749999 0.6674134078125
8 0.4829642859375 0.8453854749999999 0.46666517812499997 0.8453854749999999 0.46666517812499997 0.8639273749999999 0.4829642859375 0.8639273749999999 0.4829642859375 0.8453854749999999
8 0.5703705359375 0.8528044687499999 0.5496294640625 0.8528044687499999 0.5496294640625 0.8657821234374999 0.5703705359375 0.8657821234374999 0.5703705359375 0.8528044687499999
8 0.540741071875 0.79903910625 0.524446428125 0.79903910625 0.524446428125 0.8138715078125 0.540741071875 0.8138715078125 0.540741071875 0.79903910625
8 0.1570357140625 0.409715084375 0.1377767859375 0.409715084375 0.1377767859375 0.4412346375 0.1570357140625 0.4412346375 0.1570357140625 0.409715084375
8 0.47851785781249995 0.3374134078125 0.46518303593750004 0.3374134078125 0.46518303593750004 0.352245809375 0.47851785781249995 0.352245809375 0.47851785781249995 0.3374134078125
8 0.4814821421875 0.372636871875 0.47111160781250006 0.372636871875 0.47111160781250006 0.3874692734375 0.4814821421875 0.3874692734375 0.4814821421875 0.372636871875
8 0.4814821421875 0.20393296093750002 0.46666517812499997 0.20393296093750002 0.46666517812499997 0.21876536249999998 0.4814821421875 0.21876536249999998 0.4814821421875 0.20393296093750002
8 0.508147321875 0.220614525 0.49481696406250003 0.220614525 0.49481696406250003 0.23359217812500002 0.508147321875 0.23359217812500002 0.508147321875 0.220614525
8 0.5170357140624999 0.2373016765625 0.500741071875 0.2373016765625 0.500741071875 0.261402234375 0.5170357140624999 0.261402234375 0.5170357140624999 0.2373016765625
8 0.533334821875 0.2539888265625 0.5214821421875 0.2539888265625 0.5214821421875 0.270670390625 0.533334821875 0.270670390625 0.533334821875 0.2539888265625
8 0.5229642859375 0.2595474859375 0.5111116078125 0.2595474859375 0.5111116078125 0.2743798875 0.5229642859375 0.2743798875 0.5229642859375 0.2595474859375
8 0.499258928125 0.239156425 0.48444642812499994 0.239156425 0.48444642812499994 0.252134078125 0.499258928125 0.252134078125 0.499258928125 0.239156425
8 0.7096294640624999 0.6266256984374999 0.684446428125 0.6266256984374999 0.684446428125 0.6599944140625 0.7096294640624999 0.6599944140625 0.7096294640624999 0.6266256984374999
8 0.1837053578125 0.4523575421875 0.1659241078125 0.4523575421875 0.1659241078125 0.46718994374999995 0.1837053578125 0.46718994374999995 0.1837053578125 0.4523575421875
8 0.075553571875 0.1297765359375 0.059258928125 0.1297765359375 0.059258928125 0.14645809999999998 0.075553571875 0.14645809999999998 0.075553571875 0.1297765359375
8 0.4903705359375 0.8046033515625 0.4740758921875 0.8046033515625 0.4740758921875 0.821284915625 0.4903705359375 0.821284915625 0.4903705359375 0.8046033515625
8 0.5259241078125 0.8694916203125 0.51259375 0.8694916203125 0.51259375 0.8824636874999999 0.5259241078125 0.8824636874999999 0.5259241078125 0.8694916203125
3 0.571852678125 0.81758100625 0.5229642859375 0.81758100625 0.5229642859375 0.8509497203124999 0.571852678125 0.8509497203124999 0.571852678125 0.81758100625