5 0.5481473218749999 0.255843575 0.419258928125 0.255843575 0.419258928125 0.4282569828125 0.5481473218749999 0.4282569828125 0.5481473218749999 0.255843575
7 0 0.9992625703125 0.146665178125 0.9992625703125 0.146665178125 0.5673016765625001 0 0.5673016765625001 0 0.9992625703125
7 0.3748169640625 0.72488268125 0.148147321875 0.72488268125 0.148147321875 0.997407821875 0.3748169640625 0.997407821875 0.3748169640625 0.72488268125
8 0.47851785781249995 0.068597765625 0.45333482187499996 0.068597765625 0.45333482187499996 0.0852793296875 0.47851785781249995 0.0852793296875 0.47851785781249995 0.068597765625
8 0.4903705359375 0.20578770937500002 0.4622232140625 0.20578770937500002 0.4622232140625 0.22988826874999999 0.4903705359375 0.22988826874999999 0.4903705359375 0.20578770937500002
8 0.4059241078125 0.1761229046875 0.379258928125 0.1761229046875 0.379258928125 0.198368715625 0.4059241078125 0.198368715625 0.4059241078125 0.1761229046875
8 0.3896294640625 0.187245809375 0.364446428125 0.187245809375 0.364446428125 0.2373016765625 0.3896294640625 0.2373016765625 0.3896294640625 0.187245809375
8 0.3896294640625 0.24471508437499997 0.37037053593749997 0.24471508437499997 0.37037053593749997 0.26511173125 0.3896294640625 0.26511173125 0.3896294640625 0.24471508437499997
8 0.42222321406249996 0.21134636874999999 0.40740625 0.21134636874999999 0.40740625 0.224324021875 0.42222321406249996 0.224324021875 0.42222321406249996 0.21134636874999999
8 0.4548169640625 0.21876536249999998 0.435553571875 0.21876536249999998 0.435553571875 0.239156425 0.4548169640625 0.239156425 0.4548169640625 0.21876536249999998
8 0.43259375 0.2373016765625 0.41629464218749995 0.2373016765625 0.41629464218749995 0.2502793296875 0.43259375 0.2502793296875 0.43259375 0.2373016765625
8 0.395553571875 0.298480446875 0.3585178578125 0.298480446875 0.3585178578125 0.335558659375 0.395553571875 0.335558659375 0.395553571875 0.298480446875
8 0.3911116078125 0.3596592171875 0.3748169640625 0.3596592171875 0.3748169640625 0.37634636875 0.3911116078125 0.37634636875 0.3911116078125 0.3596592171875
8 0.595553571875 0.3188770953125 0.5688883921875 0.3188770953125 0.5688883921875 0.363368715625 0.595553571875 0.363368715625 0.595553571875 0.3188770953125
8 0.6177767859375 0.42269273749999997 0.5940758921875 0.42269273749999997 0.5940758921875 0.44679329531249995 0.6177767859375 0.44679329531249995 0.6177767859375 0.42269273749999997
8 0.451852678125 0.6025251390624999 0.4251830359375 0.6025251390624999 0.4251830359375 0.6488715078125 0.451852678125 0.6488715078125 0.451852678125 0.6025251390624999
8 0.5214821421875 0.719324021875 0.5051830359375 0.719324021875 0.5051830359375 0.7341508375 0.5214821421875 0.7341508375 0.5214821421875 0.719324021875
8 0.72 0.39488268125000003 0.700741071875 0.39488268125000003 0.700741071875 0.41527932968750003 0.72 0.41527932968750003 0.72 0.39488268125000003
8 0.746665178125 0.41156983281250004 0.724446428125 0.41156983281250004 0.724446428125 0.4338156421875 0.746665178125 0.4338156421875 0.746665178125 0.41156983281250004
8 0.7451830359375 0.3744916203125 0.731852678125 0.3744916203125 0.731852678125 0.389324021875 0.7451830359375 0.389324021875 0.7451830359375 0.3744916203125
8 0.7688883921875 0.4690446921875 0.746665178125 0.4690446921875 0.746665178125 0.5172458093750001 0.7688883921875 0.5172458093750001 0.7688883921875 0.4690446921875
8 0.7111116078124999 0.4393798875 0.691852678125 0.4393798875 0.691852678125 0.48758100625 0.7111116078124999 0.48758100625 0.7111116078124999 0.4393798875
8 0.7140758921875 0.48758100625 0.6829642859375 0.48758100625 0.6829642859375 0.5172458093750001 0.7140758921875 0.5172458093750001 0.7140758921875 0.48758100625
8 0.7644464281250001 0.5394916203125 0.7111116078124999 0.5394916203125 0.7111116078124999 0.62477095 0.7644464281250001 0.62477095 0.7644464281250001 0.5394916203125
8 0.668147321875 0.533927375 0.64740625 0.533927375 0.64740625 0.565446928125 0.668147321875 0.565446928125 0.668147321875 0.533927375
8 0.628147321875 0.5506145250000001 0.6177767859375 0.5506145250000001 0.6177767859375 0.5728603359375 0.628147321875 0.5728603359375 0.628147321875 0.5506145250000001
8 0.6666651781249999 0.5710055859375001 0.6296294640625 0.5710055859375001 0.6296294640625 0.6229162015624999 0.6666651781249999 0.6229162015624999 0.6666651781249999 0.5710055859375001
8 0.7140758921875 0.6396033515624999 0.68740625 0.6396033515624999 0.68740625 0.665558659375 0.7140758921875 0.665558659375 0.7140758921875 0.6396033515624999
8 0.684446428125 0.65072625625 0.6562946421875 0.65072625625 0.6562946421875 0.6859497203125 0.684446428125 0.6859497203125 0.684446428125 0.65072625625
8 0.7037053578125 0.684094971875 0.651852678125 0.684094971875 0.651852678125 0.721173184375 0.7037053578125 0.721173184375 0.7037053578125 0.684094971875
8 0.6237053578125 0.6766815640625 0.6029642859375001 0.6766815640625 0.6029642859375001 0.702636871875 0.6237053578125 0.702636871875 0.6237053578125 0.6766815640625
8 0.5762946421875 0.6581396640625 0.5570357140625 0.6581396640625 0.5570357140625 0.6766815640625 0.5762946421875 0.6766815640625 0.5762946421875 0.6581396640625
8 0.5985178578125 0.674826815625 0.579258928125 0.674826815625 0.579258928125 0.693368715625 0.5985178578125 0.693368715625 0.5985178578125 0.674826815625
8 0.5985178578125 0.7044916203125 0.5851830359375 0.7044916203125 0.5851830359375 0.721173184375 0.5985178578125 0.721173184375 0.5985178578125 0.7044916203125
8 0.5570357140625 0.647016759375 0.5362946421875 0.647016759375 0.5362946421875 0.6729720671874999 0.5570357140625 0.6729720671874999 0.5570357140625 0.647016759375
8 0.5837053578125 0.684094971875 0.5703705359375 0.684094971875 0.5703705359375 0.7007821234375 0.5837053578125 0.7007821234375 0.5837053578125 0.684094971875
8 0.586665178125 0.70819553125 0.5629642859375 0.70819553125 0.5629642859375 0.730446928125 0.586665178125 0.730446928125 0.586665178125 0.70819553125
8 0.628147321875 0.70819553125 0.6148169640625001 0.70819553125 0.6148169640625001 0.728592178125 0.628147321875 0.728592178125 0.628147321875 0.70819553125
8 0.4622232140625 0.5024134078125 0.451852678125 0.5024134078125 0.451852678125 0.519100559375 0.4622232140625 0.519100559375 0.4622232140625 0.5024134078125
8 0.4503705359375 0.8824636874999999 0.435553571875 0.8824636874999999 0.435553571875 0.9010055859375001 0.4503705359375 0.9010055859375001 0.4503705359375 0.8824636874999999
8 0.444446428125 0.8657821234374999 0.4311116078125 0.8657821234374999 0.4311116078125 0.8824636874999999 0.444446428125 0.8824636874999999 0.444446428125 0.8657821234374999
8 0.40296428593750006 0.81572625625 0.3837053578125 0.81572625625 0.3837053578125 0.8416815640624999 0.40296428593750006 0.8416815640624999 0.40296428593750006 0.81572625625
8 0.45777678593750004 0.839826815625 0.44000000000000006 0.839826815625 0.44000000000000006 0.8565139671875001 0.45777678593750004 0.8565139671875001 0.45777678593750004 0.839826815625
8 0.5629642859375 0.70634636875 0.5437053578125 0.70634636875 0.5437053578125 0.7267374296875 0.5629642859375 0.7267374296875 0.5629642859375 0.70634636875
8 0.539258928125 0.6859497203125 0.5303705359374999 0.6859497203125 0.5303705359374999 0.697072625 0.539258928125 0.697072625 0.539258928125 0.6859497203125
3 0.4385178578125 0.9492067046875 0.41629464218749995 0.9492067046875 0.41629464218749995 0.9714525140625 0.4385178578125 0.9714525140625 0.4385178578125 0.9492067046875
3 0.4548169640625 0.893592178125 0.419258928125 0.893592178125 0.419258928125 0.9213966484375 0.4548169640625 0.9213966484375 0.4548169640625 0.893592178125
3 0.47851785781249995 0.880614525 0.46518303593750004 0.880614525 0.46518303593750004 0.8972960890625 0.47851785781249995 0.8972960890625 0.47851785781249995 0.880614525
3 0.43259375 0.8528044687499999 0.41333482187500004 0.8528044687499999 0.41333482187500004 0.8713407828124999 0.43259375 0.8713407828124999 0.43259375 0.8528044687499999
8 0.6459241078125 0.6803910609375 0.6325937500000001 0.6803910609375 0.6325937500000001 0.70634636875 0.6459241078125 0.70634636875 0.6459241078125 0.6803910609375