8 0.9155535718750001 0.033368715625 0.8785178578125 0.033368715625 0.8785178578125 0.090843575 0.9155535718750001 0.090843575 0.9155535718750001 0.033368715625
8 0.933334821875 0.1112346375 0.9185178578125001 0.1112346375 0.9185178578125001 0.1279217875 0.933334821875 0.1279217875 0.933334821875 0.1112346375
8 0.7718526781249999 0 0.7718526781249999 0.0203910609375 0.7896294640625 0.0203910609375 0.7896294640625 0 0.7718526781249999 0
8 0.5659241078125 0.0352234640625 0.546665178125 0.0352234640625 0.546665178125 0.0611787703125 0.5659241078125 0.0611787703125 0.5659241078125 0.0352234640625
8 0.5762946421875 0.090843575 0.5585178578125001 0.090843575 0.5585178578125001 0.11494413437499999 0.5762946421875 0.11494413437499999 0.5762946421875 0.090843575
8 0.6740758921875 0.1260670390625 0.6459241078125 0.1260670390625 0.6459241078125 0.16129050312499998 0.6740758921875 0.16129050312499998 0.6740758921875 0.1260670390625
8 0.71259375 0.2280335203125 0.700741071875 0.2280335203125 0.700741071875 0.252134078125 0.71259375 0.252134078125 0.71259375 0.2280335203125
8 0.7140758921875 0.32629050312499996 0.693334821875 0.32629050312499996 0.693334821875 0.363368715625 0.7140758921875 0.363368715625 0.7140758921875 0.32629050312499996
8 0.8296294640624999 0.6729720671874999 0.8162946421875 0.6729720671874999 0.8162946421875 0.6952178765625 0.8296294640624999 0.6952178765625 0.8296294640624999 0.6729720671874999
8 0.853334821875 0.6266256984374999 0.8414821421875001 0.6266256984374999 0.8414821421875001 0.6451620109375 0.853334821875 0.6451620109375 0.853334821875 0.6266256984374999
8 0.2429642859375 0.0111229046875 0.2148169640625 0.0111229046875 0.2148169640625 0.0426424578125 0.2429642859375 0.0426424578125 0.2429642859375 0.0111229046875
8 0.24740625 0 0.24740625 0.0111229046875 0.2696294640625 0.0111229046875 0.2696294640625 0 0.24740625 0
8 0.300741071875 0.06303352031250001 0.28740625 0.06303352031250001 0.28740625 0.087134078125 0.300741071875 0.087134078125 0.300741071875 0.06303352031250001
8 0.348147321875 0.1260670390625 0.3214821421875 0.1260670390625 0.3214821421875 0.170558659375 0.348147321875 0.170558659375 0.348147321875 0.1260670390625
8 0.386665178125 0.10752513906250001 0.37037053593749997 0.10752513906250001 0.37037053593749997 0.1297765359375 0.386665178125 0.1297765359375 0.386665178125 0.10752513906250001
8 0.3629642859375 0.1798324015625 0.3422232140625 0.1798324015625 0.3422232140625 0.20022346406249997 0.3629642859375 0.20022346406249997 0.3629642859375 0.1798324015625
8 0.2903705359375 0.00926815625 0.27999999999999997 0.00926815625 0.27999999999999997 0.0259553078125 0.2903705359375 0.0259553078125 0.2903705359375 0.00926815625
4 0.9970357140624999 0.9566256984375 0.9762946421875001 0.9566256984375 0.9762946421875001 0.9788715078125 0.9970357140624999 0.9788715078125 0.9970357140624999 0.9566256984375
7 0 0.997407821875 0.299258928125 0.997407821875 0.299258928125 0.087134078125 0 0.087134078125 0 0.997407821875
3 0.675553571875 0.8528044687499999 0.6385178578125 0.8528044687499999 0.6385178578125 0.8954413406249999 0.675553571875 0.8954413406249999 0.675553571875 0.8528044687499999
3 0.48444642812499994 0.261402234375 0.4562946421875 0.261402234375 0.4562946421875 0.298480446875 0.48444642812499994 0.298480446875 0.48444642812499994 0.261402234375
3 0.21037053593750002 0 0.21037053593750002 0.0574692734375 0.275553571875 0.0574692734375 0.275553571875 0 0.21037053593750002 0
3 0.32 0.0426424578125 0.259258928125 0.0426424578125 0.259258928125 0.1112346375 0.32 0.1112346375 0.32 0.0426424578125
3 0.3570357140625 0.087134078125 0.2859241078125 0.087134078125 0.2859241078125 0.177977653125 0.3570357140625 0.177977653125 0.3570357140625 0.087134078125
3 0.373334821875 0.16685474843749998 0.3348169640625 0.16685474843749998 0.3348169640625 0.20578770937500002 0.373334821875 0.20578770937500002 0.373334821875 0.16685474843749998
8 0.1303705359375 0.2762346375 0.11259375 0.2762346375 0.11259375 0.30774860312499996 0.1303705359375 0.30774860312499996 0.1303705359375 0.2762346375
8 0.2859241078125 0.7378603359375 0.25777678593750003 0.7378603359375 0.25777678593750003 0.7786480453125 0.2859241078125 0.7786480453125 0.2859241078125 0.7378603359375
5 0.9955535718749999 0.10011173124999999 0.9199999999999999 0.10011173124999999 0.9199999999999999 0.9065698328125 0.9955535718749999 0.9065698328125 0.9955535718749999 0.10011173124999999
5 0.9955535718749999 0.8416815640624999 0.7896294640625 0.8416815640624999 0.7896294640625 0.9899944140624999 0.9955535718749999 0.9899944140624999 0.9955535718749999 0.8416815640624999
2 0.32296428593750004 0.105675978125 0.0014821421875 0.105675978125 0.0014821421875 0.995553071875 0.32296428593750004 0.995553071875 0.32296428593750004 0.105675978125