7 0.27999999999999997 0.0945474859375 0.0014821421875 0.0945474859375 0.0014821421875 0.9992625703125 0.27999999999999997 0.9992625703125 0.27999999999999997 0.0945474859375
4 0.9970357140624999 0.95477095 0.9748169640625 0.95477095 0.9748169640625 0.9788715078125 0.9970357140624999 0.9788715078125 0.9970357140624999 0.95477095
8 0.924446428125 0.07972067031249999 0.8785178578125 0.07972067031249999 0.8785178578125 0.1501675984375 0.924446428125 0.1501675984375 0.924446428125 0.07972067031249999
8 0.7837053578125001 0.051910614062500006 0.7688883921875 0.051910614062500006 0.7688883921875 0.0852793296875 0.7837053578125001 0.0852793296875 0.7837053578125001 0.051910614062500006
8 0.5599999999999999 0 0.5599999999999999 0.02781005625 0.580741071875 0.02781005625 0.580741071875 0 0.5599999999999999 0
8 0.573334821875 0.1909553078125 0.5570357140625 0.1909553078125 0.5570357140625 0.23359217812500002 0.573334821875 0.23359217812500002 0.573334821875 0.1909553078125
8 0.67259375 0.2224692734375 0.64740625 0.2224692734375 0.64740625 0.26511173125 0.67259375 0.26511173125 0.67259375 0.2224692734375
8 0.7140758921875 0.417134078125 0.700741071875 0.417134078125 0.700741071875 0.4653351953125 0.7140758921875 0.4653351953125 0.7140758921875 0.417134078125
8 0.3496294640625 0.0074134078125 0.331852678125 0.0074134078125 0.331852678125 0.0426424578125 0.3496294640625 0.0426424578125 0.3496294640625 0.0074134078125
8 0.1985178578125 0 0.1985178578125 0.0426424578125 0.23259375000000002 0.0426424578125 0.23259375000000002 0 0.1985178578125 0
8 0.2459241078125 0.090843575 0.195553571875 0.090843575 0.195553571875 0.1835363125 0.2459241078125 0.1835363125 0.2459241078125 0.090843575
8 0.2696294640625 0.1761229046875 0.26370535781250004 0.1761229046875 0.26370535781250004 0.21691061406249998 0.2696294640625 0.21691061406249998 0.2696294640625 0.1761229046875
8 0.293334821875 0.1853910609375 0.2785178578125 0.1853910609375 0.2785178578125 0.23359217812500002 0.293334821875 0.23359217812500002 0.293334821875 0.1853910609375
8 0.3437053578125 0.2502793296875 0.32 0.2502793296875 0.32 0.3188770953125 0.3437053578125 0.3188770953125 0.3437053578125 0.2502793296875
8 0.13925892812500001 0.48572625625 0.12592410781250002 0.48572625625 0.12592410781250002 0.57842458125 0.13925892812500001 0.57842458125 0.13925892812500001 0.48572625625
5 0.9955535718749999 0.0945474859375 0.9348169640625 0.0945474859375 0.9348169640625 0.8972960890625 0.9955535718749999 0.8972960890625 0.9955535718749999 0.0945474859375
2 0.0014821421875 0 0.0014821421875 0.997407821875 0.9970357140624999 0.997407821875 0.9970357140624999 0 0.0014821421875 0