5 0.5140758921875 0.21320111718749998 0.43259375 0.21320111718749998 0.43259375 0.3318491625 0.5140758921875 0.3318491625 0.5140758921875 0.21320111718749998
7 0 0.997407821875 0.3748169640625 0.997407821875 0.3748169640625 0.42083798906250003 0 0.42083798906250003 0 0.997407821875
7 0.7362946421875 0.697072625 0.37629464218750003 0.697072625 0.37629464218750003 0.9992625703125 0.7362946421875 0.9992625703125 0.7362946421875 0.697072625
3 0.24148214218750003 0.363368715625 0.22370535781249998 0.363368715625 0.22370535781249998 0.3874692734375 0.24148214218750003 0.3874692734375 0.24148214218750003 0.363368715625
3 0.11703571406249999 0.105675978125 0.10222321406249998 0.105675978125 0.10222321406249998 0.11865363124999999 0.11703571406249999 0.11865363124999999 0.11703571406249999 0.105675978125
3 0.1970357140625 0.053765362500000004 0.180741071875 0.053765362500000004 0.180741071875 0.074156425 0.1970357140625 0.074156425 0.1970357140625 0.053765362500000004
3 0.8829642859375 0.13718994375 0.8651830359374999 0.13718994375 0.8651830359374999 0.1538770953125 0.8829642859375 0.1538770953125 0.8829642859375 0.13718994375
8 0.6059241078125 0.3744916203125 0.5896294640625 0.3744916203125 0.5896294640625 0.409715084375 0.6059241078125 0.409715084375 0.6059241078125 0.3744916203125
8 0.42222321406249996 0.255843575 0.40296428593750006 0.255843575 0.40296428593750006 0.2817932953125 0.42222321406249996 0.2817932953125 0.42222321406249996 0.255843575
8 0.44000000000000006 0.0148324015625 0.42666517812500004 0.0148324015625 0.42666517812500004 0.031513967187500005 0.44000000000000006 0.031513967187500005 0.44000000000000006 0.0148324015625
8 0.4429642859375 0.12235754218749999 0.4340758921875 0.12235754218749999 0.4340758921875 0.1353351953125 0.4429642859375 0.1353351953125 0.4429642859375 0.12235754218749999
3 0.41629464218749995 0.2910670390625 0.4014821421875 0.2910670390625 0.4014821421875 0.31145809999999996 0.41629464218749995 0.31145809999999996 0.41629464218749995 0.2910670390625
8 0.533334821875 0.2595474859375 0.5214821421875 0.2595474859375 0.5214821421875 0.2743798875 0.533334821875 0.2743798875 0.533334821875 0.2595474859375