5 0.46666517812499997 0.252134078125 0.3437053578125 0.252134078125 0.3437053578125 0.42269273749999997 0.46666517812499997 0.42269273749999997 0.46666517812499997 0.252134078125
3 0.5362946421875 0.40415642500000004 0.5096294640625 0.40415642500000004 0.5096294640625 0.43196089375 0.5362946421875 0.43196089375 0.5362946421875 0.40415642500000004
3 0.644446428125 0.4412346375 0.620741071875 0.4412346375 0.620741071875 0.46718994374999995 0.644446428125 0.46718994374999995 0.644446428125 0.4412346375
8 0.6577767859375 0.381905028125 0.635553571875 0.381905028125 0.635553571875 0.40786033593750004 0.6577767859375 0.40786033593750004 0.6577767859375 0.381905028125
8 0.67259375 0.40786033593750004 0.6577767859375 0.40786033593750004 0.6577767859375 0.42269273749999997 0.67259375 0.42269273749999997 0.67259375 0.40786033593750004
8 0.700741071875 0.42269273749999997 0.668147321875 0.42269273749999997 0.668147321875 0.50426815625 0.700741071875 0.50426815625 0.700741071875 0.42269273749999997
8 0.700741071875 0.532072625 0.6459241078125 0.532072625 0.6459241078125 0.609938546875 0.700741071875 0.609938546875 0.700741071875 0.532072625
8 0.660741071875 0.46718994374999995 0.6088883921875 0.46718994374999995 0.6088883921875 0.519100559375 0.660741071875 0.519100559375 0.660741071875 0.46718994374999995
8 0.6059241078125 0.532072625 0.580741071875 0.532072625 0.580741071875 0.5617374296875 0.6059241078125 0.5617374296875 0.6059241078125 0.532072625
8 0.588147321875 0.569156425 0.571852678125 0.569156425 0.571852678125 0.5895474859375 0.588147321875 0.5895474859375 0.588147321875 0.569156425
8 0.6162946421875 0.5932569828124999 0.5837053578125 0.5932569828124999 0.5837053578125 0.6451620109375 0.6162946421875 0.6451620109375 0.6162946421875 0.5932569828124999
8 0.644446428125 0.6303351953125 0.6162946421875 0.6303351953125 0.6162946421875 0.6525810062499999 0.644446428125 0.6525810062499999 0.644446428125 0.6303351953125
8 0.626665178125 0.65072625625 0.6014821421875001 0.65072625625 0.6014821421875001 0.684094971875 0.626665178125 0.684094971875 0.626665178125 0.65072625625
8 0.6296294640625 0.6952178765625 0.5970357140625 0.6952178765625 0.5970357140625 0.719324021875 0.6296294640625 0.719324021875 0.6296294640625 0.6952178765625
8 0.533334821875 0.621061453125 0.5051830359375 0.621061453125 0.5051830359375 0.6544357546875 0.533334821875 0.6544357546875 0.533334821875 0.621061453125
8 0.2948169640625 0.29662569843750003 0.2696294640625 0.29662569843750003 0.2696294640625 0.335558659375 0.2948169640625 0.335558659375 0.2948169640625 0.29662569843750003
8 0.3896294640625 0.0611787703125 0.3688883921875 0.0611787703125 0.3688883921875 0.08342458124999999 0.3896294640625 0.08342458124999999 0.3896294640625 0.0611787703125
8 0.4059241078125 0.198368715625 0.38518303593750003 0.198368715625 0.38518303593750003 0.21876536249999998 0.4059241078125 0.21876536249999998 0.4059241078125 0.198368715625
8 0.315553571875 0.15573184375 0.28740625 0.15573184375 0.28740625 0.177977653125 0.315553571875 0.177977653125 0.315553571875 0.15573184375
8 0.3288883921875 0.177977653125 0.31703571406250003 0.177977653125 0.31703571406250003 0.19281005625 0.3288883921875 0.19281005625 0.3288883921875 0.177977653125
8 0.3037053578125 0.21876536249999998 0.2814821421875 0.21876536249999998 0.2814821421875 0.2410111734375 0.3037053578125 0.2410111734375 0.3037053578125 0.21876536249999998
8 0.37037053593749997 0.2224692734375 0.3496294640625 0.2224692734375 0.3496294640625 0.2410111734375 0.37037053593749997 0.2410111734375 0.37037053593749997 0.2224692734375
8 0.300741071875 0.19281005625 0.28740625 0.19281005625 0.28740625 0.207636871875 0.300741071875 0.207636871875 0.300741071875 0.19281005625
8 0.315553571875 0.305899440625 0.300741071875 0.305899440625 0.300741071875 0.3337039109375 0.315553571875 0.3337039109375 0.315553571875 0.305899440625
8 0.5096294640625 0.30774860312499996 0.4903705359375 0.30774860312499996 0.4903705359375 0.32258100624999997 0.5096294640625 0.32258100624999997 0.5096294640625 0.30774860312499996
8 0.506665178125 0.3318491625 0.48740625 0.3318491625 0.48740625 0.352245809375 0.506665178125 0.352245809375 0.506665178125 0.3318491625
3 0.33925892812499997 0.24471508437499997 0.31851785781249997 0.24471508437499997 0.31851785781249997 0.26511173125 0.33925892812499997 0.26511173125 0.33925892812499997 0.24471508437499997
3 0.3688883921875 0.6229162015624999 0.3511116078125 0.6229162015624999 0.3511116078125 0.647016759375 0.3688883921875 0.647016759375 0.3688883921875 0.6229162015624999
8 0.5511116078125 0.6599944140625 0.5348169640625 0.6599944140625 0.5348169640625 0.6952178765625 0.5511116078125 0.6952178765625 0.5511116078125 0.6599944140625