5 0.7170357140625 0.46348044687499995 0.60740625 0.46348044687499995 0.60740625 0.6155027937499999 0.7170357140625 0.6155027937499999 0.7170357140625 0.46348044687499995
7 0.20740625000000001 0.1316256984375 0.0014821421875 0.1316256984375 0.0014821421875 0.9937039109375 0.20740625000000001 0.9937039109375 0.20740625000000001 0.1316256984375
3 0.2948169640625 0.528368715625 0.2770357140625 0.528368715625 0.2770357140625 0.5450502796875 0.2948169640625 0.5450502796875 0.2948169640625 0.528368715625
3 0.315553571875 0.32443575468749997 0.30222321406249997 0.32443575468749997 0.30222321406249997 0.342977653125 0.315553571875 0.342977653125 0.315553571875 0.32443575468749997
3 0.32592410781250003 0.239156425 0.306665178125 0.239156425 0.306665178125 0.26511173125 0.32592410781250003 0.26511173125 0.32592410781250003 0.239156425
3 0.293334821875 0.003709496875 0.1985178578125 0.003709496875 0.1985178578125 0.10011173124999999 0.293334821875 0.10011173124999999 0.293334821875 0.003709496875
3 0.299258928125 0.1965139671875 0.2829642859375 0.1965139671875 0.2829642859375 0.21505586562499998 0.299258928125 0.21505586562499998 0.299258928125 0.1965139671875
3 0.31259375 0.10011173124999999 0.244446428125 0.10011173124999999 0.244446428125 0.189100559375 0.31259375 0.189100559375 0.31259375 0.10011173124999999
3 0.411852678125 0.10196647968749999 0.3940758921875 0.10196647968749999 0.3940758921875 0.12421229062500001 0.411852678125 0.12421229062500001 0.411852678125 0.10196647968749999
3 0.4414821421875 0.04634636875 0.42666517812500004 0.04634636875 0.42666517812500004 0.068597765625 0.4414821421875 0.068597765625 0.4414821421875 0.04634636875
3 0.06962946406250001 0.1353351953125 0.048888392187500004 0.1353351953125 0.048888392187500004 0.1594357546875 0.06962946406250001 0.1594357546875 0.06962946406250001 0.1353351953125
3 0.9229642859375 0.11494413437499999 0.9022232140625001 0.11494413437499999 0.9022232140625001 0.14831284843749998 0.9229642859375 0.14831284843749998 0.9229642859375 0.11494413437499999
3 0.5940758921875 0.022245809375 0.5748169640625 0.022245809375 0.5748169640625 0.04634636875 0.5940758921875 0.04634636875 0.5940758921875 0.022245809375
3 0.76 0.0852793296875 0.733334821875 0.0852793296875 0.733334821875 0.1112346375 0.76 0.1112346375 0.76 0.0852793296875
3 0.899258928125 0.20022346406249997 0.8829642859375 0.20022346406249997 0.8829642859375 0.2224692734375 0.899258928125 0.2224692734375 0.899258928125 0.20022346406249997
8 0.7940758921875 0.39488268125000003 0.7377767859375 0.39488268125000003 0.7377767859375 0.4523575421875 0.7940758921875 0.4523575421875 0.7940758921875 0.39488268125000003
8 0.7422232140625 0.298480446875 0.6740758921875 0.298480446875 0.6740758921875 0.32999999999999996 0.7422232140625 0.32999999999999996 0.7422232140625 0.298480446875
8 0.6814821421875 0.389324021875 0.6459241078125 0.389324021875 0.6459241078125 0.4338156421875 0.6814821421875 0.4338156421875 0.6814821421875 0.389324021875
8 0.7081473218750001 0.050055865624999994 0.6829642859375 0.050055865624999994 0.6829642859375 0.068597765625 0.7081473218750001 0.068597765625 0.7081473218750001 0.050055865624999994
8 0.6651830359375001 0.07972067031249999 0.6548169640625 0.07972067031249999 0.6548169640625 0.0889888265625 0.6651830359375001 0.0889888265625 0.6651830359375001 0.07972067031249999
8 0.715553571875 0.07972067031249999 0.7022232140625 0.07972067031249999 0.7022232140625 0.09640223437499999 0.715553571875 0.09640223437499999 0.715553571875 0.07972067031249999
8 0.699258928125 0.10011173124999999 0.6666651781249999 0.10011173124999999 0.6666651781249999 0.1316256984375 0.699258928125 0.1316256984375 0.699258928125 0.10011173124999999
8 0.715553571875 0.10011173124999999 0.7022232140625 0.10011173124999999 0.7022232140625 0.11679888281249999 0.715553571875 0.11679888281249999 0.715553571875 0.10011173124999999
8 0.7288883921875 0.14831284843749998 0.684446428125 0.14831284843749998 0.684446428125 0.170558659375 0.7288883921875 0.170558659375 0.7288883921875 0.14831284843749998
8 0.6666651781249999 0.16129050312499998 0.6414821421875 0.16129050312499998 0.6414821421875 0.1816815640625 0.6666651781249999 0.1816815640625 0.6666651781249999 0.16129050312499998
8 0.826665178125 0.532072625 0.7940758921875 0.532072625 0.7940758921875 0.5580279328125 0.826665178125 0.5580279328125 0.826665178125 0.532072625
8 0.8459241078125 0.5357821234375 0.8207410718749999 0.5357821234375 0.8207410718749999 0.574715084375 0.8459241078125 0.574715084375 0.8459241078125 0.5357821234375
8 0.5896294640625 0.621061453125 0.5762946421875 0.621061453125 0.5762946421875 0.6414581 0.5896294640625 0.6414581 0.5896294640625 0.621061453125
8 0.8370357140625 0.6043798875 0.8103705359375001 0.6043798875 0.8103705359375001 0.6192122906249999 0.8370357140625 0.6192122906249999 0.8370357140625 0.6043798875
8 0.8192589281249999 0.6043798875 0.7570357140625 0.6043798875 0.7570357140625 0.6915139671875 0.8192589281249999 0.6915139671875 0.8192589281249999 0.6043798875
8 0.8651830359374999 0.6766815640625 0.8444464281249999 0.6766815640625 0.8444464281249999 0.721173184375 0.8651830359374999 0.721173184375 0.8651830359374999 0.6766815640625
8 0.7703705359375 0.6766815640625 0.7422232140625 0.6766815640625 0.7422232140625 0.697072625 0.7703705359375 0.697072625 0.7703705359375 0.6766815640625
8 0.773334821875 0.70819553125 0.7525937500000001 0.70819553125 0.7525937500000001 0.72488268125 0.773334821875 0.72488268125 0.773334821875 0.70819553125
8 0.8414821421875001 0.7471284921875 0.80740625 0.7471284921875 0.80740625 0.8101620109375001 0.8414821421875001 0.8101620109375001 0.8414821421875001 0.7471284921875
8 0.68740625 0.6785363125 0.6370357140625 0.6785363125 0.6370357140625 0.76196089375 0.68740625 0.76196089375 0.68740625 0.6785363125
8 0.706665178125 0.7230279328125 0.6948169640625 0.7230279328125 0.6948169640625 0.7378603359375 0.706665178125 0.7378603359375 0.706665178125 0.7230279328125
8 0.7170357140625 0.74342458125 0.6948169640625 0.74342458125 0.6948169640625 0.765670390625 0.7170357140625 0.765670390625 0.7170357140625 0.74342458125
8 0.6711116078125 0.7823519546875 0.6533348218749999 0.7823519546875 0.6533348218749999 0.802748603125 0.6711116078125 0.802748603125 0.6711116078125 0.7823519546875
8 0.6962946421875 0.802748603125 0.6711116078125 0.802748603125 0.6711116078125 0.8305586593750001 0.6962946421875 0.8305586593750001 0.6962946421875 0.802748603125
8 0.746665178125 0.8305586593750001 0.7259241078125 0.8305586593750001 0.7259241078125 0.8509497203124999 0.746665178125 0.8509497203124999 0.746665178125 0.8305586593750001
8 0.7451830359375 0.0055642453125 0.731852678125 0.0055642453125 0.731852678125 0.0203910609375 0.7451830359375 0.0203910609375 0.7451830359375 0.0055642453125
3 0.9155535718750001 0.1816815640625 0.8977767859375 0.1816815640625 0.8977767859375 0.207636871875 0.9155535718750001 0.207636871875 0.9155535718750001 0.1816815640625
3 0.7525937500000001 0.537636871875 0.7259241078125 0.537636871875 0.7259241078125 0.57842458125 0.7525937500000001 0.57842458125 0.7525937500000001 0.537636871875
8 0.7496294640625 0.5450502796875 0.739258928125 0.5450502796875 0.739258928125 0.5580279328125 0.7496294640625 0.5580279328125 0.7496294640625 0.5450502796875
8 0.746665178125 0.5635921781250001 0.7377767859375 0.5635921781250001 0.7377767859375 0.57842458125 0.746665178125 0.57842458125 0.746665178125 0.5635921781250001
8 0.7614821421875 0.5394916203125 0.7540758921874999 0.5394916203125 0.7540758921874999 0.5543240218750001 0.7614821421875 0.5543240218750001 0.7614821421875 0.5394916203125