5 0.700741071875 0.4653351953125 0.595553571875 0.4653351953125 0.595553571875 0.6192122906249999 0.700741071875 0.6192122906249999 0.700741071875 0.4653351953125
7 0 0.9992625703125 0.180741071875 0.9992625703125 0.180741071875 0.133480446875 0 0.133480446875 0 0.9992625703125
3 0.0562946421875 0.198368715625 0.0222232140625 0.198368715625 0.0222232140625 0.2576927375 0.0562946421875 0.2576927375 0.0562946421875 0.198368715625
3 0.07259375 0.16685474843749998 0.051852678124999996 0.16685474843749998 0.051852678124999996 0.19281005625 0.07259375 0.19281005625 0.07259375 0.16685474843749998
3 0.28740625 0.5302234640625 0.2740758921875 0.5302234640625 0.2740758921875 0.5524692734375 0.28740625 0.5524692734375 0.28740625 0.5302234640625
3 0.7259241078125 0.30960335156249996 0.706665178125 0.30960335156249996 0.706665178125 0.3337039109375 0.7259241078125 0.3337039109375 0.7259241078125 0.30960335156249996
3 0.746665178125 0.0889888265625 0.7170357140625 0.0889888265625 0.7170357140625 0.11679888281249999 0.746665178125 0.11679888281249999 0.746665178125 0.0889888265625
3 0.906665178125 0.12050279374999999 0.8800000000000001 0.12050279374999999 0.8800000000000001 0.14645809999999998 0.906665178125 0.14645809999999998 0.906665178125 0.12050279374999999
3 0.43259375 0.0574692734375 0.40296428593750006 0.0574692734375 0.40296428593750006 0.090843575 0.43259375 0.090843575 0.43259375 0.0574692734375
3 0.4 0.105675978125 0.380741071875 0.105675978125 0.380741071875 0.15758100625 0.4 0.15758100625 0.4 0.105675978125
3 0.27259375 0.0074134078125 0.186665178125 0.0074134078125 0.186665178125 0.1279217875 0.27259375 0.1279217875 0.27259375 0.0074134078125
3 0.2903705359375 0.1260670390625 0.235553571875 0.1260670390625 0.235553571875 0.21876536249999998 0.2903705359375 0.21876536249999998 0.2903705359375 0.1260670390625
3 0.3570357140625 0.16499999999999998 0.3348169640625 0.16499999999999998 0.3348169640625 0.1909553078125 0.3570357140625 0.1909553078125 0.3570357140625 0.16499999999999998
3 0.315553571875 0.24842458125000003 0.2948169640625 0.24842458125000003 0.2948169640625 0.279944134375 0.315553571875 0.279944134375 0.315553571875 0.24842458125000003
3 0.308147321875 0.32999999999999996 0.2903705359375 0.32999999999999996 0.2903705359375 0.354100559375 0.308147321875 0.354100559375 0.308147321875 0.32999999999999996
3 0.875553571875 0.09640223437499999 0.8592589281249999 0.09640223437499999 0.8592589281249999 0.12235754218749999 0.875553571875 0.12235754218749999 0.875553571875 0.09640223437499999
3 0.9111116078125001 0.0723016765625 0.8962946421875 0.0723016765625 0.8962946421875 0.09640223437499999 0.9111116078125001 0.09640223437499999 0.9111116078125001 0.0723016765625
8 0.644446428125 0.40044692812499993 0.6340758921874999 0.40044692812499993 0.6340758921874999 0.42083798906250003 0.644446428125 0.42083798906250003 0.644446428125 0.40044692812499993
8 0.668147321875 0.389324021875 0.6414821421875 0.389324021875 0.6414821421875 0.4393798875 0.668147321875 0.4393798875 0.668147321875 0.389324021875
8 0.619258928125 0.43196089375 0.6059241078125 0.43196089375 0.6059241078125 0.44308938593749997 0.619258928125 0.44308938593749997 0.619258928125 0.43196089375
8 0.779258928125 0.39488268125000003 0.724446428125 0.39488268125000003 0.724446428125 0.45050279375 0.779258928125 0.45050279375 0.779258928125 0.39488268125000003
8 0.8029642859375 0.6025251390624999 0.733334821875 0.6025251390624999 0.733334821875 0.7230279328125 0.8029642859375 0.7230279328125 0.8029642859375 0.6025251390624999
8 0.8207410718749999 0.6043798875 0.8088883921875001 0.6043798875 0.8088883921875001 0.6303351953125 0.8207410718749999 0.6303351953125 0.8207410718749999 0.6043798875
8 0.8503705359374999 0.6729720671874999 0.8311116078125 0.6729720671874999 0.8311116078125 0.711905028125 0.8503705359374999 0.711905028125 0.8503705359374999 0.6729720671874999
8 0.6799999999999999 0.6729720671874999 0.619258928125 0.6729720671874999 0.619258928125 0.8008938546875 0.6799999999999999 0.8008938546875 0.6799999999999999 0.6729720671874999
8 0.715553571875 0.7879162015625 0.6533348218749999 0.7879162015625 0.6533348218749999 0.8287039109375 0.715553571875 0.8287039109375 0.715553571875 0.7879162015625
8 0.788147321875 0.7823519546875 0.6948169640625 0.7823519546875 0.6948169640625 0.8435363125 0.788147321875 0.8435363125 0.788147321875 0.7823519546875
8 0.8444464281249999 0.7230279328125 0.795553571875 0.7230279328125 0.795553571875 0.802748603125 0.8444464281249999 0.802748603125 0.8444464281249999 0.7230279328125
8 0.6711116078125 0.30774860312499996 0.6548169640625 0.30774860312499996 0.6548169640625 0.32999999999999996 0.6711116078125 0.32999999999999996 0.6711116078125 0.30774860312499996
8 0.706665178125 0.30218994375 0.6859241078125 0.30218994375 0.6859241078125 0.3337039109375 0.706665178125 0.3337039109375 0.706665178125 0.30218994375
8 0.67259375 0.051910614062500006 0.660741071875 0.051910614062500006 0.660741071875 0.068597765625 0.67259375 0.068597765625 0.67259375 0.051910614062500006
8 0.6903705359375001 0.0574692734375 0.6770357140625001 0.0574692734375 0.6770357140625001 0.074156425 0.6903705359375001 0.074156425 0.6903705359375001 0.0574692734375
8 0.699258928125 0.07972067031249999 0.6814821421875 0.07972067031249999 0.6814821421875 0.105675978125 0.699258928125 0.105675978125 0.699258928125 0.07972067031249999
8 0.6948169640625 0.105675978125 0.6711116078125 0.105675978125 0.6711116078125 0.1260670390625 0.6948169640625 0.1260670390625 0.6948169640625 0.105675978125
8 0.6622232140625 0.12421229062500001 0.644446428125 0.12421229062500001 0.644446428125 0.14831284843749998 0.6622232140625 0.14831284843749998 0.6622232140625 0.12421229062500001
8 0.6548169640625 0.0760111734375 0.635553571875 0.0760111734375 0.635553571875 0.0982569828125 0.6548169640625 0.0982569828125 0.6548169640625 0.0760111734375
8 0.6948169640625 0.1501675984375 0.6785178578125 0.1501675984375 0.6785178578125 0.170558659375 0.6948169640625 0.170558659375 0.6948169640625 0.1501675984375
8 0.64740625 0.168709496875 0.626665178125 0.168709496875 0.626665178125 0.187245809375 0.64740625 0.187245809375 0.64740625 0.168709496875
8 0.7288883921875 0.0074134078125 0.7140758921875 0.0074134078125 0.7140758921875 0.024100559375 0.7288883921875 0.024100559375 0.7288883921875 0.0074134078125
8 0.579258928125 0.6192122906249999 0.56740625 0.6192122906249999 0.56740625 0.637748603125 0.579258928125 0.637748603125 0.579258928125 0.6192122906249999
8 0.5614821421875 0.6117932953125 0.55259375 0.6117932953125 0.55259375 0.628480446875 0.5614821421875 0.628480446875 0.5614821421875 0.6117932953125
8 0.660741071875 0.9621843578125 0.651852678125 0.9621843578125 0.651852678125 0.9751620109375001 0.660741071875 0.9751620109375001 0.660741071875 0.9621843578125
8 0.4888883921875 0.9714525140625 0.4770357140625 0.9714525140625 0.4770357140625 0.9844301671875 0.4888883921875 0.9844301671875 0.4888883921875 0.9714525140625
8 0.8296294640624999 0.537636871875 0.8118526781250001 0.537636871875 0.8118526781250001 0.5710055859375001 0.8296294640624999 0.5710055859375001 0.8296294640624999 0.537636871875
8 0.80740625 0.532072625 0.8 0.532072625 0.8 0.5487597765625 0.80740625 0.5487597765625 0.80740625 0.532072625
8 0.7348169640625 0.5617374296875 0.7259241078125 0.5617374296875 0.7259241078125 0.57842458125 0.7348169640625 0.57842458125 0.7348169640625 0.5617374296875
8 0.7362946421875 0.537636871875 0.72740625 0.537636871875 0.72740625 0.5543240218750001 0.7362946421875 0.5543240218750001 0.7362946421875 0.537636871875
8 0.746665178125 0.537636871875 0.739258928125 0.537636871875 0.739258928125 0.5487597765625 0.746665178125 0.5487597765625 0.746665178125 0.537636871875
3 0.7511116078125 0.533927375 0.7111116078124999 0.533927375 0.7111116078124999 0.5839832406250001 0.7511116078125 0.5839832406250001 0.7511116078125 0.533927375
3 0.8148169640624999 0.533927375 0.79259375 0.533927375 0.79259375 0.5617374296875 0.8148169640624999 0.5617374296875 0.8148169640624999 0.533927375
3 0.60740625 0.9325195531249999 0.5822232140625 0.9325195531249999 0.5822232140625 0.9621843578125 0.60740625 0.9621843578125 0.60740625 0.9325195531249999
3 0.8977767859375 0.177977653125 0.8770357140625 0.177977653125 0.8770357140625 0.20393296093750002 0.8977767859375 0.20393296093750002 0.8977767859375 0.177977653125
3 0.8888883921874999 0.2224692734375 0.866665178125 0.2224692734375 0.866665178125 0.242865921875 0.8888883921874999 0.242865921875 0.8888883921874999 0.2224692734375
3 0.884446428125 0.2502793296875 0.8607410718749999 0.2502793296875 0.8607410718749999 0.2725251390625 0.884446428125 0.2725251390625 0.884446428125 0.2502793296875
3 0.6296294640625 0.1594357546875 0.6044464281249999 0.1594357546875 0.6044464281249999 0.1798324015625 0.6296294640625 0.1798324015625 0.6296294640625 0.1594357546875
3 0.6533348218749999 0.16685474843749998 0.6251830359375 0.16685474843749998 0.6251830359375 0.19281005625 0.6533348218749999 0.19281005625 0.6533348218749999 0.16685474843749998
3 0.675553571875 0.1594357546875 0.660741071875 0.1594357546875 0.660741071875 0.1798324015625 0.675553571875 0.1798324015625 0.675553571875 0.1594357546875
3 0.724446428125 0.14831284843749998 0.706665178125 0.14831284843749998 0.706665178125 0.1724134078125 0.724446428125 0.1724134078125 0.724446428125 0.14831284843749998
3 0.8888883921874999 0.0296648046875 0.8696294640625 0.0296648046875 0.8696294640625 0.0574692734375 0.8888883921874999 0.0574692734375 0.8888883921874999 0.0296648046875