7 0.2177767859375 0.16685474843749998 0.0014821421875 0.16685474843749998 0.0014821421875 0.9492067046875 0.2177767859375 0.9492067046875 0.2177767859375 0.16685474843749998
4 0.9970357140624999 0.95477095 0.9748169640625 0.95477095 0.9748169640625 0.9788715078125 0.9970357140624999 0.9788715078125 0.9970357140624999 0.95477095
3 0.660741071875 0.8194357546875001 0.6148169640625001 0.8194357546875001 0.6148169640625001 0.8602178765625 0.660741071875 0.8602178765625 0.660741071875 0.8194357546875001
3 0.4251830359375 0.8008938546875 0.373334821875 0.8008938546875 0.373334821875 0.8546592171875 0.4251830359375 0.8546592171875 0.4251830359375 0.8008938546875
3 0.2503705359375 0.7860614531250001 0.219258928125 0.7860614531250001 0.219258928125 0.8342625703125 0.2503705359375 0.8342625703125 0.2503705359375 0.7860614531250001
3 0.2177767859375 0.63403910625 0.19407589218750002 0.63403910625 0.19407589218750002 0.693368715625 0.2177767859375 0.693368715625 0.2177767859375 0.63403910625
3 0.46074107187499996 0.21691061406249998 0.435553571875 0.21691061406249998 0.435553571875 0.24842458125000003 0.46074107187499996 0.24842458125000003 0.46074107187499996 0.21691061406249998
3 0.20444642812499997 0 0.20444642812499997 0.0296648046875 0.25777678593750003 0.0296648046875 0.25777678593750003 0 0.20444642812499997 0
3 0.300741071875 0.012977653124999999 0.24888839218749997 0.012977653124999999 0.24888839218749997 0.06488826875 0.300741071875 0.06488826875 0.300741071875 0.012977653124999999
3 0.28740625 0.0852793296875 0.259258928125 0.0852793296875 0.259258928125 0.12421229062500001 0.28740625 0.12421229062500001 0.28740625 0.0852793296875
3 0.35259375 0.04634636875 0.2785178578125 0.04634636875 0.2785178578125 0.16314525156249998 0.35259375 0.16314525156249998 0.35259375 0.04634636875
3 0.219258928125 0.7767932953125001 0.0385178578125 0.7767932953125001 0.0385178578125 0.997407821875 0.219258928125 0.997407821875 0.219258928125 0.7767932953125001
8 0.293334821875 0.715614525 0.2503705359375 0.715614525 0.2503705359375 0.758251396875 0.293334821875 0.758251396875 0.293334821875 0.715614525
8 0.8962946421875 0.0148324015625 0.868147321875 0.0148324015625 0.868147321875 0.0611787703125 0.8962946421875 0.0611787703125 0.8962946421875 0.0148324015625
8 0.9229642859375 0.090843575 0.9140758921875 0.090843575 0.9140758921875 0.105675978125 0.9229642859375 0.105675978125 0.9229642859375 0.090843575
8 0.6562946421875 0.087134078125 0.6325937500000001 0.087134078125 0.6325937500000001 0.12050279374999999 0.6562946421875 0.12050279374999999 0.6562946421875 0.087134078125
8 0.6962946421875 0.1965139671875 0.6814821421875 0.1965139671875 0.6814821421875 0.21134636874999999 0.6962946421875 0.21134636874999999 0.6962946421875 0.1965139671875
8 0.668147321875 0.2094916203125 0.6592589281250001 0.2094916203125 0.6592589281250001 0.220614525 0.668147321875 0.220614525 0.668147321875 0.2094916203125
8 0.693334821875 0.29477095000000003 0.6740758921875 0.29477095000000003 0.6740758921875 0.32258100624999997 0.693334821875 0.32258100624999997 0.693334821875 0.29477095000000003
8 0.5481473218749999 0.003709496875 0.531852678125 0.003709496875 0.531852678125 0.0185419 0.5481473218749999 0.0185419 0.5481473218749999 0.003709496875
8 0.5570357140625 0.059324021875 0.546665178125 0.059324021875 0.546665178125 0.074156425 0.5570357140625 0.074156425 0.5570357140625 0.059324021875
8 0.364446428125 0.06488826875 0.35259375 0.06488826875 0.35259375 0.0889888265625 0.364446428125 0.0889888265625 0.364446428125 0.06488826875
8 0.3303705359375 0.07972067031249999 0.3037053578125 0.07972067031249999 0.3037053578125 0.12421229062500001 0.3303705359375 0.12421229062500001 0.3303705359375 0.07972067031249999
8 0.340741071875 0.13718994375 0.32592410781250003 0.13718994375 0.32592410781250003 0.152022346875 0.340741071875 0.152022346875 0.340741071875 0.13718994375
8 0.260741071875 0.0166871515625 0.251852678125 0.0166871515625 0.251852678125 0.031513967187500005 0.260741071875 0.031513967187500005 0.260741071875 0.0166871515625
8 0.2829642859375 0.0259553078125 0.2711116078125 0.0259553078125 0.2711116078125 0.0426424578125 0.2829642859375 0.0426424578125 0.2829642859375 0.0259553078125
8 0.100741071875 0.20207821250000002 0.0859241078125 0.20207821250000002 0.0859241078125 0.224324021875 0.100741071875 0.224324021875 0.100741071875 0.20207821250000002
8 0.2177767859375 0.65072625625 0.20740625000000001 0.65072625625 0.20740625000000001 0.6729720671874999 0.2177767859375 0.6729720671874999 0.2177767859375 0.65072625625
8 0.20444642812499997 0.6488715078125 0.195553571875 0.6488715078125 0.195553571875 0.67111731875 0.20444642812499997 0.67111731875 0.20444642812499997 0.6488715078125
8 0.0977767859375 0.8287039109375 0.06962946406250001 0.8287039109375 0.06962946406250001 0.8824636874999999 0.0977767859375 0.8824636874999999 0.0977767859375 0.8287039109375
8 0.12888839218749998 0.904715084375 0.1140758921875 0.904715084375 0.1140758921875 0.9251061453125 0.12888839218749998 0.9251061453125 0.12888839218749998 0.904715084375
8 0.15259375 0.930670390625 0.1303705359375 0.930670390625 0.1303705359375 0.9658938546875 0.15259375 0.9658938546875 0.15259375 0.930670390625
8 0.386665178125 0.8101620109375001 0.37777678593749997 0.8101620109375001 0.37777678593749997 0.8231396640625 0.386665178125 0.8231396640625 0.386665178125 0.8101620109375001
8 0.41629464218749995 0.839826815625 0.40740625 0.839826815625 0.40740625 0.8546592171875 0.41629464218749995 0.8546592171875 0.41629464218749995 0.839826815625
8 0.6459241078125 0.8287039109375 0.635553571875 0.8287039109375 0.635553571875 0.8435363125 0.6459241078125 0.8435363125 0.6459241078125 0.8287039109375
8 0.6311116078125 0.8379720671875001 0.6237053578125 0.8379720671875001 0.6237053578125 0.8509497203124999 0.6311116078125 0.8509497203124999 0.6311116078125 0.8379720671875001
5 0.9955535718749999 0.1038212296875 0.9229642859375 0.1038212296875 0.9229642859375 0.930670390625 0.9955535718749999 0.930670390625 0.9955535718749999 0.1038212296875