5 0.5229642859375 0.2539888265625 0.3940758921875 0.2539888265625 0.3940758921875 0.42083798906250003 0.5229642859375 0.42083798906250003 0.5229642859375 0.2539888265625
7 0.2977767859375 0.6062346375 0.0014821421875 0.6062346375 0.0014821421875 0.995553071875 0.2977767859375 0.995553071875 0.2977767859375 0.6062346375
8 0.699258928125 0.389324021875 0.684446428125 0.389324021875 0.684446428125 0.4060111734375 0.699258928125 0.4060111734375 0.699258928125 0.389324021875
8 0.6888883921875 0.4412346375 0.6696294640625 0.4412346375 0.6696294640625 0.4783128484375 0.6888883921875 0.4783128484375 0.6888883921875 0.4412346375
8 0.693334821875 0.48572625625 0.6548169640625 0.48572625625 0.6548169640625 0.5135363125 0.693334821875 0.5135363125 0.693334821875 0.48572625625
8 0.7511116078125 0.4412346375 0.72 0.4412346375 0.72 0.5061229046875 0.7511116078125 0.5061229046875 0.7511116078125 0.4412346375
8 0.746665178125 0.5450502796875 0.7214821421875001 0.5450502796875 0.7214821421875001 0.5673016765625001 0.746665178125 0.5673016765625001 0.746665178125 0.5450502796875
8 0.7377767859375 0.5394916203125 0.6903705359375001 0.5394916203125 0.6903705359375001 0.62477095 0.7377767859375 0.62477095 0.7377767859375 0.5394916203125
8 0.6488883921874999 0.5302234640625 0.6251830359375 0.5302234640625 0.6251830359375 0.569156425 0.6488883921874999 0.569156425 0.6488883921874999 0.5302234640625
8 0.635553571875 0.5617374296875 0.6044464281249999 0.5617374296875 0.6044464281249999 0.59696089375 0.635553571875 0.59696089375 0.635553571875 0.5617374296875
8 0.6459241078125 0.5876927375000001 0.628147321875 0.5876927375000001 0.628147321875 0.6136480453125001 0.6459241078125 0.6136480453125001 0.6459241078125 0.5876927375000001
8 0.6637053578125001 0.6544357546875 0.6429642859375 0.6544357546875 0.6429642859375 0.6859497203125 0.6637053578125001 0.6859497203125 0.6637053578125001 0.6544357546875
8 0.6962946421875 0.6396033515624999 0.6622232140625 0.6396033515624999 0.6622232140625 0.665558659375 0.6962946421875 0.665558659375 0.6962946421875 0.6396033515624999
8 0.6785178578125 0.68780446875 0.6311116078125 0.68780446875 0.6311116078125 0.7230279328125 0.6785178578125 0.7230279328125 0.6785178578125 0.68780446875
8 0.5970357140625 0.6396033515624999 0.580741071875 0.6396033515624999 0.580741071875 0.6729720671874999 0.5970357140625 0.6729720671874999 0.5970357140625 0.6396033515624999
8 0.539258928125 0.711905028125 0.52 0.711905028125 0.52 0.730446928125 0.539258928125 0.730446928125 0.539258928125 0.711905028125
8 0.49777678593749997 0.721173184375 0.475553571875 0.721173184375 0.475553571875 0.7415698328125 0.49777678593749997 0.7415698328125 0.49777678593749997 0.721173184375
8 0.56740625 0.317022346875 0.5437053578125 0.317022346875 0.5437053578125 0.32999999999999996 0.56740625 0.32999999999999996 0.56740625 0.317022346875
8 0.5599999999999999 0.335558659375 0.5422232140625 0.335558659375 0.5422232140625 0.363368715625 0.5599999999999999 0.363368715625 0.5599999999999999 0.335558659375
8 0.588147321875 0.41156983281250004 0.5703705359375 0.41156983281250004 0.5703705359375 0.4412346375 0.588147321875 0.4412346375 0.588147321875 0.41156983281250004
8 0.37037053593749997 0.29662569843750003 0.3288883921875 0.29662569843750003 0.3288883921875 0.3374134078125 0.37037053593749997 0.3374134078125 0.37037053593749997 0.29662569843750003
8 0.46074107187499996 0.20022346406249997 0.4385178578125 0.20022346406249997 0.4385178578125 0.2261787703125 0.46074107187499996 0.2261787703125 0.46074107187499996 0.20022346406249997
8 0.4503705359375 0.06303352031250001 0.42814732187500004 0.06303352031250001 0.42814732187500004 0.087134078125 0.4503705359375 0.087134078125 0.4503705359375 0.06303352031250001
8 0.36 0.15758100625 0.3437053578125 0.15758100625 0.3437053578125 0.1761229046875 0.36 0.1761229046875 0.36 0.15758100625
8 0.380741071875 0.177977653125 0.3511116078125 0.177977653125 0.3511116078125 0.19281005625 0.380741071875 0.19281005625 0.380741071875 0.177977653125
8 0.36 0.187245809375 0.3362946421875 0.187245809375 0.3362946421875 0.21691061406249998 0.36 0.21691061406249998 0.36 0.187245809375
8 0.3570357140625 0.21876536249999998 0.3377767859375 0.21876536249999998 0.3377767859375 0.235446928125 0.3570357140625 0.235446928125 0.3570357140625 0.21876536249999998
8 0.3896294640625 0.224324021875 0.37037053593749997 0.224324021875 0.37037053593749997 0.24656983281249997 0.3896294640625 0.24656983281249997 0.3896294640625 0.224324021875
8 0.3837053578125 0.2502793296875 0.3422232140625 0.2502793296875 0.3422232140625 0.2725251390625 0.3837053578125 0.2725251390625 0.3837053578125 0.2502793296875
8 0.5703705359375 0.665558659375 0.5362946421875 0.665558659375 0.5362946421875 0.702636871875 0.5703705359375 0.702636871875 0.5703705359375 0.665558659375
8 0.4340758921875 0.87319553125 0.39851785781250004 0.87319553125 0.39851785781250004 0.9028603359374999 0.4340758921875 0.9028603359374999 0.4340758921875 0.87319553125
8 0.42370535781249996 0.6192122906249999 0.404446428125 0.6192122906249999 0.404446428125 0.6358938546874999 0.42370535781249996 0.6358938546874999 0.42370535781249996 0.6192122906249999
8 0.3629642859375 0.3596592171875 0.348147321875 0.3596592171875 0.348147321875 0.37634636875 0.3629642859375 0.37634636875 0.3629642859375 0.3596592171875
8 0.42814732187500004 0.21691061406249998 0.40740625 0.21691061406249998 0.40740625 0.2410111734375 0.42814732187500004 0.2410111734375 0.42814732187500004 0.21691061406249998
8 0.6237053578125 0.6803910609375 0.611852678125 0.6803910609375 0.611852678125 0.6952178765625 0.6237053578125 0.6952178765625 0.6237053578125 0.6803910609375
8 0.42962946406249997 0.91027374375 0.411852678125 0.91027374375 0.411852678125 0.9251061453125 0.42962946406249997 0.9251061453125 0.42962946406249997 0.91027374375