5 0.6962946421875 0.472748603125 0.5896294640625 0.472748603125 0.5896294640625 0.62477095 0.6962946421875 0.62477095 0.6962946421875 0.472748603125
7 0 0.9937039109375 0.19259375 0.9937039109375 0.19259375 0.1501675984375 0 0.1501675984375 0 0.9937039109375
3 0.21333482187500002 0 0.21333482187500002 0.06488826875 0.2711116078125 0.06488826875 0.2711116078125 0 0.21333482187500002 0
3 0.275553571875 0.06488826875 0.1822232140625 0.06488826875 0.1822232140625 0.14831284843749998 0.275553571875 0.14831284843749998 0.275553571875 0.06488826875
3 0.2948169640625 0.14645809999999998 0.23259375000000002 0.14645809999999998 0.23259375000000002 0.24471508437499997 0.2948169640625 0.24471508437499997 0.2948169640625 0.14645809999999998
3 0.31259375 0.2743798875 0.29185267812500004 0.2743798875 0.29185267812500004 0.298480446875 0.31259375 0.298480446875 0.31259375 0.2743798875
3 0.308147321875 0.3485363125 0.29185267812500004 0.3485363125 0.29185267812500004 0.372636871875 0.308147321875 0.372636871875 0.308147321875 0.3485363125
3 0.293334821875 0.537636871875 0.275553571875 0.537636871875 0.275553571875 0.55988268125 0.293334821875 0.55988268125 0.293334821875 0.537636871875
3 0.3970357140625 0.1279217875 0.37777678593749997 0.1279217875 0.37777678593749997 0.1501675984375 0.3970357140625 0.1501675984375 0.3970357140625 0.1279217875
3 0.4251830359375 0.0760111734375 0.40296428593750006 0.0760111734375 0.40296428593750006 0.0945474859375 0.4251830359375 0.0945474859375 0.4251830359375 0.0760111734375
3 0.4562946421875 0.1965139671875 0.43703571406249997 0.1965139671875 0.43703571406249997 0.220614525 0.4562946421875 0.220614525 0.4562946421875 0.1965139671875
3 0.3540758921875 0.1816815640625 0.331852678125 0.1816815640625 0.331852678125 0.207636871875 0.3540758921875 0.207636871875 0.3540758921875 0.1816815640625
3 0.3540758921875 0.1297765359375 0.3377767859375 0.1297765359375 0.3377767859375 0.14460335156249998 0.3540758921875 0.14460335156249998 0.3540758921875 0.1297765359375
3 0.72740625 0.0982569828125 0.706665178125 0.0982569828125 0.706665178125 0.11865363124999999 0.72740625 0.11865363124999999 0.72740625 0.0982569828125
3 0.748147321875 0.10196647968749999 0.733334821875 0.10196647968749999 0.733334821875 0.12235754218749999 0.748147321875 0.12235754218749999 0.748147321875 0.10196647968749999
3 0.9748169640625 0.16129050312499998 0.9540758921875 0.16129050312499998 0.9540758921875 0.1853910609375 0.9748169640625 0.1853910609375 0.9748169640625 0.16129050312499998
3 0.9881473218749999 0.1965139671875 0.9703705359375 0.1965139671875 0.9703705359375 0.2224692734375 0.9881473218749999 0.2224692734375 0.9881473218749999 0.1965139671875
3 0.07851785781250001 0.20022346406249997 0.059258928125 0.20022346406249997 0.059258928125 0.220614525 0.07851785781250001 0.220614525 0.07851785781250001 0.20022346406249997
3 0.0711116078125 0.22988826874999999 0.03259375 0.22988826874999999 0.03259375 0.29662569843750003 0.0711116078125 0.29662569843750003 0.0711116078125 0.22988826874999999
3 0.6029642859375001 0.93622905 0.5837053578125 0.93622905 0.5837053578125 0.95477095 0.6029642859375001 0.95477095 0.6029642859375001 0.93622905
3 0.5629642859375 0.9788715078125 0.540741071875 0.9788715078125 0.540741071875 0.997407821875 0.5629642859375 0.997407821875 0.5629642859375 0.9788715078125
3 0.660741071875 0.9658938546875 0.6459241078125 0.9658938546875 0.6459241078125 0.98072625625 0.660741071875 0.98072625625 0.660741071875 0.9658938546875
3 0.7422232140625 0.5357821234375 0.7051830359375 0.5357821234375 0.7051830359375 0.5821284921875 0.7422232140625 0.5821284921875 0.7422232140625 0.5357821234375
3 0.899258928125 0.0370782125 0.851852678125 0.0370782125 0.851852678125 0.0926983234375 0.899258928125 0.0926983234375 0.899258928125 0.0370782125
3 0.724446428125 0.012977653124999999 0.700741071875 0.012977653124999999 0.700741071875 0.048201117187499996 0.724446428125 0.048201117187499996 0.724446428125 0.012977653124999999
3 0.7022232140625 0.024100559375 0.684446428125 0.024100559375 0.684446428125 0.048201117187499996 0.7022232140625 0.048201117187499996 0.7022232140625 0.024100559375
3 0.5762946421875 0.0426424578125 0.5437053578125 0.0426424578125 0.5437053578125 0.06488826875 0.5762946421875 0.06488826875 0.5762946421875 0.0426424578125
3 0.8977767859375 0.11865363124999999 0.8651830359374999 0.11865363124999999 0.8651830359374999 0.1501675984375 0.8977767859375 0.1501675984375 0.8977767859375 0.11865363124999999
3 0.866665178125 0.21134636874999999 0.851852678125 0.21134636874999999 0.851852678125 0.22988826874999999 0.866665178125 0.22988826874999999 0.866665178125 0.21134636874999999
8 0.715553571875 0.0203910609375 0.7037053578125 0.0203910609375 0.7037053578125 0.031513967187500005 0.715553571875 0.031513967187500005 0.715553571875 0.0203910609375
8 0.6429642859375 0.14645809999999998 0.628147321875 0.14645809999999998 0.628147321875 0.16314525156249998 0.6429642859375 0.16314525156249998 0.6429642859375 0.14645809999999998
8 0.626665178125 0.1798324015625 0.6162946421875 0.1798324015625 0.6162946421875 0.1946592171875 0.626665178125 0.1946592171875 0.626665178125 0.1798324015625
8 0.6577767859375 0.32258100624999997 0.6414821421875 0.32258100624999997 0.6414821421875 0.3374134078125 0.6577767859375 0.3374134078125 0.6577767859375 0.32258100624999997
8 0.6948169640625 0.317022346875 0.6785178578125 0.317022346875 0.6785178578125 0.3411229046875 0.6948169640625 0.3411229046875 0.6948169640625 0.317022346875
8 0.635553571875 0.41342458125 0.628147321875 0.41342458125 0.628147321875 0.42640223437499997 0.635553571875 0.42640223437499997 0.635553571875 0.41342458125
8 0.7659241078125001 0.4060111734375 0.7185178578125 0.4060111734375 0.7185178578125 0.444938546875 0.7659241078125001 0.444938546875 0.7659241078125001 0.4060111734375
8 0.5748169640625 0.6229162015624999 0.5599999999999999 0.6229162015624999 0.5599999999999999 0.6414581 0.5748169640625 0.6414581 0.5748169640625 0.6229162015624999
8 0.5599999999999999 0.6173575421875 0.5481473218749999 0.6173575421875 0.5481473218749999 0.637748603125 0.5599999999999999 0.637748603125 0.5599999999999999 0.6173575421875
8 0.8 0.532072625 0.7896294640625 0.532072625 0.7896294640625 0.5524692734375 0.8 0.5524692734375 0.8 0.532072625
8 0.8162946421875 0.5394916203125 0.8029642859375 0.5394916203125 0.8029642859375 0.569156425 0.8162946421875 0.569156425 0.8162946421875 0.5394916203125
8 0.8118526781250001 0.6080837984375 0.8014821421875 0.6080837984375 0.8014821421875 0.6396033515624999 0.8118526781250001 0.6396033515624999 0.8118526781250001 0.6080837984375
8 0.7822232140625001 0.6155027937499999 0.7377767859375 0.6155027937499999 0.7377767859375 0.6525810062499999 0.7822232140625001 0.6525810062499999 0.7822232140625001 0.6155027937499999
8 0.7970357140625 0.6562905031249999 0.7688883921875 0.6562905031249999 0.7688883921875 0.6952178765625 0.7970357140625 0.6952178765625 0.7970357140625 0.6562905031249999
8 0.7777767859375 0.6766815640625 0.7348169640625 0.6766815640625 0.7348169640625 0.721173184375 0.7777767859375 0.721173184375 0.7777767859375 0.6766815640625
8 0.67259375 0.6915139671875 0.6237053578125 0.6915139671875 0.6237053578125 0.7786480453125 0.67259375 0.7786480453125 0.67259375 0.6915139671875
8 0.6711116078125 0.7786480453125 0.6370357140625 0.7786480453125 0.6370357140625 0.79903910625 0.6711116078125 0.79903910625 0.6711116078125 0.7786480453125
8 0.6903705359375001 0.795329609375 0.6548169640625 0.795329609375 0.6548169640625 0.832407821875 0.6903705359375001 0.832407821875 0.6903705359375001 0.795329609375
8 0.7140758921875 0.79903910625 0.693334821875 0.79903910625 0.693334821875 0.8194357546875001 0.7140758921875 0.8194357546875001 0.7140758921875 0.79903910625
8 0.7540758921874999 0.81572625625 0.6962946421875 0.81572625625 0.6962946421875 0.8416815640624999 0.7540758921874999 0.8416815640624999 0.7540758921874999 0.81572625625
8 0.7659241078125001 0.795329609375 0.7496294640625 0.795329609375 0.7496294640625 0.8342625703125 0.7659241078125001 0.8342625703125 0.7659241078125001 0.795329609375
8 0.8222232140625 0.74342458125 0.773334821875 0.74342458125 0.773334821875 0.8138715078125 0.8222232140625 0.8138715078125 0.8222232140625 0.74342458125
8 0.6977767859374999 0.739715084375 0.684446428125 0.739715084375 0.684446428125 0.758251396875 0.6977767859374999 0.758251396875 0.6977767859374999 0.739715084375
8 0.651852678125 0.40786033593750004 0.6414821421875 0.40786033593750004 0.6414821421875 0.4282569828125 0.651852678125 0.4282569828125 0.651852678125 0.40786033593750004
8 0.6459241078125 0.43011173124999996 0.6340758921874999 0.43011173124999996 0.6340758921874999 0.44308938593749997 0.6459241078125 0.44308938593749997 0.6459241078125 0.43011173124999996
8 0.613334821875 0.435670390625 0.6 0.435670390625 0.6 0.45050279375 0.613334821875 0.45050279375 0.613334821875 0.435670390625
8 0.644446428125 0.090843575 0.626665178125 0.090843575 0.626665178125 0.10937988750000001 0.644446428125 0.10937988750000001 0.644446428125 0.090843575
8 0.6548169640625 0.068597765625 0.6459241078125 0.068597765625 0.6459241078125 0.08342458124999999 0.6548169640625 0.08342458124999999 0.6548169640625 0.068597765625
8 0.675553571875 0.0667430171875 0.660741071875 0.0667430171875 0.660741071875 0.08156983281249999 0.675553571875 0.08156983281249999 0.675553571875 0.0667430171875
8 0.68740625 0.08342458124999999 0.67259375 0.08342458124999999 0.67259375 0.11494413437499999 0.68740625 0.11494413437499999 0.68740625 0.08342458124999999
8 0.5599999999999999 0.9028603359374999 0.5511116078125 0.9028603359374999 0.5511116078125 0.9139832406249999 0.5599999999999999 0.9139832406249999 0.5599999999999999 0.9028603359374999
3 0.6177767859375 0.867636871875 0.5896294640625 0.867636871875 0.5896294640625 0.8898826812499999 0.6177767859375 0.8898826812499999 0.6177767859375 0.867636871875
3 0.6459241078125 0.91027374375 0.6296294640625 0.91027374375 0.6296294640625 0.930670390625 0.6459241078125 0.930670390625 0.6459241078125 0.91027374375
3 0.964446428125 0.13718994375 0.9466651781250001 0.13718994375 0.9466651781250001 0.1594357546875 0.964446428125 0.1594357546875 0.964446428125 0.13718994375
3 0.644446428125 0.1816815640625 0.6296294640625 0.1816815640625 0.6296294640625 0.20393296093750002 0.644446428125 0.20393296093750002 0.644446428125 0.1816815640625
3 0.620741071875 0.90841899375 0.6 0.90841899375 0.6 0.9269608937499999 0.620741071875 0.9269608937499999 0.620741071875 0.90841899375
3 0.5911116078124999 0.9213966484375 0.5748169640625 0.9213966484375 0.5748169640625 0.9436480453125 0.5911116078124999 0.9436480453125 0.5911116078124999 0.9213966484375
3 0.651852678125 0.960329609375 0.626665178125 0.960329609375 0.626665178125 0.9937039109375 0.651852678125 0.9937039109375 0.651852678125 0.960329609375
3 0.675553571875 0.9139832406249999 0.6459241078125 0.9139832406249999 0.6459241078125 0.9492067046875 0.675553571875 0.9492067046875 0.675553571875 0.9139832406249999