8 0.92740625 0.11865363124999999 0.884446428125 0.11865363124999999 0.884446428125 0.1946592171875 0.92740625 0.1946592171875 0.92740625 0.11865363124999999
8 0.7170357140625 0.48387150781250005 0.7022232140625 0.48387150781250005 0.7022232140625 0.532072625 0.7170357140625 0.532072625 0.7170357140625 0.48387150781250005
8 0.5748169640625 0.0018547484375 0.5570357140625 0.0018547484375 0.5570357140625 0.0945474859375 0.5748169640625 0.0945474859375 0.5748169640625 0.0018547484375
8 0.5540758921875 0.20207821250000002 0.5422232140625 0.20207821250000002 0.5422232140625 0.242865921875 0.5540758921875 0.242865921875 0.5540758921875 0.20207821250000002
8 0.5703705359375 0.2595474859375 0.5570357140625 0.2595474859375 0.5570357140625 0.31331284843749996 0.5703705359375 0.31331284843749996 0.5703705359375 0.2595474859375
8 0.67259375 0.289212290625 0.6503705359375 0.289212290625 0.6503705359375 0.342977653125 0.67259375 0.342977653125 0.67259375 0.289212290625
8 0.3585178578125 0 0.3585178578125 0.0389329609375 0.37037053593749997 0.0389329609375 0.37037053593749997 0 0.3585178578125 0
8 0.33925892812499997 0.0723016765625 0.324446428125 0.0723016765625 0.324446428125 0.12050279374999999 0.33925892812499997 0.12050279374999999 0.33925892812499997 0.0723016765625
8 0.2340758921875 0.0611787703125 0.18518303593750002 0.0611787703125 0.18518303593750002 0.2780893859375 0.2340758921875 0.2780893859375 0.2340758921875 0.0611787703125
8 0.266665178125 0.26511173125 0.2562946421875 0.26511173125 0.2562946421875 0.32072625625 0.266665178125 0.32072625625 0.266665178125 0.26511173125
8 0.2888883921875 0.2743798875 0.2770357140625 0.2743798875 0.2770357140625 0.3337039109375 0.2888883921875 0.3337039109375 0.2888883921875 0.2743798875
8 0.3422232140625 0.3466815640625 0.32 0.3466815640625 0.32 0.417134078125 0.3422232140625 0.417134078125 0.3422232140625 0.3466815640625
8 0.1629642859375 0.6358938546874999 0.133334821875 0.6358938546874999 0.133334821875 0.7601061453125 0.1629642859375 0.7601061453125 0.1629642859375 0.6358938546874999
8 0.244446428125 0.904715084375 0.219258928125 0.904715084375 0.219258928125 0.9640391062500001 0.244446428125 0.9640391062500001 0.244446428125 0.904715084375
8 0.588147321875 0.32258100624999997 0.580741071875 0.32258100624999997 0.580741071875 0.3689329609375 0.588147321875 0.3689329609375 0.588147321875 0.32258100624999997
7 0 0.8787597765624999 0.08 0.8787597765624999 0.08 0.15758100625 0 0.15758100625 0 0.8787597765624999
8 0.1437053578125 0.65072625625 0.10370535781250001 0.65072625625 0.10370535781250001 0.79903910625 0.1437053578125 0.79903910625 0.1437053578125 0.65072625625
8 0.146665178125 0.795329609375 0.11851785781249999 0.795329609375 0.11851785781249999 0.8565139671875001 0.146665178125 0.8565139671875001 0.146665178125 0.795329609375
8 0.2222232140625 0.8843184359375 0.173334821875 0.8843184359375 0.173334821875 0.997407821875 0.2222232140625 0.997407821875 0.2222232140625 0.8843184359375
8 0.26370535781250004 0.8750502796875 0.24 0.8750502796875 0.24 0.930670390625 0.26370535781250004 0.930670390625 0.26370535781250004 0.8750502796875
8 0.179258928125 0.8880279328125 0.1214821421875 0.8880279328125 0.1214821421875 0.995553071875 0.179258928125 0.995553071875 0.179258928125 0.8880279328125
8 0.0622232140625 0.6266256984374999 0.0429642859375 0.6266256984374999 0.0429642859375 0.7267374296875 0.0622232140625 0.7267374296875 0.0622232140625 0.6266256984374999
8 0.12 0.8565139671875001 0.07851785781250001 0.8565139671875001 0.07851785781250001 0.930670390625 0.12 0.930670390625 0.12 0.8565139671875001
8 0.284446428125 0.9566256984375 0.219258928125 0.9566256984375 0.219258928125 0.997407821875 0.284446428125 0.997407821875 0.284446428125 0.9566256984375
4 0.9955535718749999 0.9566256984375 0.9748169640625 0.9566256984375 0.9748169640625 0.9788715078125 0.9955535718749999 0.9788715078125 0.9955535718749999 0.9566256984375
2 0.9970357140624999 0.0018547484375 0.0014821421875 0.0018547484375 0.0014821421875 0.995553071875 0.9970357140624999 0.995553071875 0.9970357140624999 0.0018547484375
5 0.9940758921875 0.077865921875 0.92740625 0.077865921875 0.92740625 0.8880279328125 0.9940758921875 0.8880279328125 0.9940758921875 0.077865921875
5 0.9911116078125 0.8379720671875001 0.7451830359375 0.8379720671875001 0.7451830359375 0.9899944140624999 0.9911116078125 0.9899944140624999 0.9911116078125 0.8379720671875001