5 0.42074107187500004 0.30960335156249996 0.3422232140625 0.30960335156249996 0.3422232140625 0.4338156421875 0.42074107187500004 0.4338156421875 0.42074107187500004 0.30960335156249996
3 0.8059241078125 0.13904469218749999 0.7851830359374999 0.13904469218749999 0.7851830359374999 0.1724134078125 0.8059241078125 0.1724134078125 0.8059241078125 0.13904469218749999
3 0.8222232140625 0.1835363125 0.8014821421875 0.1835363125 0.8014821421875 0.20393296093750002 0.8222232140625 0.20393296093750002 0.8222232140625 0.1835363125
3 0.36148214218749997 0.068597765625 0.340741071875 0.068597765625 0.340741071875 0.0945474859375 0.36148214218749997 0.0945474859375 0.36148214218749997 0.068597765625
3 0.324446428125 0.39488268125000003 0.3096294640625 0.39488268125000003 0.3096294640625 0.41342458125 0.324446428125 0.41342458125 0.324446428125 0.39488268125000003
8 0.348147321875 0.21505586562499998 0.331852678125 0.21505586562499998 0.331852678125 0.24656983281249997 0.348147321875 0.24656983281249997 0.348147321875 0.21505586562499998
8 0.340741071875 0.0945474859375 0.3288883921875 0.0945474859375 0.3288883921875 0.11679888281249999 0.340741071875 0.11679888281249999 0.340741071875 0.0945474859375
8 0.31851785781249997 0.10011173124999999 0.30222321406249997 0.10011173124999999 0.30222321406249997 0.12421229062500001 0.31851785781249997 0.12421229062500001 0.31851785781249997 0.10011173124999999
8 0.30222321406249997 0.0185419 0.29185267812500004 0.0185419 0.29185267812500004 0.0352234640625 0.30222321406249997 0.0352234640625 0.30222321406249997 0.0185419
8 0.32740625 0.0259553078125 0.2948169640625 0.0259553078125 0.2948169640625 0.06488826875 0.32740625 0.06488826875 0.32740625 0.0259553078125
8 0.5140758921875 0.4949944140625 0.49777678593749997 0.4949944140625 0.49777678593749997 0.5153910609375 0.5140758921875 0.5153910609375 0.5140758921875 0.4949944140625