5 0.7229642859375 0.44679329531249995 0.611852678125 0.44679329531249995 0.611852678125 0.6043798875 0.7229642859375 0.6043798875 0.7229642859375 0.44679329531249995
7 0 0.9937039109375 0.2222232140625 0.9937039109375 0.2222232140625 0.0852793296875 0 0.0852793296875 0 0.9937039109375
3 0.3303705359375 0.1835363125 0.3037053578125 0.1835363125 0.3037053578125 0.2261787703125 0.3303705359375 0.2261787703125 0.3303705359375 0.1835363125
3 0.2814821421875 0.48387150781250005 0.2651830359375 0.48387150781250005 0.2651830359375 0.5061229046875 0.2814821421875 0.5061229046875 0.2814821421875 0.48387150781250005
3 0.31259375 0.2743798875 0.299258928125 0.2743798875 0.299258928125 0.29477095000000003 0.31259375 0.29477095000000003 0.31259375 0.2743798875
3 0.2859241078125 0.0074134078125 0.211852678125 0.0074134078125 0.211852678125 0.040787709374999995 0.2859241078125 0.040787709374999995 0.2859241078125 0.0074134078125
3 0.315553571875 0.048201117187499996 0.24888839218749997 0.048201117187499996 0.24888839218749997 0.15758100625 0.315553571875 0.15758100625 0.315553571875 0.048201117187499996
3 0.211852678125 0.0556201125 0.19407589218750002 0.0556201125 0.19407589218750002 0.0760111734375 0.211852678125 0.0760111734375 0.211852678125 0.0556201125
3 0.42222321406249996 0.0574692734375 0.4014821421875 0.0574692734375 0.4014821421875 0.08156983281249999 0.42222321406249996 0.08156983281249999 0.42222321406249996 0.0574692734375
3 0.4562946421875 0.012977653124999999 0.4340758921875 0.012977653124999999 0.4340758921875 0.0370782125 0.4562946421875 0.0370782125 0.4562946421875 0.012977653124999999
3 0.9377767859375 0.10196647968749999 0.9199999999999999 0.10196647968749999 0.9199999999999999 0.12235754218749999 0.9377767859375 0.12235754218749999 0.9377767859375 0.10196647968749999
3 0.9437053578124999 0.1316256984375 0.92740625 0.1316256984375 0.92740625 0.1538770953125 0.9437053578124999 0.1538770953125 0.9437053578124999 0.1316256984375
3 0.7348169640625 0.0667430171875 0.7170357140625 0.0667430171875 0.7170357140625 0.087134078125 0.7348169640625 0.087134078125 0.7348169640625 0.0667430171875
3 0.7777767859375 0.0556201125 0.746665178125 0.0556201125 0.746665178125 0.0889888265625 0.7777767859375 0.0889888265625 0.7777767859375 0.0556201125
3 0.748147321875 0.0444916203125 0.733334821875 0.0444916203125 0.733334821875 0.0611787703125 0.748147321875 0.0611787703125 0.748147321875 0.0444916203125
3 0.9051830359374999 0.070446928125 0.8874062500000001 0.070446928125 0.8874062500000001 0.09640223437499999 0.9051830359374999 0.09640223437499999 0.9051830359374999 0.070446928125
3 0.9170357140625001 0.10196647968749999 0.9051830359374999 0.10196647968749999 0.9051830359374999 0.11865363124999999 0.9170357140625001 0.11865363124999999 0.9170357140625001 0.10196647968749999
3 0.9259241078124999 0.1594357546875 0.9111116078125001 0.1594357546875 0.9111116078125001 0.177977653125 0.9259241078124999 0.177977653125 0.9259241078124999 0.1594357546875
3 0.9185178578125001 0.1816815640625 0.900741071875 0.1816815640625 0.900741071875 0.20207821250000002 0.9185178578125001 0.20207821250000002 0.9185178578125001 0.1816815640625
3 0.9970357140624999 0.20578770937500002 0.9822232140624999 0.20578770937500002 0.9822232140624999 0.23173742968750002 0.9970357140624999 0.23173742968750002 0.9970357140624999 0.20578770937500002
3 0.68740625 0.9251061453125 0.6622232140625 0.9251061453125 0.6622232140625 0.9473519546875 0.68740625 0.9473519546875 0.68740625 0.9251061453125
3 0.5940758921875 0.923251396875 0.5688883921875 0.923251396875 0.5688883921875 0.9473519546875 0.5940758921875 0.9473519546875 0.5940758921875 0.923251396875
3 0.533334821875 0.9176927375 0.5140758921875 0.9176927375 0.5140758921875 0.9473519546875 0.533334821875 0.9473519546875 0.533334821875 0.9176927375
3 0.6770357140625001 0.9714525140625 0.6548169640625 0.9714525140625 0.6548169640625 0.995553071875 0.6770357140625001 0.995553071875 0.6770357140625001 0.9714525140625
3 0.6414821421875 0.9751620109375001 0.6237053578125 0.9751620109375001 0.6237053578125 0.9918491625 0.6414821421875 0.9918491625 0.6414821421875 0.9751620109375001
3 0.6222232140624999 0.886173184375 0.5911116078124999 0.886173184375 0.5911116078124999 0.9213966484375 0.6222232140624999 0.9213966484375 0.6222232140624999 0.886173184375
8 0.7229642859375 0.022245809375 0.6977767859374999 0.022245809375 0.6977767859374999 0.0426424578125 0.7229642859375 0.0426424578125 0.7229642859375 0.022245809375
8 0.6829642859375 0.050055865624999994 0.6711116078125 0.050055865624999994 0.6711116078125 0.068597765625 0.6829642859375 0.068597765625 0.6829642859375 0.050055865624999994
8 0.675553571875 0.13904469218749999 0.6533348218749999 0.13904469218749999 0.6533348218749999 0.152022346875 0.675553571875 0.152022346875 0.675553571875 0.13904469218749999
8 0.7437053578125 0.1279217875 0.6829642859375 0.1279217875 0.6829642859375 0.14831284843749998 0.7437053578125 0.14831284843749998 0.7437053578125 0.1279217875
8 0.699258928125 0.279944134375 0.684446428125 0.279944134375 0.684446428125 0.298480446875 0.699258928125 0.298480446875 0.699258928125 0.279944134375
8 0.7303705359375 0.270670390625 0.700741071875 0.270670390625 0.700741071875 0.29662569843750003 0.7303705359375 0.29662569843750003 0.7303705359375 0.270670390625
8 0.7525937500000001 0.2762346375 0.72740625 0.2762346375 0.72740625 0.30218994375 0.7525937500000001 0.30218994375 0.7525937500000001 0.2762346375
8 0.6903705359375001 0.372636871875 0.6562946421875 0.372636871875 0.6562946421875 0.41342458125 0.6903705359375001 0.41342458125 0.6903705359375001 0.372636871875
8 0.7940758921875 0.3874692734375 0.7437053578125 0.3874692734375 0.7437053578125 0.4375251390625 0.7940758921875 0.4375251390625 0.7940758921875 0.3874692734375
8 0.8414821421875001 0.5394916203125 0.828147321875 0.5394916203125 0.828147321875 0.5617374296875 0.8414821421875001 0.5617374296875 0.8414821421875001 0.5394916203125
8 0.8148169640624999 0.52280446875 0.8014821421875 0.52280446875 0.8014821421875 0.54134636875 0.8148169640624999 0.54134636875 0.8148169640624999 0.52280446875
8 0.8577767859375 0.528368715625 0.8444464281249999 0.528368715625 0.8444464281249999 0.5561787703125 0.8577767859375 0.5561787703125 0.8577767859375 0.528368715625
8 0.8785178578125 0.5209497203125 0.866665178125 0.5209497203125 0.866665178125 0.533927375 0.8785178578125 0.533927375 0.8785178578125 0.5209497203125
8 0.773334821875 0.6729720671874999 0.7585178578125 0.6729720671874999 0.7585178578125 0.6915139671875 0.773334821875 0.6915139671875 0.773334821875 0.6729720671874999
8 0.6962946421875 0.6785363125 0.6459241078125 0.6785363125 0.6459241078125 0.7415698328125 0.6962946421875 0.7415698328125 0.6962946421875 0.6785363125
8 0.644446428125 0.74342458125 0.6311116078125 0.74342458125 0.6311116078125 0.76196089375 0.644446428125 0.76196089375 0.644446428125 0.74342458125
8 0.660741071875 0.7415698328125 0.6488883921874999 0.7415698328125 0.6488883921874999 0.7545474859375 0.660741071875 0.7545474859375 0.660741071875 0.7415698328125
8 0.6740758921875 0.756402234375 0.6533348218749999 0.756402234375 0.6533348218749999 0.7823519546875 0.6740758921875 0.7823519546875 0.6740758921875 0.756402234375
8 0.6666651781249999 0.7786480453125 0.6577767859375 0.7786480453125 0.6577767859375 0.7916256984375 0.6666651781249999 0.7916256984375 0.6666651781249999 0.7786480453125
8 0.813334821875 0.5914022343750001 0.7762946421875 0.5914022343750001 0.7762946421875 0.6562905031249999 0.813334821875 0.6562905031249999 0.813334821875 0.5914022343750001
8 0.8251830359375001 0.6414581 0.8118526781250001 0.6414581 0.8118526781250001 0.6581396640625 0.8251830359375001 0.6581396640625 0.8251830359375001 0.6414581
8 0.8118526781250001 0.6562905031249999 0.8 0.6562905031249999 0.8 0.66926815625 0.8118526781250001 0.66926815625 0.8118526781250001 0.6562905031249999
8 0.8251830359375001 0.6581396640625 0.8118526781250001 0.6581396640625 0.8118526781250001 0.6785363125 0.8251830359375001 0.6785363125 0.8251830359375001 0.6581396640625
8 0.8414821421875001 0.647016759375 0.828147321875 0.647016759375 0.828147321875 0.665558659375 0.8414821421875001 0.665558659375 0.8414821421875001 0.647016759375
8 0.8385178578125 0.574715084375 0.8118526781250001 0.574715084375 0.8118526781250001 0.5914022343750001 0.8385178578125 0.5914022343750001 0.8385178578125 0.574715084375
8 0.8414821421875001 0.5895474859375 0.8237053578125 0.5895474859375 0.8237053578125 0.6321843578124999 0.8414821421875001 0.6321843578124999 0.8414821421875001 0.5895474859375
8 0.7288883921875 0.7267374296875 0.7037053578125 0.7267374296875 0.7037053578125 0.7526927375 0.7288883921875 0.7526927375 0.7288883921875 0.7267374296875
8 0.7140758921875 0.711905028125 0.699258928125 0.711905028125 0.699258928125 0.72488268125 0.7140758921875 0.72488268125 0.7140758921875 0.711905028125
8 0.7214821421875001 0.6859497203125 0.71259375 0.6859497203125 0.71259375 0.7044916203125 0.7214821421875001 0.7044916203125 0.7214821421875001 0.6859497203125
8 0.7570357140625 0.528368715625 0.748147321875 0.528368715625 0.748147321875 0.537636871875 0.7570357140625 0.537636871875 0.7570357140625 0.528368715625
8 0.7688883921875 0.52280446875 0.7629642859375 0.52280446875 0.7629642859375 0.5357821234375 0.7688883921875 0.5357821234375 0.7688883921875 0.52280446875
8 0.7555535718749999 0.5487597765625 0.746665178125 0.5487597765625 0.746665178125 0.5635921781250001 0.7555535718749999 0.5635921781250001 0.7555535718749999 0.5487597765625
8 0.8785178578125 0.67111731875 0.853334821875 0.67111731875 0.853334821875 0.715614525 0.8785178578125 0.715614525 0.8785178578125 0.67111731875
8 0.8562946421875001 0.7137597765625 0.8459241078125 0.7137597765625 0.8459241078125 0.728592178125 0.8562946421875001 0.728592178125 0.8562946421875001 0.7137597765625
8 0.851852678125 0.7378603359375 0.8400000000000001 0.7378603359375 0.8400000000000001 0.756402234375 0.851852678125 0.756402234375 0.851852678125 0.7378603359375
8 0.8414821421875001 0.76196089375 0.7970357140625 0.76196089375 0.7970357140625 0.8231396640625 0.8414821421875001 0.8231396640625 0.8414821421875001 0.76196089375
8 0.795553571875 0.8101620109375001 0.731852678125 0.8101620109375001 0.731852678125 0.8416815640624999 0.795553571875 0.8416815640624999 0.795553571875 0.8101620109375001
8 0.7111116078124999 0.7971843578125 0.6711116078125 0.7971843578125 0.6711116078125 0.8268491625 0.7111116078124999 0.8268491625 0.7111116078124999 0.7971843578125
3 0.5777767859375 0.8972960890625 0.5496294640625 0.8972960890625 0.5496294640625 0.930670390625 0.5777767859375 0.930670390625 0.5777767859375 0.8972960890625
3 0.660741071875 0.9325195531249999 0.64 0.9325195531249999 0.64 0.960329609375 0.660741071875 0.960329609375 0.660741071875 0.9325195531249999
3 0.924446428125 0.20022346406249997 0.900741071875 0.20022346406249997 0.900741071875 0.2280335203125 0.924446428125 0.2280335203125 0.924446428125 0.20022346406249997
3 0.8177767859375 0.00926815625 0.8014821421875 0.00926815625 0.8014821421875 0.031513967187500005 0.8177767859375 0.031513967187500005 0.8177767859375 0.00926815625
3 0.706665178125 0.6192122906249999 0.68740625 0.6192122906249999 0.68740625 0.647016759375 0.706665178125 0.647016759375 0.706665178125 0.6192122906249999
3 0.691852678125 0.6525810062499999 0.6651830359375001 0.6525810062499999 0.6651830359375001 0.674826815625 0.691852678125 0.674826815625 0.691852678125 0.6525810062499999
8 0.7170357140625 0.795329609375 0.7051830359375 0.795329609375 0.7051830359375 0.8120167593750001 0.7170357140625 0.8120167593750001 0.7170357140625 0.795329609375
3 0.651852678125 0.12235754218749999 0.6296294640625 0.12235754218749999 0.6296294640625 0.1501675984375 0.651852678125 0.1501675984375 0.651852678125 0.12235754218749999