5 0.4311116078125 0.24471508437499997 0.31111160781249997 0.24471508437499997 0.31111160781249997 0.42083798906250003 0.4311116078125 0.42083798906250003 0.4311116078125 0.24471508437499997
3 0.3303705359375 0.9714525140625 0.3096294640625 0.9714525140625 0.3096294640625 0.997407821875 0.3303705359375 0.997407821875 0.3303705359375 0.9714525140625
8 0.6577767859375 0.380055865625 0.6044464281249999 0.380055865625 0.6044464281249999 0.4412346375 0.6577767859375 0.4412346375 0.6577767859375 0.380055865625
8 0.6666651781249999 0.44679329531249995 0.6414821421875 0.44679329531249995 0.6414821421875 0.4894357546875 0.6666651781249999 0.4894357546875 0.6666651781249999 0.44679329531249995
8 0.6088883921875 0.43196089375 0.586665178125 0.43196089375 0.586665178125 0.45977094999999996 0.6088883921875 0.45977094999999996 0.6088883921875 0.43196089375
8 0.6311116078125 0.4616256984375 0.573334821875 0.4616256984375 0.573334821875 0.5079720671875 0.6311116078125 0.5079720671875 0.6311116078125 0.4616256984375
8 0.6562946421875 0.5172458093750001 0.6014821421875001 0.5172458093750001 0.6014821421875001 0.6080837984375 0.6562946421875 0.6080837984375 0.6562946421875 0.5172458093750001
8 0.580741071875 0.5209497203125 0.539258928125 0.5209497203125 0.539258928125 0.55988268125 0.580741071875 0.55988268125 0.580741071875 0.5209497203125
8 0.5703705359375 0.5580279328125 0.533334821875 0.5580279328125 0.533334821875 0.5914022343750001 0.5703705359375 0.5914022343750001 0.5703705359375 0.5580279328125
8 0.59259375 0.5914022343750001 0.5540758921875 0.5914022343750001 0.5540758921875 0.65072625625 0.59259375 0.65072625625 0.59259375 0.5914022343750001
8 0.6088883921875 0.6192122906249999 0.5911116078124999 0.6192122906249999 0.5911116078124999 0.6451620109375 0.6088883921875 0.6451620109375 0.6088883921875 0.6192122906249999
8 0.531852678125 0.66926815625 0.5051830359375 0.66926815625 0.5051830359375 0.7007821234375 0.531852678125 0.7007821234375 0.531852678125 0.66926815625
8 0.47111160781250006 0.298480446875 0.4488883921875 0.298480446875 0.4488883921875 0.317022346875 0.47111160781250006 0.317022346875 0.47111160781250006 0.298480446875
8 0.4696294640625 0.32629050312499996 0.44740624999999995 0.32629050312499996 0.44740624999999995 0.3466815640625 0.4696294640625 0.3466815640625 0.4696294640625 0.32629050312499996
8 0.2622232140625 0.29477095000000003 0.23703571406249999 0.29477095000000003 0.23703571406249999 0.3374134078125 0.2622232140625 0.3374134078125 0.2622232140625 0.29477095000000003
8 0.3348169640625 0.220614525 0.3140758921875 0.220614525 0.3140758921875 0.242865921875 0.3348169640625 0.242865921875 0.3348169640625 0.220614525
8 0.355553571875 0.0574692734375 0.3348169640625 0.0574692734375 0.3348169640625 0.07972067031249999 0.355553571875 0.07972067031249999 0.355553571875 0.0574692734375
8 0.27999999999999997 0.15573184375 0.2548169640625 0.15573184375 0.2548169640625 0.1761229046875 0.27999999999999997 0.1761229046875 0.27999999999999997 0.15573184375
8 0.2696294640625 0.189100559375 0.2503705359375 0.189100559375 0.2503705359375 0.207636871875 0.2696294640625 0.207636871875 0.2696294640625 0.189100559375
8 0.266665178125 0.21505586562499998 0.2503705359375 0.21505586562499998 0.2503705359375 0.235446928125 0.266665178125 0.235446928125 0.266665178125 0.21505586562499998
8 0.29185267812500004 0.1724134078125 0.2829642859375 0.1724134078125 0.2829642859375 0.1853910609375 0.29185267812500004 0.1853910609375 0.29185267812500004 0.1724134078125
8 0.2785178578125 0.93622905 0.25777678593750003 0.93622905 0.25777678593750003 0.960329609375 0.2785178578125 0.960329609375 0.2785178578125 0.93622905
8 0.28740625 0.9751620109375001 0.2696294640625 0.9751620109375001 0.2696294640625 0.9937039109375 0.28740625 0.9937039109375 0.28740625 0.9751620109375001
8 0.2948169640625 0.960329609375 0.2785178578125 0.960329609375 0.2785178578125 0.98072625625 0.2948169640625 0.98072625625 0.2948169640625 0.960329609375
3 0.49777678593749997 0.39859217812500003 0.47259375 0.39859217812500003 0.47259375 0.42640223437499997 0.49777678593749997 0.42640223437499997 0.49777678593749997 0.39859217812500003