5 0.3970357140625 0.342977653125 0.31703571406250003 0.342977653125 0.31703571406250003 0.4523575421875 0.3970357140625 0.4523575421875 0.3970357140625 0.342977653125
7 0.900741071875 0.839826815625 0.6770357140625001 0.839826815625 0.6770357140625001 0.9992625703125 0.900741071875 0.9992625703125 0.900741071875 0.839826815625
3 0.7940758921875 0.20022346406249997 0.7748169640625 0.20022346406249997 0.7748169640625 0.2261787703125 0.7940758921875 0.2261787703125 0.7940758921875 0.20022346406249997
3 0.779258928125 0.15573184375 0.7585178578125 0.15573184375 0.7585178578125 0.1798324015625 0.779258928125 0.1798324015625 0.779258928125 0.15573184375
3 0.828147321875 0 0.828147321875 0.0296648046875 0.8562946421875001 0.0296648046875 0.8562946421875001 0 0.828147321875 0
8 0.275553571875 0.0370782125 0.26370535781250004 0.0370782125 0.26370535781250004 0.050055865624999994 0.275553571875 0.050055865624999994 0.275553571875 0.0370782125
8 0.300741071875 0.0574692734375 0.2711116078125 0.0574692734375 0.2711116078125 0.0926983234375 0.300741071875 0.0926983234375 0.300741071875 0.0574692734375
8 0.31111160781249997 0.11679888281249999 0.300741071875 0.11679888281249999 0.300741071875 0.1353351953125 0.31111160781249997 0.1353351953125 0.31111160781249997 0.11679888281249999
8 0.300741071875 0.1279217875 0.27259375 0.1279217875 0.27259375 0.1501675984375 0.300741071875 0.1501675984375 0.300741071875 0.1279217875
8 0.3214821421875 0.2410111734375 0.30518303593749996 0.2410111734375 0.30518303593749996 0.270670390625 0.3214821421875 0.270670390625 0.3214821421875 0.2410111734375
3 0.30518303593749996 0.385614525 0.27259375 0.385614525 0.27259375 0.4393798875 0.30518303593749996 0.4393798875 0.30518303593749996 0.385614525
3 0.6770357140625001 0.0111229046875 0.651852678125 0.0111229046875 0.651852678125 0.0556201125 0.6770357140625001 0.0556201125 0.6770357140625001 0.0111229046875
3 0.6903705359375001 0.06488826875 0.6488883921874999 0.06488826875 0.6488883921874999 0.11494413437499999 0.6903705359375001 0.11494413437499999 0.6903705359375001 0.06488826875
3 0.660741071875 0.12235754218749999 0.6414821421875 0.12235754218749999 0.6414821421875 0.14460335156249998 0.660741071875 0.14460335156249998 0.660741071875 0.12235754218749999
3 0.3096294640625 0.2743798875 0.2829642859375 0.2743798875 0.2829642859375 0.30774860312499996 0.3096294640625 0.30774860312499996 0.3096294640625 0.2743798875
8 0.284446428125 0.40044692812499993 0.2711116078125 0.40044692812499993 0.2711116078125 0.417134078125 0.284446428125 0.417134078125 0.284446428125 0.40044692812499993
8 0.300741071875 0.389324021875 0.2814821421875 0.389324021875 0.2814821421875 0.409715084375 0.300741071875 0.409715084375 0.300741071875 0.389324021875
8 0.2222232140625 0.003709496875 0.21037053593750002 0.003709496875 0.21037053593750002 0.022245809375 0.2222232140625 0.022245809375 0.2222232140625 0.003709496875
7 0.9911116078125 0.647016759375 0.7555535718749999 0.647016759375 0.7555535718749999 0.8361173187500001 0.9911116078125 0.8361173187500001 0.9911116078125 0.647016759375
7 0.9688883921875 0.8361173187500001 0.8977767859375 0.8361173187500001 0.8977767859375 0.9343743015625 0.9688883921875 0.9343743015625 0.9688883921875 0.8361173187500001
3 0.524446428125 0.00926815625 0.49777678593749997 0.00926815625 0.49777678593749997 0.04634636875 0.524446428125 0.04634636875 0.524446428125 0.00926815625