5 0.55259375 0.4523575421875 0.45777678593750004 0.4523575421875 0.45777678593750004 0.5839832406250001 0.55259375 0.5839832406250001 0.55259375 0.4523575421875
7 0.0888883921875 0.32999999999999996 0.0014821421875 0.32999999999999996 0.0014821421875 0.87319553125 0.0888883921875 0.87319553125 0.0888883921875 0.32999999999999996
7 0.23703571406249999 0.8120167593750001 0.0651830359375 0.8120167593750001 0.0651830359375 0.9992625703125 0.23703571406249999 0.9992625703125 0.23703571406249999 0.8120167593750001
3 0.140741071875 0.068597765625 0.0711116078125 0.068597765625 0.0711116078125 0.2261787703125 0.140741071875 0.2261787703125 0.140741071875 0.068597765625
3 0.140741071875 0.2373016765625 0.11851785781249999 0.2373016765625 0.11851785781249999 0.261402234375 0.140741071875 0.261402234375 0.140741071875 0.2373016765625
3 0.16444642812500002 0.2929217875 0.140741071875 0.2929217875 0.140741071875 0.3188770953125 0.16444642812500002 0.3188770953125 0.16444642812500002 0.2929217875
3 0.533334821875 0.0723016765625 0.5140758921875 0.0723016765625 0.5140758921875 0.1038212296875 0.533334821875 0.1038212296875 0.533334821875 0.0723016765625
3 0.10814732187500001 0.2817932953125 0.07851785781250001 0.2817932953125 0.07851785781250001 0.30960335156249996 0.10814732187500001 0.30960335156249996 0.10814732187500001 0.2817932953125
3 0.7081473218750001 0.0111229046875 0.684446428125 0.0111229046875 0.684446428125 0.0352234640625 0.7081473218750001 0.0352234640625 0.7081473218750001 0.0111229046875
3 0.5037053578124999 0.8769050281249999 0.4829642859375 0.8769050281249999 0.4829642859375 0.8972960890625 0.5037053578124999 0.8972960890625 0.5037053578124999 0.8769050281249999
8 0.45777678593750004 0.0982569828125 0.4014821421875 0.0982569828125 0.4014821421875 0.1353351953125 0.45777678593750004 0.1353351953125 0.45777678593750004 0.0982569828125
8 0.4814821421875 0.0889888265625 0.46074107187499996 0.0889888265625 0.46074107187499996 0.1130893859375 0.4814821421875 0.1130893859375 0.4814821421875 0.0889888265625
8 0.56740625 0.0148324015625 0.55259375 0.0148324015625 0.55259375 0.0296648046875 0.56740625 0.0296648046875 0.56740625 0.0148324015625
8 0.500741071875 0.39488268125000003 0.4740758921875 0.39488268125000003 0.4740758921875 0.4282569828125 0.500741071875 0.4282569828125 0.500741071875 0.39488268125000003
8 0.46666517812499997 0.39859217812500003 0.435553571875 0.39859217812500003 0.435553571875 0.4412346375 0.46666517812499997 0.4412346375 0.46666517812499997 0.39859217812500003
8 0.47851785781249995 0.32629050312499996 0.4622232140625 0.32629050312499996 0.4622232140625 0.342977653125 0.47851785781249995 0.342977653125 0.47851785781249995 0.32629050312499996
8 0.43703571406249997 0.50426815625 0.419258928125 0.50426815625 0.419258928125 0.5302234640625 0.43703571406249997 0.5302234640625 0.43703571406249997 0.50426815625
8 0.43703571406249997 0.5450502796875 0.40888839218750006 0.5450502796875 0.40888839218750006 0.5673016765625001 0.43703571406249997 0.5673016765625001 0.43703571406249997 0.5450502796875
8 0.444446428125 0.5765698328125 0.411852678125 0.5765698328125 0.411852678125 0.6136480453125001 0.444446428125 0.6136480453125001 0.444446428125 0.5765698328125
8 0.6859241078125 0.59696089375 0.6533348218749999 0.59696089375 0.6533348218749999 0.6303351953125 0.6859241078125 0.6303351953125 0.6859241078125 0.59696089375
8 0.6785178578125 0.6414581 0.6296294640625 0.6414581 0.6296294640625 0.6766815640625 0.6785178578125 0.6766815640625 0.6785178578125 0.6414581
8 0.6785178578125 0.6729720671874999 0.6340758921874999 0.6729720671874999 0.6340758921874999 0.7100502796875 0.6785178578125 0.7100502796875 0.6785178578125 0.6729720671874999
8 0.508147321875 0.7230279328125 0.48740625 0.7230279328125 0.48740625 0.7471284921875 0.508147321875 0.7471284921875 0.508147321875 0.7230279328125
8 0.5437053578125 0.7415698328125 0.5288883921875 0.7415698328125 0.5288883921875 0.7601061453125 0.5437053578125 0.7601061453125 0.5437053578125 0.7415698328125
8 0.52 0.7508379890625 0.5022232140625 0.7508379890625 0.5022232140625 0.77122905 0.52 0.77122905 0.52 0.7508379890625
8 0.5422232140625 0.8787597765624999 0.524446428125 0.8787597765624999 0.524446428125 0.893592178125 0.5422232140625 0.893592178125 0.5422232140625 0.8787597765624999
8 0.60740625 0.5951061453125 0.5911116078124999 0.5951061453125 0.5911116078124999 0.6136480453125001 0.60740625 0.6136480453125001 0.60740625 0.5951061453125
3 0.588147321875 0.5116815640625 0.5614821421875 0.5116815640625 0.5614821421875 0.5543240218750001 0.588147321875 0.5543240218750001 0.588147321875 0.5116815640625
8 0.13481696406250002 0.21320111718749998 0.11851785781249999 0.21320111718749998 0.11851785781249999 0.23173742968750002 0.13481696406250002 0.23173742968750002 0.13481696406250002 0.21320111718749998
8 0.47851785781249995 0.1501675984375 0.4488883921875 0.1501675984375 0.4488883921875 0.187245809375 0.47851785781249995 0.187245809375 0.47851785781249995 0.1501675984375
8 0.46518303593750004 0.1965139671875 0.4503705359375 0.1965139671875 0.4503705359375 0.21134636874999999 0.46518303593750004 0.21134636874999999 0.46518303593750004 0.1965139671875
8 0.4888883921875 0.0074134078125 0.47259375 0.0074134078125 0.47259375 0.0185419 0.4888883921875 0.0185419 0.4888883921875 0.0074134078125
8 0.7170357140625 0.0389329609375 0.7037053578125 0.0389329609375 0.7037053578125 0.051910614062500006 0.7170357140625 0.051910614062500006 0.7170357140625 0.0389329609375
3 0.715553571875 0.207636871875 0.691852678125 0.207636871875 0.691852678125 0.22988826874999999 0.715553571875 0.22988826874999999 0.715553571875 0.207636871875
3 0.4014821421875 0.0352234640625 0.38222321406250004 0.0352234640625 0.38222321406250004 0.051910614062500006 0.4014821421875 0.051910614062500006 0.4014821421875 0.0352234640625
3 0.4340758921875 0.39488268125000003 0.41629464218749995 0.39488268125000003 0.41629464218749995 0.41342458125 0.4340758921875 0.41342458125 0.4340758921875 0.39488268125000003
3 0.51259375 0.9399385468749999 0.4962946421875 0.9399385468749999 0.4962946421875 0.960329609375 0.51259375 0.960329609375 0.51259375 0.9399385468749999
3 0.7777767859375 0.0444916203125 0.7525937500000001 0.0444916203125 0.7525937500000001 0.06488826875 0.7777767859375 0.06488826875 0.7777767859375 0.0444916203125
3 0.786665178125 0.077865921875 0.7629642859375 0.077865921875 0.7629642859375 0.0926983234375 0.786665178125 0.0926983234375 0.786665178125 0.077865921875
3 0.8103705359375001 0.10937988750000001 0.7629642859375 0.10937988750000001 0.7629642859375 0.133480446875 0.8103705359375001 0.133480446875 0.8103705359375001 0.10937988750000001
3 0.748147321875 0.0945474859375 0.6888883921875 0.0945474859375 0.6888883921875 0.1260670390625 0.748147321875 0.1260670390625 0.748147321875 0.0945474859375
3 0.9229642859375 0.12050279374999999 0.8829642859375 0.12050279374999999 0.8829642859375 0.16685474843749998 0.9229642859375 0.16685474843749998 0.9229642859375 0.12050279374999999