5 0.5540758921875 0.4523575421875 0.46074107187499996 0.4523575421875 0.46074107187499996 0.5876927375000001 0.5540758921875 0.5876927375000001 0.5540758921875 0.4523575421875
8 0.4548169640625 0.09640223437499999 0.4059241078125 0.09640223437499999 0.4059241078125 0.1316256984375 0.4548169640625 0.1316256984375 0.4548169640625 0.09640223437499999
8 0.47851785781249995 0.0889888265625 0.46074107187499996 0.0889888265625 0.46074107187499996 0.10937988750000001 0.47851785781249995 0.10937988750000001 0.47851785781249995 0.0889888265625
8 0.4829642859375 0.1501675984375 0.4488883921875 0.1501675984375 0.4488883921875 0.189100559375 0.4829642859375 0.189100559375 0.4829642859375 0.1501675984375
8 0.46814732187499997 0.19281005625 0.4503705359375 0.19281005625 0.4503705359375 0.21134636874999999 0.46814732187499997 0.21134636874999999 0.46814732187499997 0.19281005625
8 0.48 0.32629050312499996 0.4637053578125 0.32629050312499996 0.4637053578125 0.3466815640625 0.48 0.3466815640625 0.48 0.32629050312499996
8 0.46814732187499997 0.39488268125000003 0.4340758921875 0.39488268125000003 0.4340758921875 0.4375251390625 0.46814732187499997 0.4375251390625 0.46814732187499997 0.39488268125000003
8 0.500741071875 0.39488268125000003 0.475553571875 0.39488268125000003 0.475553571875 0.42640223437499997 0.500741071875 0.42640223437499997 0.500741071875 0.39488268125000003
8 0.4385178578125 0.50426815625 0.41629464218749995 0.50426815625 0.41629464218749995 0.532072625 0.4385178578125 0.532072625 0.4385178578125 0.50426815625
8 0.4429642859375 0.5765698328125 0.41333482187500004 0.5765698328125 0.41333482187500004 0.609938546875 0.4429642859375 0.609938546875 0.4429642859375 0.5765698328125
8 0.68740625 0.5951061453125 0.6577767859375 0.5951061453125 0.6577767859375 0.6303351953125 0.68740625 0.6303351953125 0.68740625 0.5951061453125
8 0.6785178578125 0.6433128484374999 0.6311116078125 0.6433128484374999 0.6311116078125 0.70634636875 0.6785178578125 0.70634636875 0.6785178578125 0.6433128484374999
8 0.5051830359375 0.72488268125 0.4903705359375 0.72488268125 0.4903705359375 0.7471284921875 0.5051830359375 0.7471284921875 0.5051830359375 0.72488268125
8 0.5451830359375001 0.74342458125 0.5274062500000001 0.74342458125 0.5274062500000001 0.7601061453125 0.5451830359375001 0.7601061453125 0.5451830359375001 0.74342458125
8 0.5214821421875 0.7526927375 0.5037053578124999 0.7526927375 0.5037053578124999 0.7675251390625 0.5214821421875 0.7675251390625 0.5214821421875 0.7526927375
8 0.546665178125 0.8769050281249999 0.524446428125 0.8769050281249999 0.524446428125 0.9010055859375001 0.546665178125 0.9010055859375001 0.546665178125 0.8769050281249999
8 0.5037053578124999 0.8769050281249999 0.4903705359375 0.8769050281249999 0.4903705359375 0.8954413406249999 0.5037053578124999 0.8954413406249999 0.5037053578124999 0.8769050281249999
8 0.13185267812499998 0.21320111718749998 0.1214821421875 0.21320111718749998 0.1214821421875 0.2261787703125 0.13185267812499998 0.2261787703125 0.13185267812499998 0.21320111718749998
8 0.5688883921875 0.012977653124999999 0.55259375 0.012977653124999999 0.55259375 0.031513967187500005 0.5688883921875 0.031513967187500005 0.5688883921875 0.012977653124999999
3 0.1140758921875 0.0760111734375 0.099258928125 0.0760111734375 0.099258928125 0.0945474859375 0.1140758921875 0.0945474859375 0.1140758921875 0.0760111734375
3 0.1140758921875 0.10752513906250001 0.0977767859375 0.10752513906250001 0.0977767859375 0.1297765359375 0.1140758921875 0.1297765359375 0.1140758921875 0.10752513906250001
3 0.0977767859375 0.1260670390625 0.07703571406250001 0.1260670390625 0.07703571406250001 0.14460335156249998 0.0977767859375 0.14460335156249998 0.0977767859375 0.1260670390625
3 0.099258928125 0.1594357546875 0.059258928125 0.1594357546875 0.059258928125 0.1816815640625 0.099258928125 0.1816815640625 0.099258928125 0.1594357546875
3 0.11703571406249999 0.16314525156249998 0.10370535781250001 0.16314525156249998 0.10370535781250001 0.177977653125 0.11703571406249999 0.177977653125 0.11703571406249999 0.16314525156249998
3 0.1096294640625 0.1853910609375 0.0948169640625 0.1853910609375 0.0948169640625 0.20578770937500002 0.1096294640625 0.20578770937500002 0.1096294640625 0.1853910609375
3 0.0888883921875 0.1909553078125 0.07259375 0.1909553078125 0.07259375 0.207636871875 0.0888883921875 0.207636871875 0.0888883921875 0.1909553078125
3 0.1377767859375 0.2373016765625 0.115553571875 0.2373016765625 0.115553571875 0.2595474859375 0.1377767859375 0.2595474859375 0.1377767859375 0.2373016765625
3 0.10370535781250001 0.28550279375 0.07851785781250001 0.28550279375 0.07851785781250001 0.31331284843749996 0.10370535781250001 0.31331284843749996 0.10370535781250001 0.28550279375
3 0.1659241078125 0.29662569843750003 0.1437053578125 0.29662569843750003 0.1437053578125 0.3188770953125 0.1659241078125 0.3188770953125 0.1659241078125 0.29662569843750003
3 0.7111116078124999 0.207636871875 0.6903705359375001 0.207636871875 0.6903705359375001 0.2280335203125 0.7111116078124999 0.2280335203125 0.7111116078124999 0.207636871875
3 0.9155535718750001 0.12235754218749999 0.8962946421875 0.12235754218749999 0.8962946421875 0.14460335156249998 0.9155535718750001 0.14460335156249998 0.9155535718750001 0.12235754218749999
3 0.9096294640625 0.14645809999999998 0.8903705359374999 0.14645809999999998 0.8903705359374999 0.170558659375 0.9096294640625 0.170558659375 0.9096294640625 0.14645809999999998
3 0.7229642859375 0.0982569828125 0.68740625 0.0982569828125 0.68740625 0.133480446875 0.7229642859375 0.133480446875 0.7229642859375 0.0982569828125
3 0.7111116078124999 0.0111229046875 0.68740625 0.0111229046875 0.68740625 0.0370782125 0.7111116078124999 0.0370782125 0.7111116078124999 0.0111229046875
8 0.60740625 0.5914022343750001 0.5896294640625 0.5914022343750001 0.5896294640625 0.6136480453125001 0.60740625 0.6136480453125001 0.60740625 0.5914022343750001
8 0.49481696406250003 0.9269608937499999 0.4814821421875 0.9269608937499999 0.4814821421875 0.9380837984375001 0.49481696406250003 0.9380837984375001 0.49481696406250003 0.9269608937499999
8 0.5822232140625 0.533927375 0.56740625 0.533927375 0.56740625 0.5561787703125 0.5822232140625 0.5561787703125 0.5822232140625 0.533927375
8 0.6251830359375 0.739715084375 0.6088883921875 0.739715084375 0.6088883921875 0.7601061453125 0.6251830359375 0.7601061453125 0.6251830359375 0.739715084375
8 0.644446428125 0.7322960890625 0.628147321875 0.7322960890625 0.628147321875 0.7508379890625 0.644446428125 0.7508379890625 0.644446428125 0.7322960890625
3 0.251852678125 0.15573184375 0.23259375000000002 0.15573184375 0.23259375000000002 0.1798324015625 0.251852678125 0.1798324015625 0.251852678125 0.15573184375
3 0.7762946421875 0.048201117187499996 0.7570357140625 0.048201117187499996 0.7570357140625 0.070446928125 0.7762946421875 0.070446928125 0.7762946421875 0.048201117187499996
7 0.12740625 0.372636871875 0.0014821421875 0.372636871875 0.0014821421875 0.9899944140624999 0.12740625 0.9899944140624999 0.12740625 0.372636871875
7 0.30518303593749996 0.7378603359375 0.12592410781250002 0.7378603359375 0.12592410781250002 0.997407821875 0.30518303593749996 0.997407821875 0.30518303593749996 0.7378603359375
3 0.451852678125 0.9696033515625 0.43259375 0.9696033515625 0.43259375 0.9881396640625001 0.451852678125 0.9881396640625001 0.451852678125 0.9696033515625
3 0.47111160781250006 0.98072625625 0.4562946421875 0.98072625625 0.4562946421875 0.995553071875 0.47111160781250006 0.995553071875 0.47111160781250006 0.98072625625
3 0.8044464281250001 0.1112346375 0.7644464281250001 0.1112346375 0.7644464281250001 0.14460335156249998 0.8044464281250001 0.14460335156249998 0.8044464281250001 0.1112346375
3 0.5629642859375 0.0889888265625 0.540741071875 0.0889888265625 0.540741071875 0.10937988750000001 0.5629642859375 0.10937988750000001 0.5629642859375 0.0889888265625
3 0.5362946421875 0.0760111734375 0.508147321875 0.0760111734375 0.508147321875 0.10011173124999999 0.5362946421875 0.10011173124999999 0.5362946421875 0.0760111734375
3 0.8874062500000001 0.30774860312499996 0.868147321875 0.30774860312499996 0.868147321875 0.3337039109375 0.8874062500000001 0.3337039109375 0.8874062500000001 0.30774860312499996