5 0.3659241078125 0.2373016765625 0.251852678125 0.2373016765625 0.251852678125 0.4189888265625 0.3659241078125 0.4189888265625 0.3659241078125 0.2373016765625
8 0.5437053578125 0.42083798906250003 0.5185178578125 0.42083798906250003 0.5185178578125 0.44308938593749997 0.5437053578125 0.44308938593749997 0.5437053578125 0.42083798906250003
8 0.5911116078124999 0.4412346375 0.5688883921875 0.4412346375 0.5688883921875 0.4690446921875 0.5911116078124999 0.4690446921875 0.5911116078124999 0.4412346375
8 0.5496294640625 0.4486480453125 0.5259241078125 0.4486480453125 0.5259241078125 0.472748603125 0.5496294640625 0.472748603125 0.5496294640625 0.4486480453125
8 0.580741071875 0.4690446921875 0.5022232140625 0.4690446921875 0.5022232140625 0.5061229046875 0.580741071875 0.5061229046875 0.580741071875 0.4690446921875
8 0.5629642859375 0.5061229046875 0.4814821421875 0.5061229046875 0.4814821421875 0.637748603125 0.5629642859375 0.637748603125 0.5629642859375 0.5061229046875
8 0.5837053578125 0.519100559375 0.5659241078125 0.519100559375 0.5659241078125 0.5469050281250001 0.5837053578125 0.5469050281250001 0.5837053578125 0.519100559375
8 0.19259375 0.29662569843750003 0.1777767859375 0.29662569843750003 0.1777767859375 0.335558659375 0.19259375 0.335558659375 0.19259375 0.29662569843750003
8 0.3970357140625 0.2910670390625 0.38222321406250004 0.2910670390625 0.38222321406250004 0.305899440625 0.3970357140625 0.305899440625 0.3970357140625 0.2910670390625
8 0.4 0.3188770953125 0.380741071875 0.3188770953125 0.380741071875 0.3374134078125 0.4 0.3374134078125 0.4 0.3188770953125
8 0.293334821875 0.059324021875 0.2740758921875 0.059324021875 0.2740758921875 0.07972067031249999 0.293334821875 0.07972067031249999 0.293334821875 0.059324021875
8 0.2251830359375 0.152022346875 0.19259375 0.152022346875 0.19259375 0.1816815640625 0.2251830359375 0.1816815640625 0.2251830359375 0.152022346875
8 0.2088883921875 0.187245809375 0.188147321875 0.187245809375 0.188147321875 0.23359217812500002 0.2088883921875 0.23359217812500002 0.2088883921875 0.187245809375
3 0.31111160781249997 0.8880279328125 0.28740625 0.8880279328125 0.28740625 0.9065698328125 0.31111160781249997 0.9065698328125 0.31111160781249997 0.8880279328125
3 0.24148214218750003 0.168709496875 0.219258928125 0.168709496875 0.219258928125 0.19281005625 0.24148214218750003 0.19281005625 0.24148214218750003 0.168709496875
8 0.23703571406249999 0.3040446921875 0.219258928125 0.3040446921875 0.219258928125 0.32258100624999997 0.23703571406249999 0.32258100624999997 0.23703571406249999 0.3040446921875
8 0.2029642859375 0.105675978125 0.1837053578125 0.105675978125 0.1837053578125 0.12235754218749999 0.2029642859375 0.12235754218749999 0.2029642859375 0.105675978125