5 0.6977767859374999 0.3596592171875 0.580741071875 0.3596592171875 0.580741071875 0.5079720671875 0.6977767859374999 0.5079720671875 0.6977767859374999 0.3596592171875
7 0 0.9992625703125 0.2 0.9992625703125 0.2 0.10937988750000001 0 0.10937988750000001 0 0.9992625703125
7 0.4251830359375 0.6358938546874999 0.1970357140625 0.6358938546874999 0.1970357140625 0.997407821875 0.4251830359375 0.997407821875 0.4251830359375 0.6358938546874999
3 0.186665178125 0.2762346375 0.1614821421875 0.2762346375 0.1614821421875 0.30774860312499996 0.186665178125 0.30774860312499996 0.186665178125 0.2762346375
3 0.733334821875 0.42640223437499997 0.7096294640624999 0.42640223437499997 0.7096294640624999 0.45050279375 0.733334821875 0.45050279375 0.733334821875 0.42640223437499997
3 0.908147321875 0.11865363124999999 0.8888883921874999 0.11865363124999999 0.8888883921874999 0.1353351953125 0.908147321875 0.1353351953125 0.908147321875 0.11865363124999999
3 0.32740625 0.79903910625 0.308147321875 0.79903910625 0.308147321875 0.8231396640625 0.32740625 0.8231396640625 0.32740625 0.79903910625
3 0.27259375 0.031513967187500005 0.253334821875 0.031513967187500005 0.253334821875 0.0574692734375 0.27259375 0.0574692734375 0.27259375 0.031513967187500005
3 0.251852678125 0.10011173124999999 0.2340758921875 0.10011173124999999 0.2340758921875 0.1279217875 0.251852678125 0.1279217875 0.251852678125 0.10011173124999999
3 0.4459241078125 0.022245809375 0.42814732187500004 0.022245809375 0.42814732187500004 0.0444916203125 0.4459241078125 0.0444916203125 0.4459241078125 0.022245809375
3 0.7362946421875 0.022245809375 0.6044464281249999 0.022245809375 0.6044464281249999 0.0574692734375 0.7362946421875 0.0574692734375 0.7362946421875 0.022245809375
8 0.746665178125 0.30218994375 0.7259241078125 0.30218994375 0.7259241078125 0.3374134078125 0.746665178125 0.3374134078125 0.746665178125 0.30218994375
8 0.7659241078125001 0.289212290625 0.748147321875 0.289212290625 0.748147321875 0.30774860312499996 0.7659241078125001 0.30774860312499996 0.7659241078125001 0.289212290625
8 0.7362946421875 0.16685474843749998 0.6829642859375 0.16685474843749998 0.6829642859375 0.198368715625 0.7362946421875 0.198368715625 0.7362946421875 0.16685474843749998
8 0.6740758921875 0.17426815625 0.6533348218749999 0.17426815625 0.6533348218749999 0.20207821250000002 0.6740758921875 0.20207821250000002 0.6740758921875 0.17426815625
8 0.6592589281250001 0.2817932953125 0.635553571875 0.2817932953125 0.635553571875 0.31331284843749996 0.6592589281250001 0.31331284843749996 0.6592589281250001 0.2817932953125
8 0.8207410718749999 0.4375251390625 0.795553571875 0.4375251390625 0.795553571875 0.48016759843749995 0.8207410718749999 0.48016759843749995 0.8207410718749999 0.4375251390625
8 0.8725937500000001 0.4375251390625 0.83259375 0.4375251390625 0.83259375 0.4690446921875 0.8725937500000001 0.4690446921875 0.8725937500000001 0.4375251390625
8 0.8577767859375 0.472748603125 0.8444464281249999 0.472748603125 0.8444464281249999 0.4987039109375 0.8577767859375 0.4987039109375 0.8577767859375 0.472748603125
8 0.8340758921875 0.4708938546875 0.8251830359375001 0.4708938546875 0.8251830359375001 0.4894357546875 0.8340758921875 0.4894357546875 0.8340758921875 0.4708938546875
8 0.83259375 0.4987039109375 0.8103705359375001 0.4987039109375 0.8103705359375001 0.5728603359375 0.83259375 0.5728603359375 0.83259375 0.4987039109375
8 0.8696294640625 0.5895474859375 0.8562946421875001 0.5895474859375 0.8562946421875001 0.621061453125 0.8696294640625 0.621061453125 0.8696294640625 0.5895474859375
8 0.868147321875 0.6303351953125 0.828147321875 0.6303351953125 0.828147321875 0.698927375 0.868147321875 0.698927375 0.868147321875 0.6303351953125
8 0.7688883921875 0.532072625 0.7585178578125 0.532072625 0.7585178578125 0.5524692734375 0.7688883921875 0.5524692734375 0.7688883921875 0.532072625
8 0.8103705359375001 0.5487597765625 0.7822232140625001 0.5487597765625 0.7822232140625001 0.5728603359375 0.8103705359375001 0.5728603359375 0.8103705359375001 0.5487597765625
8 0.8029642859375 0.5839832406250001 0.795553571875 0.5839832406250001 0.795553571875 0.6025251390624999 0.8029642859375 0.6025251390624999 0.8029642859375 0.5839832406250001
8 0.79259375 0.6173575421875 0.779258928125 0.6173575421875 0.779258928125 0.63403910625 0.79259375 0.63403910625 0.79259375 0.6173575421875
8 0.7525937500000001 0.621061453125 0.7377767859375 0.621061453125 0.7377767859375 0.6451620109375 0.7525937500000001 0.6451620109375 0.7525937500000001 0.621061453125
8 0.7688883921875 0.65072625625 0.7585178578125 0.65072625625 0.7585178578125 0.6674134078125 0.7688883921875 0.6674134078125 0.7688883921875 0.65072625625
8 0.7525937500000001 0.6637039109375 0.7377767859375 0.6637039109375 0.7377767859375 0.6803910609375 0.7525937500000001 0.6803910609375 0.7525937500000001 0.6637039109375
8 0.8207410718749999 0.70819553125 0.8088883921875001 0.70819553125 0.8088883921875001 0.7230279328125 0.8207410718749999 0.7230279328125 0.8207410718749999 0.70819553125
8 0.8192589281249999 0.7230279328125 0.8014821421875 0.7230279328125 0.8014821421875 0.7471284921875 0.8192589281249999 0.7471284921875 0.8192589281249999 0.7230279328125
8 0.71259375 0.6488715078125 0.6014821421875001 0.6488715078125 0.6014821421875001 0.758251396875 0.71259375 0.758251396875 0.71259375 0.6488715078125
8 0.7940758921875 0.739715084375 0.6859241078125 0.739715084375 0.6859241078125 0.7916256984375 0.7940758921875 0.7916256984375 0.7940758921875 0.739715084375