5 0.41333482187500004 0.39859217812500003 0.3288883921875 0.39859217812500003 0.3288883921875 0.5246592171875 0.41333482187500004 0.5246592171875 0.41333482187500004 0.39859217812500003
3 0.044446428125 0.1965139671875 0.0222232140625 0.1965139671875 0.0222232140625 0.2373016765625 0.044446428125 0.2373016765625 0.044446428125 0.1965139671875
3 0.31703571406250003 0.48387150781250005 0.293334821875 0.48387150781250005 0.293334821875 0.5153910609375 0.31703571406250003 0.5153910609375 0.31703571406250003 0.48387150781250005
3 0.8414821421875001 0.20022346406249997 0.8192589281249999 0.20022346406249997 0.8192589281249999 0.224324021875 0.8414821421875001 0.224324021875 0.8414821421875001 0.20022346406249997
3 0.7303705359375 0.0055642453125 0.684446428125 0.0055642453125 0.684446428125 0.0889888265625 0.7303705359375 0.0889888265625 0.7303705359375 0.0055642453125
3 0.746665178125 0.09640223437499999 0.6829642859375 0.09640223437499999 0.6829642859375 0.1835363125 0.746665178125 0.1835363125 0.746665178125 0.09640223437499999
8 0.5170357140624999 0.5951061453125 0.491852678125 0.5951061453125 0.491852678125 0.6266256984374999 0.5170357140624999 0.6266256984374999 0.5170357140624999 0.5951061453125
8 0.4311116078125 0.45050279375 0.419258928125 0.45050279375 0.419258928125 0.46348044687499995 0.4311116078125 0.46348044687499995 0.4311116078125 0.45050279375
8 0.33925892812499997 0.28550279375 0.32 0.28550279375 0.32 0.31145809999999996 0.33925892812499997 0.31145809999999996 0.33925892812499997 0.28550279375
8 0.24888839218749997 0.0259553078125 0.21037053593750002 0.0259553078125 0.21037053593750002 0.0444916203125 0.24888839218749997 0.0444916203125 0.24888839218749997 0.0259553078125
8 0.28740625 0.0667430171875 0.2696294640625 0.0667430171875 0.2696294640625 0.08342458124999999 0.28740625 0.08342458124999999 0.28740625 0.0667430171875
8 0.33333482187499996 0.077865921875 0.2740758921875 0.077865921875 0.2740758921875 0.187245809375 0.33333482187499996 0.187245809375 0.33333482187499996 0.077865921875
8 0.32 0.33926815625 0.28740625 0.33926815625 0.28740625 0.35780446875 0.32 0.35780446875 0.32 0.33926815625
8 0.3496294640625 0.363368715625 0.32296428593750004 0.363368715625 0.32296428593750004 0.3782011171875 0.3496294640625 0.3782011171875 0.3496294640625 0.363368715625
8 0.315553571875 0.44308938593749997 0.2859241078125 0.44308938593749997 0.2859241078125 0.4746033515625 0.315553571875 0.4746033515625 0.315553571875 0.44308938593749997
3 0.8740758921875 0.252134078125 0.8444464281249999 0.252134078125 0.8444464281249999 0.2817932953125 0.8740758921875 0.2817932953125 0.8740758921875 0.252134078125
7 0.9985178578125 0.31145809999999996 0.7688883921875 0.31145809999999996 0.7688883921875 0.7174692734375 0.9985178578125 0.7174692734375 0.9985178578125 0.31145809999999996
7 0.9970357140624999 0.7100502796875 0.7703705359375 0.7100502796875 0.7703705359375 0.9992625703125 0.9970357140624999 0.9992625703125 0.9970357140624999 0.7100502796875
7 0.2162946421875 0.802748603125 0.0222232140625 0.802748603125 0.0222232140625 0.997407821875 0.2162946421875 0.997407821875 0.2162946421875 0.802748603125