5 0.611852678125 0.4783128484375 0.5155535718750001 0.4783128484375 0.5155535718750001 0.6192122906249999 0.611852678125 0.6192122906249999 0.611852678125 0.4783128484375
7 0 0.9992625703125 0.2385178578125 0.9992625703125 0.2385178578125 0.2502793296875 0 0.2502793296875 0 0.9992625703125
3 0.18518303593750002 0.0667430171875 0.1362946421875 0.0667430171875 0.1362946421875 0.105675978125 0.18518303593750002 0.105675978125 0.18518303593750002 0.0667430171875
3 0.18518303593750002 0.1130893859375 0.1111116078125 0.1130893859375 0.1111116078125 0.21691061406249998 0.18518303593750002 0.21691061406249998 0.18518303593750002 0.1130893859375
3 0.2029642859375 0.220614525 0.1511116078125 0.220614525 0.1511116078125 0.2817932953125 0.2029642859375 0.2817932953125 0.2029642859375 0.220614525
3 0.228147321875 0.317022346875 0.2088883921875 0.317022346875 0.2088883921875 0.344826815625 0.228147321875 0.344826815625 0.228147321875 0.317022346875
3 0.0370357140625 0.2817932953125 0.0222232140625 0.2817932953125 0.0222232140625 0.30774860312499996 0.0370357140625 0.30774860312499996 0.0370357140625 0.2817932953125
3 0.1985178578125 0.00926815625 0.1422232140625 0.00926815625 0.1422232140625 0.059324021875 0.1985178578125 0.059324021875 0.1985178578125 0.00926815625
3 0.651852678125 0.5432011171875 0.628147321875 0.5432011171875 0.628147321875 0.5821284921875 0.651852678125 0.5821284921875 0.651852678125 0.5432011171875
3 0.5214821421875 0.9492067046875 0.48444642812499994 0.9492067046875 0.48444642812499994 0.98257541875 0.5214821421875 0.98257541875 0.5214821421875 0.9492067046875
3 0.9955535718749999 0.21876536249999998 0.9762946421875001 0.21876536249999998 0.9762946421875001 0.24471508437499997 0.9955535718749999 0.24471508437499997 0.9955535718749999 0.21876536249999998
3 0.3422232140625 0.13904469218749999 0.32592410781250003 0.13904469218749999 0.32592410781250003 0.1594357546875 0.3422232140625 0.1594357546875 0.3422232140625 0.13904469218749999
3 0.31259375 0.170558659375 0.2888883921875 0.170558659375 0.2888883921875 0.19281005625 0.31259375 0.19281005625 0.31259375 0.170558659375
3 0.0370357140625 0.31145809999999996 0.0059241078125 0.31145809999999996 0.0059241078125 0.363368715625 0.0370357140625 0.363368715625 0.0370357140625 0.31145809999999996
3 0.5629642859375 0.8565139671875001 0.5274062500000001 0.8565139671875001 0.5274062500000001 0.8843184359375 0.5629642859375 0.8843184359375 0.5629642859375 0.8565139671875001
8 0.564446428125 0.3411229046875 0.5348169640625 0.3411229046875 0.5348169640625 0.363368715625 0.564446428125 0.363368715625 0.564446428125 0.3411229046875
8 0.6251830359375 0.033368715625 0.6103705359375 0.033368715625 0.6103705359375 0.050055865624999994 0.6251830359375 0.050055865624999994 0.6251830359375 0.033368715625
8 0.8 0.06303352031250001 0.7777767859375 0.06303352031250001 0.7777767859375 0.08342458124999999 0.8 0.08342458124999999 0.8 0.06303352031250001
8 0.8607410718749999 0.1130893859375 0.8459241078125 0.1130893859375 0.8459241078125 0.1297765359375 0.8607410718749999 0.1297765359375 0.8607410718749999 0.1130893859375
8 0.788147321875 0.1297765359375 0.7748169640625 0.1297765359375 0.7748169640625 0.14460335156249998 0.788147321875 0.14460335156249998 0.788147321875 0.1297765359375
8 0.588147321875 0.1038212296875 0.571852678125 0.1038212296875 0.571852678125 0.12235754218749999 0.588147321875 0.12235754218749999 0.588147321875 0.1038212296875
8 0.5511116078125 0.10196647968749999 0.5274062500000001 0.10196647968749999 0.5274062500000001 0.1316256984375 0.5511116078125 0.1316256984375 0.5511116078125 0.10196647968749999
8 0.5022232140625 0.11494413437499999 0.4740758921875 0.11494413437499999 0.4740758921875 0.1353351953125 0.5022232140625 0.1353351953125 0.5022232140625 0.11494413437499999
8 0.5437053578125 0.1816815640625 0.5274062500000001 0.1816815640625 0.5274062500000001 0.2094916203125 0.5437053578125 0.2094916203125 0.5437053578125 0.1816815640625
8 0.5229642859375 0.20022346406249997 0.506665178125 0.20022346406249997 0.506665178125 0.2094916203125 0.5229642859375 0.2094916203125 0.5229642859375 0.20022346406249997
8 0.5540758921875 0.39859217812500003 0.539258928125 0.39859217812500003 0.539258928125 0.41156983281250004 0.5540758921875 0.41156983281250004 0.5540758921875 0.39859217812500003
8 0.533334821875 0.43196089375 0.508147321875 0.43196089375 0.508147321875 0.454212290625 0.533334821875 0.454212290625 0.533334821875 0.43196089375
8 0.5599999999999999 0.42269273749999997 0.533334821875 0.42269273749999997 0.533334821875 0.4560670390625 0.5599999999999999 0.4560670390625 0.5599999999999999 0.42269273749999997
8 0.49777678593749997 0.6080837984375 0.4740758921875 0.6080837984375 0.4740758921875 0.637748603125 0.49777678593749997 0.637748603125 0.49777678593749997 0.6080837984375
8 0.56740625 0.74342458125 0.5496294640625 0.74342458125 0.5496294640625 0.765670390625 0.56740625 0.765670390625 0.56740625 0.74342458125
8 0.586665178125 0.77122905 0.5599999999999999 0.77122905 0.5599999999999999 0.7971843578125 0.586665178125 0.7971843578125 0.586665178125 0.77122905
8 0.6296294640625 0.8120167593750001 0.60740625 0.8120167593750001 0.60740625 0.8287039109375 0.6296294640625 0.8287039109375 0.6296294640625 0.8120167593750001
8 0.6740758921875 0.6192122906249999 0.6592589281250001 0.6192122906249999 0.6592589281250001 0.6321843578124999 0.6740758921875 0.6321843578124999 0.6740758921875 0.6192122906249999
8 0.72740625 0.6433128484374999 0.6651830359375001 0.6433128484374999 0.6651830359375001 0.72488268125 0.72740625 0.72488268125 0.72740625 0.6433128484374999
8 0.739258928125 0.7322960890625 0.7229642859375 0.7322960890625 0.7229642859375 0.7471284921875 0.739258928125 0.7471284921875 0.739258928125 0.7322960890625
3 0.7777767859375 0.031513967187500005 0.7511116078125 0.031513967187500005 0.7511116078125 0.0556201125 0.7777767859375 0.0556201125 0.7777767859375 0.031513967187500005
3 0.580741071875 0.9269608937499999 0.5437053578125 0.9269608937499999 0.5437053578125 0.9566256984375 0.580741071875 0.9566256984375 0.580741071875 0.9269608937499999