5 0.37037053593749997 0.3670782125 0.2962946421875 0.3670782125 0.2962946421875 0.4949944140625 0.37037053593749997 0.4949944140625 0.37037053593749997 0.3670782125
7 0.9911116078125 0.6192122906249999 0.6785178578125 0.6192122906249999 0.6785178578125 0.9992625703125 0.9911116078125 0.9992625703125 0.9911116078125 0.6192122906249999
3 0.7585178578125 0.16499999999999998 0.7362946421875 0.16499999999999998 0.7362946421875 0.189100559375 0.7585178578125 0.189100559375 0.7585178578125 0.16499999999999998
3 0.7822232140625001 0.21505586562499998 0.7570357140625 0.21505586562499998 0.7570357140625 0.24842458125000003 0.7822232140625001 0.24842458125000003 0.7822232140625001 0.21505586562499998
3 0.7688883921875 0.1909553078125 0.7525937500000001 0.1909553078125 0.7525937500000001 0.2094916203125 0.7688883921875 0.2094916203125 0.7688883921875 0.1909553078125
3 0.980741071875 0.4894357546875 0.9570357140624999 0.4894357546875 0.9570357140624999 0.5209497203125 0.980741071875 0.5209497203125 0.980741071875 0.4894357546875
3 0.668147321875 0.0166871515625 0.619258928125 0.0166871515625 0.619258928125 0.16685474843749998 0.668147321875 0.16685474843749998 0.668147321875 0.0166871515625
3 0.5170357140624999 0.0074134078125 0.46518303593750004 0.0074134078125 0.46518303593750004 0.06303352031250001 0.5170357140624999 0.06303352031250001 0.5170357140624999 0.0074134078125
3 0.5777767859375 0.0074134078125 0.5348169640625 0.0074134078125 0.5348169640625 0.051910614062500006 0.5777767859375 0.051910614062500006 0.5777767859375 0.0074134078125
3 0.2948169640625 0.090843575 0.2785178578125 0.090843575 0.2785178578125 0.1112346375 0.2948169640625 0.1112346375 0.2948169640625 0.090843575
3 0.779258928125 0.730446928125 0.7614821421875 0.730446928125 0.7614821421875 0.7545474859375 0.779258928125 0.7545474859375 0.779258928125 0.730446928125
3 0.3911116078125 0.4189888265625 0.373334821875 0.4189888265625 0.373334821875 0.4412346375 0.3911116078125 0.4412346375 0.3911116078125 0.4189888265625
8 0.29185267812500004 0.1297765359375 0.2429642859375 0.1297765359375 0.2429642859375 0.17426815625 0.29185267812500004 0.17426815625 0.29185267812500004 0.1297765359375
8 0.2977767859375 0.2762346375 0.2785178578125 0.2762346375 0.2785178578125 0.30218994375 0.2977767859375 0.30218994375 0.2977767859375 0.2762346375
8 0.2 0.022245809375 0.186665178125 0.022245809375 0.186665178125 0.0370782125 0.2 0.0370782125 0.2 0.022245809375
3 0.2829642859375 0.41156983281250004 0.2459241078125 0.41156983281250004 0.2459241078125 0.46718994374999995 0.2829642859375 0.46718994374999995 0.2829642859375 0.41156983281250004
3 0.259258928125 0.0055642453125 0.2088883921875 0.0055642453125 0.2088883921875 0.0389329609375 0.259258928125 0.0389329609375 0.259258928125 0.0055642453125
3 0.2651830359375 0 0.2651830359375 0.022245809375 0.2888883921875 0.022245809375 0.2888883921875 0 0.2651830359375 0
3 0.27999999999999997 0.0760111734375 0.244446428125 0.0760111734375 0.244446428125 0.0982569828125 0.27999999999999997 0.0982569828125 0.27999999999999997 0.0760111734375
3 0.284446428125 0.30774860312499996 0.2622232140625 0.30774860312499996 0.2622232140625 0.3374134078125 0.284446428125 0.3374134078125 0.284446428125 0.30774860312499996
3 0.3037053578125 0.3374134078125 0.2814821421875 0.3374134078125 0.2814821421875 0.3652234640625 0.3037053578125 0.3652234640625 0.3037053578125 0.3374134078125
8 0.275553571875 0.090843575 0.2503705359375 0.090843575 0.2503705359375 0.12235754218749999 0.275553571875 0.12235754218749999 0.275553571875 0.090843575