5 0.386665178125 0.389324021875 0.3096294640625 0.389324021875 0.3096294640625 0.5135363125 0.386665178125 0.5135363125 0.386665178125 0.389324021875
7 0.9748169640625 0.6229162015624999 0.731852678125 0.6229162015624999 0.731852678125 0.997407821875 0.9748169640625 0.997407821875 0.9748169640625 0.6229162015624999
3 0.411852678125 0.4412346375 0.39259374999999996 0.4412346375 0.39259374999999996 0.4616256984375 0.411852678125 0.4616256984375 0.411852678125 0.4412346375
3 0.835553571875 0.7638156421875 0.8162946421875 0.7638156421875 0.8162946421875 0.7860614531250001 0.835553571875 0.7860614531250001 0.835553571875 0.7638156421875
3 0.5229642859375 0.0426424578125 0.499258928125 0.0426424578125 0.499258928125 0.0723016765625 0.5229642859375 0.0723016765625 0.5229642859375 0.0426424578125
3 0.699258928125 0.003709496875 0.6548169640625 0.003709496875 0.6548169640625 0.142754190625 0.699258928125 0.142754190625 0.699258928125 0.003709496875
3 0.668147321875 0.15573184375 0.6488883921874999 0.15573184375 0.6488883921874999 0.1761229046875 0.668147321875 0.1761229046875 0.668147321875 0.15573184375
3 0.8029642859375 0.1816815640625 0.7762946421875 0.1816815640625 0.7762946421875 0.21691061406249998 0.8029642859375 0.21691061406249998 0.8029642859375 0.1816815640625
3 0.813334821875 0.239156425 0.795553571875 0.239156425 0.795553571875 0.261402234375 0.813334821875 0.261402234375 0.813334821875 0.239156425
8 0.2651830359375 0.06488826875 0.253334821875 0.06488826875 0.253334821875 0.08156983281249999 0.2651830359375 0.08156983281249999 0.2651830359375 0.06488826875
8 0.2948169640625 0.08342458124999999 0.25777678593750003 0.08342458124999999 0.25777678593750003 0.1260670390625 0.2948169640625 0.1260670390625 0.2948169640625 0.08342458124999999
8 0.3140758921875 0.2817932953125 0.299258928125 0.2817932953125 0.299258928125 0.31145809999999996 0.3140758921875 0.31145809999999996 0.3140758921875 0.2817932953125
8 0.2948169640625 0.32629050312499996 0.2770357140625 0.32629050312499996 0.2770357140625 0.3485363125 0.2948169640625 0.3485363125 0.2948169640625 0.32629050312499996
8 0.306665178125 0.14089944062499998 0.2903705359375 0.14089944062499998 0.2903705359375 0.17426815625 0.306665178125 0.17426815625 0.306665178125 0.14089944062499998
8 0.2903705359375 0.15573184375 0.260741071875 0.15573184375 0.260741071875 0.1853910609375 0.2903705359375 0.1853910609375 0.2903705359375 0.15573184375
8 0.284446428125 0.1316256984375 0.2711116078125 0.1316256984375 0.2711116078125 0.15573184375 0.284446428125 0.15573184375 0.284446428125 0.1316256984375
8 0.2162946421875 0.0259553078125 0.195553571875 0.0259553078125 0.195553571875 0.04634636875 0.2162946421875 0.04634636875 0.2162946421875 0.0259553078125
8 0.275553571875 0.44679329531249995 0.2622232140625 0.44679329531249995 0.2622232140625 0.4690446921875 0.275553571875 0.4690446921875 0.275553571875 0.44679329531249995
8 0.293334821875 0.4375251390625 0.2814821421875 0.4375251390625 0.2814821421875 0.4579162015625 0.293334821875 0.4579162015625 0.293334821875 0.4375251390625
3 0.3288883921875 0.354100559375 0.308147321875 0.354100559375 0.308147321875 0.372636871875 0.3288883921875 0.372636871875 0.3288883921875 0.354100559375
3 0.293334821875 0.46718994374999995 0.2770357140625 0.46718994374999995 0.2770357140625 0.4894357546875 0.293334821875 0.4894357546875 0.293334821875 0.46718994374999995
3 0.32592410781250003 0.1297765359375 0.3037053578125 0.1297765359375 0.3037053578125 0.1594357546875 0.32592410781250003 0.1594357546875 0.32592410781250003 0.1297765359375
3 0.2770357140625 0.00926815625 0.2222232140625 0.00926815625 0.2222232140625 0.040787709374999995 0.2770357140625 0.040787709374999995 0.2770357140625 0.00926815625
3 0.2785178578125 0 0.2785178578125 0.0296648046875 0.300741071875 0.0296648046875 0.300741071875 0 0.2785178578125 0