5 0.67259375 0.48387150781250005 0.5703705359375 0.48387150781250005 0.5703705359375 0.6266256984374999 0.67259375 0.6266256984374999 0.67259375 0.48387150781250005
7 0.1911116078125 0.1501675984375 0.0014821421875 0.1501675984375 0.0014821421875 0.9714525140625 0.1911116078125 0.9714525140625 0.1911116078125 0.1501675984375
3 0.07851785781250001 0.261402234375 0.04 0.261402234375 0.04 0.3485363125 0.07851785781250001 0.3485363125 0.07851785781250001 0.261402234375
3 0.2088883921875 0.0982569828125 0.1659241078125 0.0982569828125 0.1659241078125 0.16499999999999998 0.2088883921875 0.16499999999999998 0.2088883921875 0.0982569828125
3 0.244446428125 0.0166871515625 0.2014821421875 0.0166871515625 0.2014821421875 0.10011173124999999 0.244446428125 0.10011173124999999 0.244446428125 0.0166871515625
3 0.2711116078125 0.142754190625 0.2029642859375 0.142754190625 0.2029642859375 0.2725251390625 0.2711116078125 0.2725251390625 0.2711116078125 0.142754190625
3 0.3970357140625 0.10196647968749999 0.379258928125 0.10196647968749999 0.379258928125 0.12421229062500001 0.3970357140625 0.12421229062500001 0.3970357140625 0.10196647968749999
3 0.37037053593749997 0.16314525156249998 0.35259375 0.16314525156249998 0.35259375 0.1798324015625 0.37037053593749997 0.1798324015625 0.37037053593749997 0.16314525156249998
3 0.7111116078124999 0.5487597765625 0.6829642859375 0.5487597765625 0.6829642859375 0.5673016765625001 0.7111116078124999 0.5673016765625001 0.7111116078124999 0.5487597765625
3 0.7037053578125 0.5728603359375 0.6829642859375 0.5728603359375 0.6829642859375 0.5914022343750001 0.7037053578125 0.5914022343750001 0.7037053578125 0.5728603359375
3 0.284446428125 0.3874692734375 0.2711116078125 0.3874692734375 0.2711116078125 0.4023016765625 0.284446428125 0.4023016765625 0.284446428125 0.3874692734375
3 0.2888883921875 0.30960335156249996 0.266665178125 0.30960335156249996 0.266665178125 0.3318491625 0.2888883921875 0.3318491625 0.2888883921875 0.30960335156249996
3 0.42962946406249997 0.224324021875 0.411852678125 0.224324021875 0.411852678125 0.24471508437499997 0.42962946406249997 0.24471508437499997 0.42962946406249997 0.224324021875
3 0.32740625 0.16499999999999998 0.3140758921875 0.16499999999999998 0.3140758921875 0.187245809375 0.32740625 0.187245809375 0.32740625 0.16499999999999998
3 0.8637053578125 0.070446928125 0.835553571875 0.070446928125 0.835553571875 0.0982569828125 0.8637053578125 0.0982569828125 0.8637053578125 0.070446928125
3 0.9288883921875 0.12050279374999999 0.9051830359374999 0.12050279374999999 0.9051830359374999 0.152022346875 0.9288883921875 0.152022346875 0.9288883921875 0.12050279374999999
3 0.6296294640625 0.16499999999999998 0.6088883921875 0.16499999999999998 0.6088883921875 0.19281005625 0.6296294640625 0.19281005625 0.6296294640625 0.16499999999999998
3 0.6903705359375001 0.0296648046875 0.668147321875 0.0296648046875 0.668147321875 0.059324021875 0.6903705359375001 0.059324021875 0.6903705359375001 0.0296648046875
3 0.2814821421875 0.5543240218750001 0.260741071875 0.5543240218750001 0.260741071875 0.5821284921875 0.2814821421875 0.5821284921875 0.2814821421875 0.5543240218750001
8 0.628147321875 0.342977653125 0.613334821875 0.342977653125 0.613334821875 0.35780446875 0.628147321875 0.35780446875 0.628147321875 0.342977653125
8 0.6385178578125 0.090843575 0.60740625 0.090843575 0.60740625 0.1279217875 0.6385178578125 0.1279217875 0.6385178578125 0.090843575
8 0.6548169640625 0.10011173124999999 0.6429642859375 0.10011173124999999 0.6429642859375 0.12235754218749999 0.6548169640625 0.12235754218749999 0.6548169640625 0.10011173124999999
8 0.60740625 0.1112346375 0.59259375 0.1112346375 0.59259375 0.1316256984375 0.60740625 0.1316256984375 0.60740625 0.1112346375
8 0.6088883921875 0.17426815625 0.59259375 0.17426815625 0.59259375 0.19281005625 0.6088883921875 0.19281005625 0.6088883921875 0.17426815625
8 0.6 0.198368715625 0.588147321875 0.198368715625 0.588147321875 0.21505586562499998 0.6 0.21505586562499998 0.6 0.198368715625
8 0.6222232140624999 0.42269273749999997 0.588147321875 0.42269273749999997 0.588147321875 0.46718994374999995 0.6222232140624999 0.46718994374999995 0.6222232140624999 0.42269273749999997
8 0.5851830359375 0.44679329531249995 0.56740625 0.44679329531249995 0.56740625 0.4616256984375 0.5851830359375 0.4616256984375 0.5851830359375 0.44679329531249995
8 0.555553571875 0.6358938546874999 0.540741071875 0.6358938546874999 0.540741071875 0.65072625625 0.555553571875 0.65072625625 0.555553571875 0.6358938546874999
8 0.7851830359374999 0.5394916203125 0.76740625 0.5394916203125 0.76740625 0.55988268125 0.7851830359374999 0.55988268125 0.7851830359374999 0.5394916203125
8 0.7525937500000001 0.6136480453125001 0.7170357140625 0.6136480453125001 0.7170357140625 0.665558659375 0.7525937500000001 0.665558659375 0.7525937500000001 0.6136480453125001
8 0.780741071875 0.6618491625 0.7081473218750001 0.6618491625 0.7081473218750001 0.739715084375 0.780741071875 0.739715084375 0.780741071875 0.6618491625
8 0.7970357140625 0.609938546875 0.7703705359375 0.609938546875 0.7703705359375 0.6785363125 0.7970357140625 0.6785363125 0.7970357140625 0.609938546875
8 0.8162946421875 0.6766815640625 0.8 0.6766815640625 0.8 0.6952178765625 0.8162946421875 0.6952178765625 0.8162946421875 0.6766815640625
8 0.80740625 0.697072625 0.7911116078125 0.697072625 0.7911116078125 0.728592178125 0.80740625 0.728592178125 0.80740625 0.697072625
8 0.6548169640625 0.697072625 0.5970357140625 0.697072625 0.5970357140625 0.7786480453125 0.6548169640625 0.7786480453125 0.6548169640625 0.697072625
8 0.7377767859375 0.7730837984375001 0.619258928125 0.7730837984375001 0.619258928125 0.8435363125 0.7377767859375 0.8435363125 0.7377767859375 0.7730837984375001
8 0.7896294640625 0.7545474859375 0.7422232140625 0.7545474859375 0.7422232140625 0.8138715078125 0.7896294640625 0.8138715078125 0.7896294640625 0.7545474859375
8 0.7303705359375 0.417134078125 0.7170357140625 0.417134078125 0.7170357140625 0.43196089375 0.7303705359375 0.43196089375 0.7303705359375 0.417134078125
8 0.9259241078124999 0.1316256984375 0.9155535718750001 0.1316256984375 0.9155535718750001 0.142754190625 0.9259241078124999 0.142754190625 0.9259241078124999 0.1316256984375
8 0.684446428125 0.0352234640625 0.6740758921875 0.0352234640625 0.6740758921875 0.051910614062500006 0.684446428125 0.051910614062500006 0.684446428125 0.0352234640625
8 0.539258928125 0.62477095 0.5274062500000001 0.62477095 0.5274062500000001 0.6396033515624999 0.539258928125 0.6396033515624999 0.539258928125 0.62477095
8 0.6488883921874999 0.9195474859375 0.6385178578125 0.9195474859375 0.6385178578125 0.9269608937499999 0.6488883921874999 0.9269608937499999 0.6488883921874999 0.9195474859375