5 0.4696294640625 0.252134078125 0.340741071875 0.252134078125 0.340741071875 0.42083798906250003 0.4696294640625 0.42083798906250003 0.4696294640625 0.252134078125
3 0.3437053578125 0.9566256984375 0.324446428125 0.9566256984375 0.324446428125 0.9770167593749999 0.3437053578125 0.9770167593749999 0.3437053578125 0.9566256984375
8 0.2977767859375 0.2929217875 0.268147321875 0.2929217875 0.268147321875 0.3411229046875 0.2977767859375 0.3411229046875 0.2977767859375 0.2929217875
8 0.371852678125 0.21876536249999998 0.3496294640625 0.21876536249999998 0.3496294640625 0.2502793296875 0.371852678125 0.2502793296875 0.371852678125 0.21876536249999998
8 0.40740625 0.198368715625 0.38222321406250004 0.198368715625 0.38222321406250004 0.21876536249999998 0.40740625 0.21876536249999998 0.40740625 0.198368715625
8 0.39259374999999996 0.0556201125 0.37037053593749997 0.0556201125 0.37037053593749997 0.08156983281249999 0.39259374999999996 0.08156983281249999 0.39259374999999996 0.0556201125
8 0.315553571875 0.15573184375 0.2903705359375 0.15573184375 0.2903705359375 0.177977653125 0.315553571875 0.177977653125 0.315553571875 0.15573184375
8 0.3288883921875 0.177977653125 0.315553571875 0.177977653125 0.315553571875 0.187245809375 0.3288883921875 0.187245809375 0.3288883921875 0.177977653125
8 0.299258928125 0.21876536249999998 0.2829642859375 0.21876536249999998 0.2829642859375 0.23359217812500002 0.299258928125 0.23359217812500002 0.299258928125 0.21876536249999998
8 0.32 0.30960335156249996 0.30222321406249997 0.30960335156249996 0.30222321406249997 0.3318491625 0.32 0.3318491625 0.32 0.30960335156249996
8 0.5111116078125 0.30960335156249996 0.4888883921875 0.30960335156249996 0.4888883921875 0.32258100624999997 0.5111116078125 0.32258100624999997 0.5111116078125 0.30960335156249996
8 0.508147321875 0.3318491625 0.48444642812499994 0.3318491625 0.48444642812499994 0.352245809375 0.508147321875 0.352245809375 0.508147321875 0.3318491625
8 0.6562946421875 0.381905028125 0.6370357140625 0.381905028125 0.6370357140625 0.40415642500000004 0.6562946421875 0.40415642500000004 0.6562946421875 0.381905028125
8 0.7051830359375 0.42083798906250003 0.668147321875 0.42083798906250003 0.668147321875 0.50426815625 0.7051830359375 0.50426815625 0.7051830359375 0.42083798906250003
8 0.700741071875 0.5302234640625 0.6429642859375 0.5302234640625 0.6429642859375 0.609938546875 0.700741071875 0.609938546875 0.700741071875 0.5302234640625
8 0.6044464281249999 0.532072625 0.579258928125 0.532072625 0.579258928125 0.55988268125 0.6044464281249999 0.55988268125 0.6044464281249999 0.532072625
8 0.5896294640625 0.569156425 0.5748169640625 0.569156425 0.5748169640625 0.5858379890625 0.5896294640625 0.5858379890625 0.5896294640625 0.569156425
8 0.6177767859375 0.59696089375 0.5837053578125 0.59696089375 0.5837053578125 0.6396033515624999 0.6177767859375 0.6396033515624999 0.6177767859375 0.59696089375
8 0.6503705359375 0.6321843578124999 0.6177767859375 0.6321843578124999 0.6177767859375 0.65072625625 0.6503705359375 0.65072625625 0.6503705359375 0.6321843578124999
8 0.626665178125 0.6488715078125 0.5970357140625 0.6488715078125 0.5970357140625 0.684094971875 0.626665178125 0.684094971875 0.626665178125 0.6488715078125
8 0.6311116078125 0.693368715625 0.6029642859375001 0.693368715625 0.6029642859375001 0.715614525 0.6311116078125 0.715614525 0.6311116078125 0.693368715625
8 0.6414821421875 0.4412346375 0.6237053578125 0.4412346375 0.6237053578125 0.46718994374999995 0.6414821421875 0.46718994374999995 0.6414821421875 0.4412346375
8 0.6562946421875 0.4690446921875 0.6088883921875 0.4690446921875 0.6088883921875 0.5153910609375 0.6562946421875 0.5153910609375 0.6562946421875 0.4690446921875
8 0.531852678125 0.6192122906249999 0.5111116078125 0.6192122906249999 0.5111116078125 0.6525810062499999 0.531852678125 0.6525810062499999 0.531852678125 0.6192122906249999