7 0.2859241078125 0.6136480453125001 0.0088883921875 0.6136480453125001 0.0088883921875 0.9992625703125 0.2859241078125 0.9992625703125 0.2859241078125 0.6136480453125001
6 0.40740625 0.5394916203125 0.0029642859375 0.5394916203125 0.0029642859375 0.997407821875 0.40740625 0.997407821875 0.40740625 0.5394916203125
8 0.691852678125 0.09640223437499999 0.6666651781249999 0.09640223437499999 0.6666651781249999 0.1260670390625 0.691852678125 0.1260670390625 0.691852678125 0.09640223437499999
8 0.22370535781249998 0.39488268125000003 0.186665178125 0.39488268125000003 0.186665178125 0.45050279375 0.22370535781249998 0.45050279375 0.22370535781249998 0.39488268125000003
8 0.060741071875 0.1965139671875 0.0177767859375 0.1965139671875 0.0177767859375 0.242865921875 0.060741071875 0.242865921875 0.060741071875 0.1965139671875
8 0.2622232140625 0.5061229046875 0.24 0.5061229046875 0.24 0.574715084375 0.2622232140625 0.574715084375 0.2622232140625 0.5061229046875
8 0.33333482187499996 0.49684916250000005 0.299258928125 0.49684916250000005 0.299258928125 0.5246592171875 0.33333482187499996 0.5246592171875 0.33333482187499996 0.49684916250000005
8 0.259258928125 0.5858379890625 0.2385178578125 0.5858379890625 0.2385178578125 0.6136480453125001 0.259258928125 0.6136480453125001 0.259258928125 0.5858379890625
8 0.2222232140625 0.6025251390624999 0.2014821421875 0.6025251390624999 0.2014821421875 0.6266256984374999 0.2222232140625 0.6266256984374999 0.2222232140625 0.6025251390624999
8 0.20444642812499997 0.5116815640625 0.180741071875 0.5116815640625 0.180741071875 0.5506145250000001 0.20444642812499997 0.5506145250000001 0.20444642812499997 0.5116815640625
8 0.46666517812499997 0.1594357546875 0.451852678125 0.1594357546875 0.451852678125 0.177977653125 0.46666517812499997 0.177977653125 0.46666517812499997 0.1594357546875
8 0.4488883921875 0.168709496875 0.4251830359375 0.168709496875 0.4251830359375 0.1909553078125 0.4488883921875 0.1909553078125 0.4488883921875 0.168709496875
8 0.3748169640625 0.0185419 0.35259375 0.0185419 0.35259375 0.048201117187499996 0.3748169640625 0.048201117187499996 0.3748169640625 0.0185419
8 0.373334821875 0.050055865624999994 0.348147321875 0.050055865624999994 0.348147321875 0.074156425 0.373334821875 0.074156425 0.373334821875 0.050055865624999994
8 0.28740625 0.0018547484375 0.2622232140625 0.0018547484375 0.2622232140625 0.0203910609375 0.28740625 0.0203910609375 0.28740625 0.0018547484375
8 0.28740625 0.033368715625 0.26370535781250004 0.033368715625 0.26370535781250004 0.051910614062500006 0.28740625 0.051910614062500006 0.28740625 0.033368715625
8 0.31851785781249997 0.051910614062500006 0.29185267812500004 0.051910614062500006 0.29185267812500004 0.077865921875 0.31851785781249997 0.077865921875 0.31851785781249997 0.051910614062500006
8 0.33333482187499996 0.0852793296875 0.2948169640625 0.0852793296875 0.2948169640625 0.11865363124999999 0.33333482187499996 0.11865363124999999 0.33333482187499996 0.0852793296875
8 0.3422232140625 0.12050279374999999 0.3096294640625 0.12050279374999999 0.3096294640625 0.14645809999999998 0.3422232140625 0.14645809999999998 0.3422232140625 0.12050279374999999
8 0.38518303593750003 0.133480446875 0.3540758921875 0.133480446875 0.3540758921875 0.15573184375 0.38518303593750003 0.15573184375 0.38518303593750003 0.133480446875
8 0.0622232140625 0.48572625625 0.0237053578125 0.48572625625 0.0237053578125 0.5116815640625 0.0622232140625 0.5116815640625 0.0622232140625 0.48572625625
8 0 0.57842458125 0.04 0.57842458125 0.04 0.54134636875 0 0.54134636875 0 0.57842458125
8 0.0888883921875 0.5302234640625 0.051852678124999996 0.5302234640625 0.051852678124999996 0.5561787703125 0.0888883921875 0.5561787703125 0.0888883921875 0.5302234640625
8 0.035553571875 0.6785363125 0.0088883921875 0.6785363125 0.0088883921875 0.6952178765625 0.035553571875 0.6952178765625 0.035553571875 0.6785363125
4 0.9970357140624999 0.9529162015624999 0.9762946421875001 0.9529162015624999 0.9762946421875001 0.98072625625 0.9970357140624999 0.98072625625 0.9970357140624999 0.9529162015624999
8 0.8562946421875001 0.4023016765625 0.8429642859375001 0.4023016765625 0.8429642859375001 0.41527932968750003 0.8562946421875001 0.41527932968750003 0.8562946421875001 0.4023016765625
8 0.64 0.8917374296875 0.6296294640625 0.8917374296875 0.6296294640625 0.9158379890624999 0.64 0.9158379890624999 0.64 0.8917374296875
8 0.37037053593749997 0.795329609375 0.36148214218749997 0.795329609375 0.36148214218749997 0.8083072625 0.37037053593749997 0.8083072625 0.37037053593749997 0.795329609375
8 0.3629642859375 0.8064581000000001 0.3540758921875 0.8064581000000001 0.3540758921875 0.8194357546875001 0.3629642859375 0.8194357546875001 0.3629642859375 0.8064581000000001
3 0.491852678125 0.21691061406249998 0.459258928125 0.21691061406249998 0.459258928125 0.24842458125000003 0.491852678125 0.24842458125000003 0.491852678125 0.21691061406249998
5 0.9955535718749999 0.003709496875 0.780741071875 0.003709496875 0.780741071875 0.9937039109375 0.9955535718749999 0.9937039109375 0.9955535718749999 0.003709496875
2 0.4148169640625 0.0889888265625 0.0029642859375 0.0889888265625 0.0029642859375 0.6766815640625 0.4148169640625 0.6766815640625 0.4148169640625 0.0889888265625