7 0 0.9510614531250001 0.2429642859375 0.9510614531250001 0.2429642859375 0.12421229062500001 0 0.12421229062500001 0 0.9510614531250001
4 0.9955535718749999 0.9529162015624999 0.9762946421875001 0.9529162015624999 0.9762946421875001 0.98072625625 0.9955535718749999 0.98072625625 0.9955535718749999 0.9529162015624999
3 0.660741071875 0.81758100625 0.6162946421875 0.81758100625 0.6162946421875 0.8694916203125 0.660741071875 0.8694916203125 0.660741071875 0.81758100625
3 0.2029642859375 0 0.2029642859375 0.0259553078125 0.2711116078125 0.0259553078125 0.2711116078125 0 0.2029642859375 0
3 0.31259375 0.022245809375 0.2503705359375 0.022245809375 0.2503705359375 0.074156425 0.31259375 0.074156425 0.31259375 0.022245809375
3 0.355553571875 0.04634636875 0.275553571875 0.04634636875 0.275553571875 0.1297765359375 0.355553571875 0.1297765359375 0.355553571875 0.04634636875
3 0.435553571875 0.795329609375 0.386665178125 0.795329609375 0.386665178125 0.867636871875 0.435553571875 0.867636871875 0.435553571875 0.795329609375
8 0.299258928125 0.728592178125 0.266665178125 0.728592178125 0.266665178125 0.7638156421875 0.299258928125 0.7638156421875 0.299258928125 0.728592178125
8 0.42962946406249997 0.8453854749999999 0.4177767859375 0.8453854749999999 0.4177767859375 0.8602178765625 0.42962946406249997 0.8602178765625 0.42962946406249997 0.8453854749999999
8 0.1140758921875 0.2224692734375 0.0903705359375 0.2224692734375 0.0903705359375 0.242865921875 0.1140758921875 0.242865921875 0.1140758921875 0.2224692734375
8 0.3422232140625 0.07972067031249999 0.31111160781249997 0.07972067031249999 0.31111160781249997 0.1279217875 0.3422232140625 0.1279217875 0.3422232140625 0.07972067031249999
8 0.3748169640625 0.0723016765625 0.36148214218749997 0.0723016765625 0.36148214218749997 0.0926983234375 0.3748169640625 0.0926983234375 0.3748169640625 0.0723016765625
8 0.6622232140625 0.090843575 0.6385178578125 0.090843575 0.6385178578125 0.12421229062500001 0.6622232140625 0.12421229062500001 0.6622232140625 0.090843575
8 0.5540758921875 0.0074134078125 0.5362946421875 0.0074134078125 0.5362946421875 0.022245809375 0.5540758921875 0.022245809375 0.5540758921875 0.0074134078125
8 0.5614821421875 0.0611787703125 0.5481473218749999 0.0611787703125 0.5481473218749999 0.077865921875 0.5614821421875 0.077865921875 0.5614821421875 0.0611787703125
8 0.9051830359374999 0.0166871515625 0.8711116078125001 0.0166871515625 0.8711116078125001 0.068597765625 0.9051830359374999 0.068597765625 0.9051830359374999 0.0166871515625
8 0.924446428125 0.0926983234375 0.9140758921875 0.0926983234375 0.9140758921875 0.10752513906250001 0.924446428125 0.10752513906250001 0.924446428125 0.0926983234375
8 0.6977767859374999 0.298480446875 0.6799999999999999 0.298480446875 0.6799999999999999 0.32814525156249996 0.6977767859374999 0.32814525156249996 0.6977767859374999 0.298480446875
8 0.293334821875 0.0352234640625 0.2785178578125 0.0352234640625 0.2785178578125 0.048201117187499996 0.293334821875 0.048201117187499996 0.293334821875 0.0352234640625
8 0.268147321875 0.022245809375 0.259258928125 0.022245809375 0.259258928125 0.0352234640625 0.268147321875 0.0352234640625 0.268147321875 0.022245809375
8 0.1970357140625 0.033368715625 0.1837053578125 0.033368715625 0.1837053578125 0.048201117187499996 0.1970357140625 0.048201117187499996 0.1970357140625 0.033368715625
8 0.2251830359375 0.0018547484375 0.211852678125 0.0018547484375 0.211852678125 0.00926815625 0.2251830359375 0.00926815625 0.2251830359375 0.0018547484375
8 0.6533348218749999 0.8287039109375 0.626665178125 0.8287039109375 0.626665178125 0.8509497203124999 0.6533348218749999 0.8509497203124999 0.6533348218749999 0.8287039109375
8 0.2385178578125 0.6637039109375 0.2148169640625 0.6637039109375 0.2148169640625 0.693368715625 0.2385178578125 0.693368715625 0.2385178578125 0.6637039109375
8 0.12740625 0.4375251390625 0.0948169640625 0.4375251390625 0.0948169640625 0.472748603125 0.12740625 0.472748603125 0.12740625 0.4375251390625
3 0.4696294640625 0.2261787703125 0.4414821421875 0.2261787703125 0.4414821421875 0.252134078125 0.4696294640625 0.252134078125 0.4696294640625 0.2261787703125
3 0.3540758921875 0.133480446875 0.324446428125 0.133480446875 0.324446428125 0.16129050312499998 0.3540758921875 0.16129050312499998 0.3540758921875 0.133480446875
8 0.675553571875 0.21134636874999999 0.6651830359375001 0.21134636874999999 0.6651830359375001 0.2280335203125 0.675553571875 0.2280335203125 0.675553571875 0.21134636874999999
8 0.699258928125 0.198368715625 0.6859241078125 0.198368715625 0.6859241078125 0.21505586562499998 0.699258928125 0.21505586562499998 0.699258928125 0.198368715625
5 0.9970357140624999 0.15758100625 0.9511116078124999 0.15758100625 0.9511116078124999 0.930670390625 0.9970357140624999 0.930670390625 0.9970357140624999 0.15758100625
8 0.10814732187500001 0.839826815625 0.0859241078125 0.839826815625 0.0859241078125 0.8657821234374999 0.10814732187500001 0.8657821234374999 0.10814732187500001 0.839826815625
8 0.140741071875 0.8769050281249999 0.0962946421875 0.8769050281249999 0.0962946421875 0.9288156421875 0.140741071875 0.9288156421875 0.140741071875 0.8769050281249999
8 0.180741071875 0.9584748609375 0.15555357187500002 0.9584748609375 0.15555357187500002 0.9881396640625001 0.180741071875 0.9881396640625001 0.180741071875 0.9584748609375