5 0.4459241078125 0.2743798875 0.364446428125 0.2743798875 0.364446428125 0.3911787703125 0.4459241078125 0.3911787703125 0.4459241078125 0.2743798875
7 0 0.997407821875 0.27259375 0.997407821875 0.27259375 0.537636871875 0 0.537636871875 0 0.997407821875
7 0.828147321875 0.76196089375 0.2740758921875 0.76196089375 0.2740758921875 0.997407821875 0.828147321875 0.997407821875 0.828147321875 0.76196089375
3 0.46814732187499997 0.32072625625 0.4459241078125 0.32072625625 0.4459241078125 0.354100559375 0.46814732187499997 0.354100559375 0.46814732187499997 0.32072625625
3 0.546665178125 0.4486480453125 0.52 0.4486480453125 0.52 0.482016759375 0.546665178125 0.482016759375 0.546665178125 0.4486480453125
8 0.371852678125 0.177977653125 0.3585178578125 0.177977653125 0.3585178578125 0.198368715625 0.371852678125 0.198368715625 0.371852678125 0.177977653125
8 0.3688883921875 0.0611787703125 0.35259375 0.0611787703125 0.35259375 0.0852793296875 0.3688883921875 0.0852793296875 0.3688883921875 0.0611787703125
8 0.348147321875 0.070446928125 0.32592410781250003 0.070446928125 0.32592410781250003 0.0926983234375 0.348147321875 0.0926983234375 0.348147321875 0.070446928125
8 0.3348169640625 0.012977653124999999 0.3214821421875 0.012977653124999999 0.3214821421875 0.02781005625 0.3348169640625 0.02781005625 0.3348169640625 0.012977653124999999
8 0.3585178578125 0.0055642453125 0.340741071875 0.0055642453125 0.340741071875 0.022245809375 0.3585178578125 0.022245809375 0.3585178578125 0.0055642453125
8 0.36 0.024100559375 0.33925892812499997 0.024100559375 0.33925892812499997 0.040787709374999995 0.36 0.040787709374999995 0.36 0.024100559375
8 0.5348169640625 0.4523575421875 0.5229642859375 0.4523575421875 0.5229642859375 0.4708938546875 0.5348169640625 0.4708938546875 0.5348169640625 0.4523575421875
8 0.3511116078125 0.32258100624999997 0.32740625 0.32258100624999997 0.32740625 0.3503910609375 0.3511116078125 0.3503910609375 0.3511116078125 0.32258100624999997
3 0.8429642859375001 0.1538770953125 0.8118526781250001 0.1538770953125 0.8118526781250001 0.177977653125 0.8429642859375001 0.177977653125 0.8429642859375001 0.1538770953125
3 0.8237053578125 0.11494413437499999 0.8014821421875 0.11494413437499999 0.8014821421875 0.14089944062499998 0.8237053578125 0.14089944062499998 0.8237053578125 0.11494413437499999
3 0.715553571875 0.074156425 0.693334821875 0.074156425 0.693334821875 0.10196647968749999 0.715553571875 0.10196647968749999 0.715553571875 0.074156425