5 0.699258928125 0.3559553078125 0.580741071875 0.3559553078125 0.580741071875 0.509826815625 0.699258928125 0.509826815625 0.699258928125 0.3559553078125
7 0 0.9992625703125 0.21333482187500002 0.9992625703125 0.21333482187500002 0.09640223437499999 0 0.09640223437499999 0 0.9992625703125
7 0.40296428593750006 0.6451620109375 0.2162946421875 0.6451620109375 0.2162946421875 0.9992625703125 0.40296428593750006 0.9992625703125 0.40296428593750006 0.6451620109375
3 0.644446428125 0.880614525 0.6237053578125 0.880614525 0.6237053578125 0.904715084375 0.644446428125 0.904715084375 0.644446428125 0.880614525
3 0.18518303593750002 0.279944134375 0.1614821421875 0.279944134375 0.1614821421875 0.305899440625 0.18518303593750002 0.305899440625 0.18518303593750002 0.279944134375
3 0.2711116078125 0.031513967187500005 0.251852678125 0.031513967187500005 0.251852678125 0.0556201125 0.2711116078125 0.0556201125 0.2711116078125 0.031513967187500005
3 0.444446428125 0.022245809375 0.42666517812500004 0.022245809375 0.42666517812500004 0.04634636875 0.444446428125 0.04634636875 0.444446428125 0.022245809375
3 0.908147321875 0.11494413437499999 0.8903705359374999 0.11494413437499999 0.8903705359374999 0.1353351953125 0.908147321875 0.1353351953125 0.908147321875 0.11494413437499999
3 0.626665178125 0.024100559375 0.6059241078125 0.024100559375 0.6059241078125 0.050055865624999994 0.626665178125 0.050055865624999994 0.626665178125 0.024100559375
3 0.6562946421875 0.040787709374999995 0.6296294640625 0.040787709374999995 0.6296294640625 0.0611787703125 0.6562946421875 0.0611787703125 0.6562946421875 0.040787709374999995
3 0.733334821875 0.42640223437499997 0.7096294640624999 0.42640223437499997 0.7096294640624999 0.4486480453125 0.733334821875 0.4486480453125 0.733334821875 0.42640223437499997
3 0.8148169640624999 0.5246592171875 0.7970357140625 0.5246592171875 0.7970357140625 0.5450502796875 0.8148169640624999 0.5450502796875 0.8148169640624999 0.5246592171875
8 0.6740758921875 0.177977653125 0.6548169640625 0.177977653125 0.6548169640625 0.20022346406249997 0.6740758921875 0.20022346406249997 0.6740758921875 0.177977653125
8 0.71259375 0.168709496875 0.6829642859375 0.168709496875 0.6829642859375 0.198368715625 0.71259375 0.198368715625 0.71259375 0.168709496875
8 0.733334821875 0.17426815625 0.7170357140625 0.17426815625 0.7170357140625 0.198368715625 0.733334821875 0.198368715625 0.733334821875 0.17426815625
8 0.6577767859375 0.2762346375 0.6370357140625 0.2762346375 0.6370357140625 0.32072625625 0.6577767859375 0.32072625625 0.6577767859375 0.2762346375
8 0.746665178125 0.30218994375 0.724446428125 0.30218994375 0.724446428125 0.3318491625 0.746665178125 0.3318491625 0.746665178125 0.30218994375
8 0.7644464281250001 0.2910670390625 0.7511116078125 0.2910670390625 0.7511116078125 0.31145809999999996 0.7644464281250001 0.31145809999999996 0.7644464281250001 0.2910670390625
8 0.733334821875 0.033368715625 0.6637053578125001 0.033368715625 0.6637053578125001 0.050055865624999994 0.733334821875 0.050055865624999994 0.733334821875 0.033368715625
8 0.8207410718749999 0.4393798875 0.7940758921875 0.4393798875 0.7940758921875 0.472748603125 0.8207410718749999 0.472748603125 0.8207410718749999 0.4393798875
8 0.8711116078125001 0.4375251390625 0.835553571875 0.4375251390625 0.835553571875 0.46718994374999995 0.8711116078125001 0.46718994374999995 0.8711116078125001 0.4375251390625
8 0.8577767859375 0.472748603125 0.8444464281249999 0.472748603125 0.8444464281249999 0.49684916250000005 0.8577767859375 0.49684916250000005 0.8577767859375 0.472748603125
8 0.8370357140625 0.4708938546875 0.8251830359375001 0.4708938546875 0.8251830359375001 0.491290503125 0.8370357140625 0.491290503125 0.8370357140625 0.4708938546875
8 0.7688883921875 0.5265139671875 0.7422232140625 0.5265139671875 0.7422232140625 0.5580279328125 0.7688883921875 0.5580279328125 0.7688883921875 0.5265139671875
8 0.8340758921875 0.500558659375 0.80740625 0.500558659375 0.80740625 0.569156425 0.8340758921875 0.569156425 0.8340758921875 0.500558659375
8 0.80740625 0.5469050281250001 0.779258928125 0.5469050281250001 0.779258928125 0.5765698328125 0.80740625 0.5765698328125 0.80740625 0.5469050281250001
8 0.8711116078125001 0.5914022343750001 0.8562946421875001 0.5914022343750001 0.8562946421875001 0.6173575421875 0.8711116078125001 0.6173575421875 0.8711116078125001 0.5914022343750001
8 0.868147321875 0.628480446875 0.828147321875 0.628480446875 0.828147321875 0.6952178765625 0.868147321875 0.6952178765625 0.868147321875 0.628480446875
8 0.8237053578125 0.711905028125 0.8059241078125 0.711905028125 0.8059241078125 0.748983240625 0.8237053578125 0.748983240625 0.8237053578125 0.711905028125
8 0.7540758921874999 0.6192122906249999 0.7407410718749999 0.6192122906249999 0.7407410718749999 0.6488715078125 0.7540758921874999 0.6488715078125 0.7540758921874999 0.6192122906249999
8 0.7911116078125 0.6173575421875 0.780741071875 0.6173575421875 0.780741071875 0.63403910625 0.7911116078125 0.63403910625 0.7911116078125 0.6173575421875
8 0.7703705359375 0.6544357546875 0.7570357140625 0.6544357546875 0.7570357140625 0.665558659375 0.7703705359375 0.665558659375 0.7703705359375 0.6544357546875
8 0.7525937500000001 0.6618491625 0.7362946421875 0.6618491625 0.7362946421875 0.6766815640625 0.7525937500000001 0.6766815640625 0.7525937500000001 0.6618491625
8 0.7037053578125 0.6488715078125 0.6740758921875 0.6488715078125 0.6740758921875 0.6785363125 0.7037053578125 0.6785363125 0.7037053578125 0.6488715078125
8 0.6385178578125 0.6488715078125 0.6059241078125 0.6488715078125 0.6059241078125 0.698927375 0.6385178578125 0.698927375 0.6385178578125 0.6488715078125
8 0.6533348218749999 0.6952178765625 0.611852678125 0.6952178765625 0.611852678125 0.739715084375 0.6533348218749999 0.739715084375 0.6533348218749999 0.6952178765625
8 0.7037053578125 0.711905028125 0.6533348218749999 0.711905028125 0.6533348218749999 0.765670390625 0.7037053578125 0.765670390625 0.7037053578125 0.711905028125
8 0.795553571875 0.739715084375 0.684446428125 0.739715084375 0.684446428125 0.7860614531250001 0.795553571875 0.7860614531250001 0.795553571875 0.739715084375
8 0.628147321875 0.6173575421875 0.613334821875 0.6173575421875 0.613334821875 0.63403910625 0.628147321875 0.63403910625 0.628147321875 0.6173575421875
8 0.6059241078125 0.32072625625 0.571852678125 0.32072625625 0.571852678125 0.352245809375 0.6059241078125 0.352245809375 0.6059241078125 0.32072625625
3 0.9170357140625001 0.068597765625 0.8903705359374999 0.068597765625 0.8903705359374999 0.090843575 0.9170357140625001 0.090843575 0.9170357140625001 0.068597765625
3 0.9111116078125001 0.090843575 0.893334821875 0.090843575 0.893334821875 0.12235754218749999 0.9111116078125001 0.12235754218749999 0.9111116078125001 0.090843575
3 0.7407410718749999 0.7378603359375 0.7214821421875001 0.7378603359375 0.7214821421875001 0.76196089375 0.7407410718749999 0.76196089375 0.7407410718749999 0.7378603359375
3 0.9851830359375 0.8008938546875 0.9688883921875 0.8008938546875 0.9688883921875 0.8231396640625 0.9851830359375 0.8231396640625 0.9851830359375 0.8008938546875
3 0.7022232140625 0.5876927375000001 0.6829642859375 0.5876927375000001 0.6829642859375 0.6136480453125001 0.7022232140625 0.6136480453125001 0.7022232140625 0.5876927375000001
3 0.5940758921875 0.8046033515625 0.5748169640625 0.8046033515625 0.5748169640625 0.8305586593750001 0.5940758921875 0.8305586593750001 0.5940758921875 0.8046033515625