6 0.4059241078125 0.5265139671875 0.0029642859375 0.5265139671875 0.0029642859375 0.9992625703125 0.4059241078125 0.9992625703125 0.4059241078125 0.5265139671875
8 0.6888883921875 0.077865921875 0.660741071875 0.077865921875 0.660741071875 0.11679888281249999 0.6888883921875 0.11679888281249999 0.6888883921875 0.077865921875
8 0.3688883921875 0.012977653124999999 0.2251830359375 0.012977653124999999 0.2251830359375 0.068597765625 0.3688883921875 0.068597765625 0.3688883921875 0.012977653124999999
8 0.38222321406250004 0.070446928125 0.25777678593750003 0.070446928125 0.25777678593750003 0.1353351953125 0.38222321406250004 0.1353351953125 0.38222321406250004 0.070446928125
8 0.4414821421875 0.15573184375 0.4148169640625 0.15573184375 0.4148169640625 0.1816815640625 0.4414821421875 0.1816815640625 0.4414821421875 0.15573184375
8 0.0429642859375 0.1761229046875 0.0014821421875 0.1761229046875 0.0014821421875 0.22988826874999999 0.0429642859375 0.22988826874999999 0.0429642859375 0.1761229046875
8 0.2148169640625 0.3837597765625 0.12740625 0.3837597765625 0.12740625 0.4783128484375 0.2148169640625 0.4783128484375 0.2148169640625 0.3837597765625
8 0.04 0.4393798875 0.0088883921875 0.4393798875 0.0088883921875 0.4690446921875 0.04 0.4690446921875 0.04 0.4393798875
8 0.0414821421875 0.4764581 0.0014821421875 0.4764581 0.0014821421875 0.5450502796875 0.0414821421875 0.5450502796875 0.0414821421875 0.4764581
8 0.315553571875 0.48572625625 0.16 0.48572625625 0.16 0.59696089375 0.315553571875 0.59696089375 0.315553571875 0.48572625625
8 0.13185267812499998 0.55988268125 0.10666517812500001 0.55988268125 0.10666517812500001 0.5839832406250001 0.13185267812499998 0.5839832406250001 0.13185267812499998 0.55988268125
8 0.12592410781250002 0.5914022343750001 0.1111116078125 0.5914022343750001 0.1111116078125 0.6025251390624999 0.12592410781250002 0.6025251390624999 0.12592410781250002 0.5914022343750001
7 0.2785178578125 0.6136480453125001 0.0088883921875 0.6136480453125001 0.0088883921875 0.995553071875 0.2785178578125 0.995553071875 0.2785178578125 0.6136480453125001
4 0.9955535718749999 0.9566256984375 0.9762946421875001 0.9566256984375 0.9762946421875001 0.9770167593749999 0.9955535718749999 0.9770167593749999 0.9955535718749999 0.9566256984375
5 0.9985178578125 0.08156983281249999 0.9051830359374999 0.08156983281249999 0.9051830359374999 0.9937039109375 0.9985178578125 0.9937039109375 0.9985178578125 0.08156983281249999
5 0.9955535718749999 0.9269608937499999 0.7451830359375 0.9269608937499999 0.7451830359375 0.9937039109375 0.9955535718749999 0.9937039109375 0.9955535718749999 0.9269608937499999
2 0 0.995553071875 0.6562946421875 0.995553071875 0.6562946421875 0.0018547484375 0 0.0018547484375 0 0.995553071875