7 0.2785178578125 0.6117932953125 0.0074062500000000005 0.6117932953125 0.0074062500000000005 0.997407821875 0.2785178578125 0.997407821875 0.2785178578125 0.6117932953125
6 0.404446428125 0.5524692734375 0.0014821421875 0.5524692734375 0.0014821421875 0.9992625703125 0.404446428125 0.9992625703125 0.404446428125 0.5524692734375
8 0.6888883921875 0.077865921875 0.660741071875 0.077865921875 0.660741071875 0.11679888281249999 0.6888883921875 0.11679888281249999 0.6888883921875 0.077865921875
8 0.306665178125 0.0148324015625 0.22370535781249998 0.0148324015625 0.22370535781249998 0.050055865624999994 0.306665178125 0.050055865624999994 0.306665178125 0.0148324015625
8 0.3688883921875 0.033368715625 0.315553571875 0.033368715625 0.315553571875 0.0723016765625 0.3688883921875 0.0723016765625 0.3688883921875 0.033368715625
8 0.38222321406250004 0.077865921875 0.259258928125 0.077865921875 0.259258928125 0.133480446875 0.38222321406250004 0.133480446875 0.38222321406250004 0.077865921875
8 0.4414821421875 0.1594357546875 0.4177767859375 0.1594357546875 0.4177767859375 0.1816815640625 0.4414821421875 0.1816815640625 0.4414821421875 0.1594357546875
8 0.2148169640625 0.3837597765625 0.12888839218749998 0.3837597765625 0.12888839218749998 0.4783128484375 0.2148169640625 0.4783128484375 0.2148169640625 0.3837597765625
8 0.315553571875 0.48572625625 0.1614821421875 0.48572625625 0.1614821421875 0.5988156421874999 0.315553571875 0.5988156421874999 0.315553571875 0.48572625625
8 0.0429642859375 0.44308938593749997 0.0088883921875 0.44308938593749997 0.0088883921875 0.4690446921875 0.0429642859375 0.4690446921875 0.0429642859375 0.44308938593749997
8 0 0.23359217812500002 0.0414821421875 0.23359217812500002 0.0414821421875 0.1798324015625 0 0.1798324015625 0 0.23359217812500002
8 0 0.5469050281250001 0.04 0.5469050281250001 0.04 0.4746033515625 0 0.4746033515625 0 0.5469050281250001
8 0.05333482187500001 0.565446928125 0.0014821421875 0.565446928125 0.0014821421875 0.684094971875 0.05333482187500001 0.684094971875 0.05333482187500001 0.565446928125
8 0.13185267812499998 0.55988268125 0.10666517812500001 0.55988268125 0.10666517812500001 0.5839832406250001 0.13185267812499998 0.5839832406250001 0.13185267812499998 0.55988268125
8 0.12592410781250002 0.5914022343750001 0.1140758921875 0.5914022343750001 0.1140758921875 0.6025251390624999 0.12592410781250002 0.6025251390624999 0.12592410781250002 0.5914022343750001
8 0.5940758921875 0.2836480453125 0.5777767859375 0.2836480453125 0.5777767859375 0.3003351953125 0.5940758921875 0.3003351953125 0.5940758921875 0.2836480453125
4 0.9970357140624999 0.9529162015624999 0.9748169640625 0.9529162015624999 0.9748169640625 0.9788715078125 0.9970357140624999 0.9788715078125 0.9970357140624999 0.9529162015624999
2 0.8770357140625 0.0055642453125 0.0044464281250000005 0.0055642453125 0.0044464281250000005 0.995553071875 0.8770357140625 0.995553071875 0.8770357140625 0.0055642453125
5 0.9911116078125 0.1038212296875 0.9096294640625 0.1038212296875 0.9096294640625 0.9121284921875 0.9911116078125 0.9121284921875 0.9911116078125 0.1038212296875
5 0.9925937499999999 0.8416815640624999 0.7629642859375 0.8416815640624999 0.7629642859375 0.995553071875 0.9925937499999999 0.995553071875 0.9925937499999999 0.8416815640624999