5 0.6592589281250001 0.48758100625 0.5629642859375 0.48758100625 0.5629642859375 0.6303351953125 0.6592589281250001 0.6303351953125 0.6592589281250001 0.48758100625
7 0 0.9899944140624999 0.2222232140625 0.9899944140624999 0.2222232140625 0.207636871875 0 0.207636871875 0 0.9899944140624999
3 0.259258928125 0.040787709374999995 0.15259375 0.040787709374999995 0.15259375 0.28550279375 0.259258928125 0.28550279375 0.259258928125 0.040787709374999995
3 0.2770357140625 0.3188770953125 0.2562946421875 0.3188770953125 0.2562946421875 0.344826815625 0.2770357140625 0.344826815625 0.2770357140625 0.3188770953125
3 0.27259375 0.3930335203125 0.2562946421875 0.3930335203125 0.2562946421875 0.41527932968750003 0.27259375 0.41527932968750003 0.27259375 0.3930335203125
3 0.266665178125 0.5580279328125 0.2459241078125 0.5580279328125 0.2459241078125 0.5839832406250001 0.266665178125 0.5839832406250001 0.266665178125 0.5580279328125
3 0.3585178578125 0.168709496875 0.3362946421875 0.168709496875 0.3362946421875 0.1965139671875 0.3585178578125 0.1965139671875 0.3585178578125 0.168709496875
3 0.0651830359375 0.30218994375 0.0340758921875 0.30218994375 0.0340758921875 0.3615139671875 0.0651830359375 0.3615139671875 0.0651830359375 0.30218994375
3 0.07259375 0.2780893859375 0.0503705359375 0.2780893859375 0.0503705359375 0.29662569843750003 0.07259375 0.29662569843750003 0.07259375 0.2780893859375
3 0.5437053578125 0.6192122906249999 0.5170357140624999 0.6192122906249999 0.5170357140624999 0.6581396640625 0.5437053578125 0.6581396640625 0.5437053578125 0.6192122906249999
3 0.6414821421875 0.886173184375 0.5140758921875 0.886173184375 0.5140758921875 0.9788715078125 0.6414821421875 0.9788715078125 0.6414821421875 0.886173184375
3 0.7022232140625 0.5487597765625 0.6666651781249999 0.5487597765625 0.6666651781249999 0.57842458125 0.7022232140625 0.57842458125 0.7022232140625 0.5487597765625
3 0.6888883921875 0.5765698328125 0.668147321875 0.5765698328125 0.668147321875 0.59696089375 0.6888883921875 0.59696089375 0.6888883921875 0.5765698328125
8 0.8488883921875001 0.0760111734375 0.835553571875 0.0760111734375 0.835553571875 0.0945474859375 0.8488883921875001 0.0945474859375 0.8488883921875001 0.0760111734375
8 0.8400000000000001 0.142754190625 0.826665178125 0.142754190625 0.826665178125 0.15758100625 0.8400000000000001 0.15758100625 0.8400000000000001 0.142754190625
8 0.9140758921875 0.1316256984375 0.9022232140625001 0.1316256984375 0.9022232140625001 0.142754190625 0.9140758921875 0.142754190625 0.9140758921875 0.1316256984375
8 0.828147321875 0.24656983281249997 0.8177767859375 0.24656983281249997 0.8177767859375 0.2632569828125 0.828147321875 0.2632569828125 0.828147321875 0.24656983281249997
8 0.611852678125 0.09640223437499999 0.5911116078124999 0.09640223437499999 0.5911116078124999 0.10937988750000001 0.611852678125 0.10937988750000001 0.611852678125 0.09640223437499999
8 0.6296294640625 0.10752513906250001 0.6029642859375001 0.10752513906250001 0.6029642859375001 0.1279217875 0.6296294640625 0.1279217875 0.6296294640625 0.10752513906250001
8 0.595553571875 0.12050279374999999 0.579258928125 0.12050279374999999 0.579258928125 0.13904469218749999 0.595553571875 0.13904469218749999 0.595553571875 0.12050279374999999
8 0.5970357140625 0.1816815640625 0.579258928125 0.1816815640625 0.579258928125 0.20022346406249997 0.5970357140625 0.20022346406249997 0.5970357140625 0.1816815640625
8 0.6740758921875 0.0370782125 0.6592589281250001 0.0370782125 0.6592589281250001 0.051910614062500006 0.6740758921875 0.051910614062500006 0.6740758921875 0.0370782125
8 0.59259375 0 0.59259375 0.0352234640625 0.6592589281250001 0.0352234640625 0.6592589281250001 0 0.59259375 0
8 0.6148169640625001 0.344826815625 0.6 0.344826815625 0.6 0.3615139671875 0.6148169640625001 0.3615139671875 0.6148169640625001 0.344826815625
8 0.613334821875 0.42640223437499997 0.5585178578125001 0.42640223437499997 0.5585178578125001 0.4690446921875 0.613334821875 0.4690446921875 0.613334821875 0.42640223437499997
8 0.5614821421875 0.46348044687499995 0.5451830359375001 0.46348044687499995 0.5451830359375001 0.4783128484375 0.5614821421875 0.4783128484375 0.5614821421875 0.46348044687499995
8 0.7703705359375 0.54134636875 0.7525937500000001 0.54134636875 0.7525937500000001 0.55988268125 0.7703705359375 0.55988268125 0.7703705359375 0.54134636875
8 0.748147321875 0.6192122906249999 0.706665178125 0.6192122906249999 0.706665178125 0.66926815625 0.748147321875 0.66926815625 0.748147321875 0.6192122906249999
8 0.779258928125 0.6136480453125001 0.7570357140625 0.6136480453125001 0.7570357140625 0.6562905031249999 0.779258928125 0.6562905031249999 0.779258928125 0.6136480453125001
8 0.7644464281250001 0.665558659375 0.699258928125 0.665558659375 0.699258928125 0.7378603359375 0.7644464281250001 0.7378603359375 0.7644464281250001 0.665558659375
8 0.6370357140625 0.7007821234375 0.6103705359375 0.7007821234375 0.6103705359375 0.7267374296875 0.6370357140625 0.7267374296875 0.6370357140625 0.7007821234375
8 0.628147321875 0.715614525 0.588147321875 0.715614525 0.588147321875 0.79903910625 0.628147321875 0.79903910625 0.628147321875 0.715614525
8 0.6962946421875 0.7730837984375001 0.620741071875 0.7730837984375001 0.620741071875 0.8453854749999999 0.6962946421875 0.8453854749999999 0.6962946421875 0.7730837984375001
8 0.733334821875 0.8008938546875 0.7081473218750001 0.8008938546875 0.7081473218750001 0.8231396640625 0.733334821875 0.8231396640625 0.733334821875 0.8008938546875
8 0.7777767859375 0.758251396875 0.731852678125 0.758251396875 0.731852678125 0.8101620109375001 0.7777767859375 0.8101620109375001 0.7777767859375 0.758251396875
8 0.786665178125 0.7322960890625 0.7718526781249999 0.7322960890625 0.7718526781249999 0.7545474859375 0.786665178125 0.7545474859375 0.786665178125 0.7322960890625
8 0.6340758921874999 0.930670390625 0.620741071875 0.930670390625 0.620741071875 0.9510614531250001 0.6340758921874999 0.9510614531250001 0.6340758921874999 0.930670390625
8 0.531852678125 0.9028603359374999 0.5185178578125 0.9028603359374999 0.5185178578125 0.9158379890624999 0.531852678125 0.9158379890624999 0.531852678125 0.9028603359374999
8 0.573334821875 0.93622905 0.5540758921875 0.93622905 0.5540758921875 0.95477095 0.573334821875 0.95477095 0.573334821875 0.93622905
8 0.5896294640625 0.8694916203125 0.573334821875 0.8694916203125 0.573334821875 0.886173184375 0.5896294640625 0.886173184375 0.5896294640625 0.8694916203125
8 0.5303705359374999 0.9566256984375 0.5185178578125 0.9566256984375 0.5185178578125 0.9714525140625 0.5303705359374999 0.9714525140625 0.5303705359374999 0.9566256984375
8 0.1970357140625 0.15758100625 0.1837053578125 0.15758100625 0.1837053578125 0.1761229046875 0.1970357140625 0.1761229046875 0.1970357140625 0.15758100625
8 0.5896294640625 0.20393296093750002 0.579258928125 0.20393296093750002 0.579258928125 0.220614525 0.5896294640625 0.220614525 0.5896294640625 0.20393296093750002
8 0.5688883921875 0.20022346406249997 0.555553571875 0.20022346406249997 0.555553571875 0.220614525 0.5688883921875 0.220614525 0.5688883921875 0.20022346406249997
8 0.7185178578125 0.42083798906250003 0.706665178125 0.42083798906250003 0.706665178125 0.435670390625 0.7185178578125 0.435670390625 0.7185178578125 0.42083798906250003
8 0.5377767859375 0.5821284921875 0.5259241078125 0.5821284921875 0.5259241078125 0.5988156421874999 0.5377767859375 0.5988156421874999 0.5377767859375 0.5821284921875