7 0 0.997407821875 0.15259375 0.997407821875 0.15259375 0.3040446921875 0 0.3040446921875 0 0.997407821875
7 0.42222321406249996 0.65072625625 0.1540758921875 0.65072625625 0.1540758921875 0.9992625703125 0.42222321406249996 0.9992625703125 0.42222321406249996 0.65072625625
8 0.5496294640625 0.070446928125 0.5111116078125 0.070446928125 0.5111116078125 0.10196647968749999 0.5496294640625 0.10196647968749999 0.5496294640625 0.070446928125
8 0.5451830359375001 0.20578770937500002 0.491852678125 0.20578770937500002 0.491852678125 0.239156425 0.5451830359375001 0.239156425 0.5451830359375001 0.20578770937500002
8 0.4548169640625 0.1835363125 0.4177767859375 0.1835363125 0.4177767859375 0.20578770937500002 0.4548169640625 0.20578770937500002 0.4548169640625 0.1835363125
8 0.44000000000000006 0.21320111718749998 0.42074107187500004 0.21320111718749998 0.42074107187500004 0.23359217812500002 0.44000000000000006 0.23359217812500002 0.44000000000000006 0.21320111718749998
8 0.47259375 0.21691061406249998 0.4548169640625 0.21691061406249998 0.4548169640625 0.23359217812500002 0.47259375 0.23359217812500002 0.47259375 0.21691061406249998
8 0.4903705359375 0.2373016765625 0.46666517812499997 0.2373016765625 0.46666517812499997 0.2632569828125 0.4903705359375 0.2632569828125 0.4903705359375 0.2373016765625
8 0.459258928125 0.23173742968750002 0.42222321406249996 0.23173742968750002 0.42222321406249996 0.2817932953125 0.459258928125 0.2817932953125 0.459258928125 0.23173742968750002
8 0.4385178578125 0.305899440625 0.42074107187500004 0.305899440625 0.42074107187500004 0.33926815625 0.4385178578125 0.33926815625 0.4385178578125 0.305899440625
8 0.43703571406249997 0.35780446875 0.4251830359375 0.35780446875 0.4251830359375 0.380055865625 0.43703571406249997 0.380055865625 0.43703571406249997 0.35780446875
8 0.64 0.32629050312499996 0.611852678125 0.32629050312499996 0.611852678125 0.3744916203125 0.64 0.3744916203125 0.64 0.32629050312499996
8 0.6666651781249999 0.42269273749999997 0.6385178578125 0.42269273749999997 0.6385178578125 0.4523575421875 0.6666651781249999 0.4523575421875 0.6666651781249999 0.42269273749999997
8 0.795553571875 0.3689329609375 0.7303705359375 0.3689329609375 0.7303705359375 0.42640223437499997 0.795553571875 0.42640223437499997 0.795553571875 0.3689329609375
8 0.8118526781250001 0.4375251390625 0.7703705359375 0.4375251390625 0.7703705359375 0.5302234640625 0.8118526781250001 0.5302234640625 0.8118526781250001 0.4375251390625
8 0.7970357140625 0.5506145250000001 0.7511116078125 0.5506145250000001 0.7511116078125 0.62477095 0.7970357140625 0.62477095 0.7970357140625 0.5506145250000001
8 0.746665178125 0.44679329531249995 0.7185178578125 0.44679329531249995 0.7185178578125 0.509826815625 0.746665178125 0.509826815625 0.746665178125 0.44679329531249995
8 0.7051830359375 0.5246592171875 0.675553571875 0.5246592171875 0.675553571875 0.5635921781250001 0.7051830359375 0.5635921781250001 0.7051830359375 0.5246592171875
8 0.7051830359375 0.5506145250000001 0.6429642859375 0.5506145250000001 0.6429642859375 0.637748603125 0.7051830359375 0.637748603125 0.7051830359375 0.5506145250000001
8 0.7140758921875 0.637748603125 0.660741071875 0.637748603125 0.660741071875 0.715614525 0.7140758921875 0.715614525 0.7140758921875 0.637748603125
8 0.748147321875 0.6433128484374999 0.72 0.6433128484374999 0.72 0.6674134078125 0.748147321875 0.6674134078125 0.748147321875 0.6433128484374999
8 0.7407410718749999 0.67111731875 0.72 0.67111731875 0.72 0.693368715625 0.7407410718749999 0.693368715625 0.7407410718749999 0.67111731875
8 0.580741071875 0.697072625 0.5481473218749999 0.697072625 0.5481473218749999 0.728592178125 0.580741071875 0.728592178125 0.580741071875 0.697072625
8 0.6562946421875 0.6488715078125 0.5629642859375 0.6488715078125 0.5629642859375 0.7267374296875 0.6562946421875 0.7267374296875 0.6562946421875 0.6488715078125
8 0.5037053578124999 0.5710055859375001 0.4770357140625 0.5710055859375001 0.4770357140625 0.6451620109375 0.5037053578124999 0.6451620109375 0.5037053578124999 0.5710055859375001
8 0.5051830359375 0.5357821234375 0.4903705359375 0.5357821234375 0.4903705359375 0.5524692734375 0.5051830359375 0.5524692734375 0.5051830359375 0.5357821234375
8 0.5140758921875 0.4987039109375 0.500741071875 0.4987039109375 0.500741071875 0.5116815640625 0.5140758921875 0.5116815640625 0.5140758921875 0.4987039109375
5 0.5911116078124999 0.261402234375 0.46666517812499997 0.261402234375 0.46666517812499997 0.42269273749999997 0.5911116078124999 0.42269273749999997 0.5911116078124999 0.261402234375