5 0.266665178125 0.252134078125 0.1659241078125 0.252134078125 0.1659241078125 0.44308938593749997 0.266665178125 0.44308938593749997 0.266665178125 0.252134078125
3 0.28740625 0.30218994375 0.266665178125 0.30218994375 0.266665178125 0.32258100624999997 0.28740625 0.32258100624999997 0.28740625 0.30218994375
3 0.2829642859375 0.335558659375 0.266665178125 0.335558659375 0.266665178125 0.3559553078125 0.2829642859375 0.3559553078125 0.2829642859375 0.335558659375
3 0.1614821421875 0.32629050312499996 0.1377767859375 0.32629050312499996 0.1377767859375 0.354100559375 0.1614821421875 0.354100559375 0.1614821421875 0.32629050312499996
8 0.459258928125 0.4616256984375 0.42814732187500004 0.4616256984375 0.42814732187500004 0.4987039109375 0.459258928125 0.4987039109375 0.459258928125 0.4616256984375
8 0.41629464218749995 0.532072625 0.3911116078125 0.532072625 0.3911116078125 0.5858379890625 0.41629464218749995 0.5858379890625 0.41629464218749995 0.532072625
8 0.42814732187500004 0.5728603359375 0.41333482187500004 0.5728603359375 0.41333482187500004 0.6080837984375 0.42814732187500004 0.6080837984375 0.42814732187500004 0.5728603359375
8 0.1096294640625 0.344826815625 0.093334821875 0.344826815625 0.093334821875 0.372636871875 0.1096294640625 0.372636871875 0.1096294640625 0.344826815625
8 0.10814732187500001 0.32443575468749997 0.0962946421875 0.32443575468749997 0.0962946421875 0.3411229046875 0.10814732187500001 0.3411229046875 0.10814732187500001 0.32443575468749997
8 0.2014821421875 0.08342458124999999 0.1837053578125 0.08342458124999999 0.1837053578125 0.10011173124999999 0.2014821421875 0.10011173124999999 0.2014821421875 0.08342458124999999
8 0.22370535781249998 0.0018547484375 0.19259375 0.0018547484375 0.19259375 0.024100559375 0.22370535781249998 0.024100559375 0.22370535781249998 0.0018547484375
8 0.188147321875 0.003709496875 0.14518303593749998 0.003709496875 0.14518303593749998 0.0389329609375 0.188147321875 0.0389329609375 0.188147321875 0.003709496875
8 0.12592410781250002 0.11865363124999999 0.091852678125 0.11865363124999999 0.091852678125 0.15758100625 0.12592410781250002 0.15758100625 0.12592410781250002 0.11865363124999999
8 0.133334821875 0.17426815625 0.1214821421875 0.17426815625 0.1214821421875 0.187245809375 0.133334821875 0.187245809375 0.133334821875 0.17426815625
8 0.12740625 0.187245809375 0.11259375 0.187245809375 0.11259375 0.2094916203125 0.12740625 0.2094916203125 0.12740625 0.187245809375
8 0.124446428125 0.21876536249999998 0.10370535781250001 0.21876536249999998 0.10370535781250001 0.2632569828125 0.124446428125 0.2632569828125 0.124446428125 0.21876536249999998
3 0.1585178578125 0.42269273749999997 0.1422232140625 0.42269273749999997 0.1422232140625 0.454212290625 0.1585178578125 0.454212290625 0.1585178578125 0.42269273749999997