4 0.9955535718749999 0.95477095 0.9777767859375001 0.95477095 0.9777767859375001 0.9788715078125 0.9955535718749999 0.9788715078125 0.9955535718749999 0.95477095
7 0.1303705359375 0.252134078125 0.0014821421875 0.252134078125 0.0014821421875 0.8639273749999999 0.1303705359375 0.8639273749999999 0.1303705359375 0.252134078125
8 0.9437053578124999 0.189100559375 0.9259241078124999 0.189100559375 0.9259241078124999 0.21691061406249998 0.9437053578124999 0.21691061406249998 0.9437053578124999 0.189100559375
8 0.9303705359375 0.224324021875 0.8977767859375 0.224324021875 0.8977767859375 0.261402234375 0.9303705359375 0.261402234375 0.9303705359375 0.224324021875
8 0.84740625 0.19281005625 0.83259375 0.19281005625 0.83259375 0.2094916203125 0.84740625 0.2094916203125 0.84740625 0.19281005625
8 0.6103705359375 0.0055642453125 0.5837053578125 0.0055642453125 0.5837053578125 0.048201117187499996 0.6103705359375 0.048201117187499996 0.6103705359375 0.0055642453125
8 0.6059241078125 0.0556201125 0.5837053578125 0.0556201125 0.5837053578125 0.08342458124999999 0.6059241078125 0.08342458124999999 0.6059241078125 0.0556201125
8 0.5896294640625 0.10196647968749999 0.5748169640625 0.10196647968749999 0.5748169640625 0.1260670390625 0.5896294640625 0.1260670390625 0.5896294640625 0.10196647968749999
8 0.5985178578125 0.14089944062499998 0.5703705359375 0.14089944062499998 0.5703705359375 0.1909553078125 0.5985178578125 0.1909553078125 0.5985178578125 0.14089944062499998
8 0.3214821421875 0 0.3214821421875 0.0426424578125 0.3540758921875 0.0426424578125 0.3540758921875 0 0.3214821421875 0
8 0.16 0.0259553078125 0.1362946421875 0.0259553078125 0.1362946421875 0.0723016765625 0.16 0.0723016765625 0.16 0.0259553078125
8 0.1362946421875 0.0074134078125 0.1229642859375 0.0074134078125 0.1229642859375 0.022245809375 0.1362946421875 0.022245809375 0.1362946421875 0.0074134078125
8 0.0829642859375 0.0926983234375 0.0651830359375 0.0926983234375 0.0651830359375 0.1130893859375 0.0829642859375 0.1130893859375 0.0829642859375 0.0926983234375
8 0.115553571875 0.1316256984375 0.075553571875 0.1316256984375 0.075553571875 0.1835363125 0.115553571875 0.1835363125 0.115553571875 0.1316256984375
8 0.22370535781249998 0.1965139671875 0.1911116078125 0.1965139671875 0.1911116078125 0.2669664796875 0.22370535781249998 0.2669664796875 0.22370535781249998 0.1965139671875
8 0.24888839218749997 0.29477095000000003 0.1970357140625 0.29477095000000003 0.1970357140625 0.39673742968750003 0.24888839218749997 0.39673742968750003 0.24888839218749997 0.29477095000000003
8 0.3585178578125 0.198368715625 0.3377767859375 0.198368715625 0.3377767859375 0.2261787703125 0.3585178578125 0.2261787703125 0.3585178578125 0.198368715625
8 0.36740625 0.252134078125 0.3540758921875 0.252134078125 0.3540758921875 0.2780893859375 0.36740625 0.2780893859375 0.36740625 0.252134078125
8 0.36740625 0.4949944140625 0.3437053578125 0.4949944140625 0.3437053578125 0.537636871875 0.36740625 0.537636871875 0.36740625 0.4949944140625
8 0.5940758921875 0.3707821234375 0.56740625 0.3707821234375 0.56740625 0.409715084375 0.5940758921875 0.409715084375 0.5940758921875 0.3707821234375
8 0.693334821875 0.39673742968750003 0.6666651781249999 0.39673742968750003 0.6666651781249999 0.4412346375 0.693334821875 0.4412346375 0.693334821875 0.39673742968750003
8 0.6162946421875 0.4393798875 0.595553571875 0.4393798875 0.595553571875 0.472748603125 0.6162946421875 0.472748603125 0.6162946421875 0.4393798875
8 0.5837053578125 0.4931452515625 0.564446428125 0.4931452515625 0.564446428125 0.52280446875 0.5837053578125 0.52280446875 0.5837053578125 0.4931452515625
8 0.733334821875 0.5951061453125 0.7170357140625 0.5951061453125 0.7170357140625 0.621061453125 0.733334821875 0.621061453125 0.733334821875 0.5951061453125
8 0.2251830359375 0.8565139671875001 0.1985178578125 0.8565139671875001 0.1985178578125 0.9269608937499999 0.2251830359375 0.9269608937499999 0.2251830359375 0.8565139671875001
8 0.19407589218750002 0.8713407828124999 0.171852678125 0.8713407828124999 0.171852678125 0.90841899375 0.19407589218750002 0.90841899375 0.19407589218750002 0.8713407828124999
8 0.1377767859375 0.8565139671875001 0.0888883921875 0.8565139671875001 0.0888883921875 0.923251396875 0.1377767859375 0.923251396875 0.1377767859375 0.8565139671875001
8 0.07703571406250001 0.7860614531250001 0.0459241078125 0.7860614531250001 0.0459241078125 0.8472402234375 0.07703571406250001 0.8472402234375 0.07703571406250001 0.7860614531250001
8 0.2222232140625 0.9714525140625 0.1985178578125 0.9714525140625 0.1985178578125 0.995553071875 0.2222232140625 0.995553071875 0.2222232140625 0.9714525140625
8 0.31259375 0.43196089375 0.2962946421875 0.43196089375 0.2962946421875 0.45977094999999996 0.31259375 0.45977094999999996 0.31259375 0.43196089375
8 0.29185267812500004 0.42083798906250003 0.2770357140625 0.42083798906250003 0.2770357140625 0.4486480453125 0.29185267812500004 0.4486480453125 0.29185267812500004 0.42083798906250003
8 0.268147321875 0.3837597765625 0.253334821875 0.3837597765625 0.253334821875 0.40786033593750004 0.268147321875 0.40786033593750004 0.268147321875 0.3837597765625
8 0.1051830359375 0.4653351953125 0.0859241078125 0.4653351953125 0.0859241078125 0.5061229046875 0.1051830359375 0.5061229046875 0.1051830359375 0.4653351953125
8 0.2948169640625 0.3744916203125 0.27999999999999997 0.3744916203125 0.27999999999999997 0.4023016765625 0.2948169640625 0.4023016765625 0.2948169640625 0.3744916203125
8 0.444446428125 0.012977653124999999 0.41333482187500004 0.012977653124999999 0.41333482187500004 0.0444916203125 0.444446428125 0.0444916203125 0.444446428125 0.012977653124999999
5 0.9985178578125 0.10937988750000001 0.9022232140625001 0.10937988750000001 0.9022232140625001 0.9696033515625 0.9985178578125 0.9696033515625 0.9985178578125 0.10937988750000001
5 0.9955535718749999 0.839826815625 0.7407410718749999 0.839826815625 0.7407410718749999 0.997407821875 0.9955535718749999 0.997407821875 0.9955535718749999 0.839826815625
2 0.32 0.0852793296875 0.0014821421875 0.0852793296875 0.0014821421875 0.997407821875 0.32 0.997407821875 0.32 0.0852793296875