5 0.7214821421875001 0.4579162015625 0.6103705359375 0.4579162015625 0.6103705359375 0.6117932953125 0.7214821421875001 0.6117932953125 0.7214821421875001 0.4579162015625
7 0 0.997407821875 0.24740625 0.997407821875 0.24740625 0.070446928125 0 0.070446928125 0 0.997407821875
3 0.2903705359375 0.5024134078125 0.2696294640625 0.5024134078125 0.2696294640625 0.528368715625 0.2903705359375 0.528368715625 0.2903705359375 0.5024134078125
3 0.315553571875 0.29662569843750003 0.299258928125 0.29662569843750003 0.299258928125 0.317022346875 0.315553571875 0.317022346875 0.315553571875 0.29662569843750003
3 0.3288883921875 0.21320111718749998 0.3096294640625 0.21320111718749998 0.3096294640625 0.2410111734375 0.3288883921875 0.2410111734375 0.3288883921875 0.21320111718749998
3 0.293334821875 0.003709496875 0.2088883921875 0.003709496875 0.2088883921875 0.0723016765625 0.293334821875 0.0723016765625 0.293334821875 0.003709496875
3 0.315553571875 0.070446928125 0.2503705359375 0.070446928125 0.2503705359375 0.1724134078125 0.315553571875 0.1724134078125 0.315553571875 0.070446928125
3 0.4177767859375 0.0760111734375 0.4014821421875 0.0760111734375 0.4014821421875 0.10196647968749999 0.4177767859375 0.10196647968749999 0.4177767859375 0.0760111734375
3 0.44740624999999995 0.0296648046875 0.42962946406249997 0.0296648046875 0.42962946406249997 0.048201117187499996 0.44740624999999995 0.048201117187499996 0.44740624999999995 0.0296648046875
3 0.9288883921875 0.1112346375 0.9111116078125001 0.1112346375 0.9111116078125001 0.1316256984375 0.9288883921875 0.1316256984375 0.9288883921875 0.1112346375
3 0.7570357140625 0.0055642453125 0.7377767859375 0.0055642453125 0.7377767859375 0.024100559375 0.7570357140625 0.024100559375 0.7570357140625 0.0055642453125
3 0.21333482187500002 0.0852793296875 0.1985178578125 0.0852793296875 0.1985178578125 0.10937988750000001 0.21333482187500002 0.10937988750000001 0.21333482187500002 0.0852793296875
3 0.3688883921875 0.0148324015625 0.3511116078125 0.0148324015625 0.3511116078125 0.0296648046875 0.3688883921875 0.0296648046875 0.3688883921875 0.0148324015625
3 0.7703705359375 0.0667430171875 0.739258928125 0.0667430171875 0.739258928125 0.0982569828125 0.7703705359375 0.0982569828125 0.7703705359375 0.0667430171875
3 0.7170357140625 0.0296648046875 0.691852678125 0.0296648046875 0.691852678125 0.0574692734375 0.7170357140625 0.0574692734375 0.7170357140625 0.0296648046875
8 0.7229642859375 0.0723016765625 0.7096294640624999 0.0723016765625 0.7096294640624999 0.1038212296875 0.7229642859375 0.1038212296875 0.7229642859375 0.0723016765625
8 0.7051830359375 0.0370782125 0.693334821875 0.0370782125 0.693334821875 0.050055865624999994 0.7051830359375 0.050055865624999994 0.7051830359375 0.0370782125
8 0.7170357140625 0.040787709374999995 0.7051830359375 0.040787709374999995 0.7051830359375 0.0574692734375 0.7170357140625 0.0574692734375 0.7170357140625 0.040787709374999995
8 0.675553571875 0.0667430171875 0.6666651781249999 0.0667430171875 0.6666651781249999 0.07972067031249999 0.675553571875 0.07972067031249999 0.675553571875 0.0667430171875
8 0.67259375 0.152022346875 0.6503705359375 0.152022346875 0.6503705359375 0.168709496875 0.67259375 0.168709496875 0.67259375 0.152022346875
8 0.7422232140625 0.13904469218749999 0.68740625 0.13904469218749999 0.68740625 0.152022346875 0.7422232140625 0.152022346875 0.7422232140625 0.13904469218749999
8 0.6948169640625 0.2910670390625 0.6785178578125 0.2910670390625 0.6785178578125 0.30774860312499996 0.6948169640625 0.30774860312499996 0.6948169640625 0.2910670390625
8 0.724446428125 0.2817932953125 0.700741071875 0.2817932953125 0.700741071875 0.305899440625 0.724446428125 0.305899440625 0.724446428125 0.2817932953125
8 0.7496294640625 0.29477095000000003 0.7259241078125 0.29477095000000003 0.7259241078125 0.30960335156249996 0.7496294640625 0.30960335156249996 0.7496294640625 0.29477095000000003
8 0.68740625 0.381905028125 0.6562946421875 0.381905028125 0.6562946421875 0.42269273749999997 0.68740625 0.42269273749999997 0.68740625 0.381905028125
8 0.7911116078125 0.3930335203125 0.7422232140625 0.3930335203125 0.7422232140625 0.4412346375 0.7911116078125 0.4412346375 0.7911116078125 0.3930335203125
8 0.8222232140625 0.5246592171875 0.8 0.5246592171875 0.8 0.5469050281250001 0.8222232140625 0.5469050281250001 0.8222232140625 0.5246592171875
8 0.8548169640625 0.5357821234375 0.8251830359375001 0.5357821234375 0.8251830359375001 0.569156425 0.8548169640625 0.569156425 0.8548169640625 0.5357821234375
8 0.8400000000000001 0.5895474859375 0.7629642859375 0.5895474859375 0.7629642859375 0.684094971875 0.8400000000000001 0.684094971875 0.8400000000000001 0.5895474859375
8 0.773334821875 0.665558659375 0.7437053578125 0.665558659375 0.7437053578125 0.6915139671875 0.773334821875 0.6915139671875 0.773334821875 0.665558659375
8 0.8740758921875 0.674826815625 0.8488883921875001 0.674826815625 0.8488883921875001 0.7137597765625 0.8740758921875 0.7137597765625 0.8740758921875 0.674826815625
8 0.6962946421875 0.684094971875 0.6370357140625 0.684094971875 0.6370357140625 0.748983240625 0.6962946421875 0.748983240625 0.6962946421875 0.684094971875
8 0.7096294640624999 0.7174692734375 0.699258928125 0.7174692734375 0.699258928125 0.7322960890625 0.7096294640624999 0.7322960890625 0.7096294640624999 0.7174692734375
8 0.724446428125 0.68780446875 0.7096294640624999 0.68780446875 0.7096294640624999 0.70634636875 0.724446428125 0.70634636875 0.724446428125 0.68780446875
8 0.7288883921875 0.7360055859375 0.700741071875 0.7360055859375 0.700741071875 0.758251396875 0.7288883921875 0.758251396875 0.7288883921875 0.7360055859375
8 0.6740758921875 0.7767932953125001 0.6548169640625 0.7767932953125001 0.6548169640625 0.8008938546875 0.6740758921875 0.8008938546875 0.6740758921875 0.7767932953125001
8 0.6577767859375 0.74527374375 0.64740625 0.74527374375 0.64740625 0.7601061453125 0.6577767859375 0.7601061453125 0.6577767859375 0.74527374375
8 0.6799999999999999 0.8008938546875 0.6711116078125 0.8008938546875 0.6711116078125 0.8120167593750001 0.6799999999999999 0.8120167593750001 0.6799999999999999 0.8008938546875
8 0.700741071875 0.8008938546875 0.6814821421875 0.8008938546875 0.6814821421875 0.8249944140625001 0.700741071875 0.8249944140625001 0.700741071875 0.8008938546875
8 0.7911116078125 0.81758100625 0.7288883921875 0.81758100625 0.7288883921875 0.8416815640624999 0.7911116078125 0.8416815640624999 0.7911116078125 0.81758100625
8 0.8414821421875001 0.765670390625 0.7970357140625 0.765670390625 0.7970357140625 0.8231396640625 0.8414821421875001 0.8231396640625 0.8414821421875001 0.765670390625
8 0.8548169640625 0.7230279328125 0.8311116078125 0.7230279328125 0.8311116078125 0.7638156421875 0.8548169640625 0.7638156421875 0.8548169640625 0.7230279328125
8 0.7540758921874999 0.5357821234375 0.7451830359375 0.5357821234375 0.7451830359375 0.5450502796875 0.7540758921874999 0.5450502796875 0.7540758921874999 0.5357821234375
8 0.76740625 0.5302234640625 0.7570357140625 0.5302234640625 0.7570357140625 0.54134636875 0.76740625 0.54134636875 0.76740625 0.5302234640625
8 0.7511116078125 0.5580279328125 0.7437053578125 0.5580279328125 0.7437053578125 0.569156425 0.7511116078125 0.569156425 0.7511116078125 0.5580279328125
8 0.6088883921875 0.8954413406249999 0.5911116078124999 0.8954413406249999 0.5911116078124999 0.9121284921875 0.6088883921875 0.9121284921875 0.6088883921875 0.8954413406249999
8 0.524446428125 0.9288156421875 0.5170357140624999 0.9288156421875 0.5170357140624999 0.9399385468749999 0.524446428125 0.9399385468749999 0.524446428125 0.9288156421875
3 0.5985178578125 0.9288156421875 0.5703705359375 0.9288156421875 0.5703705359375 0.9529162015624999 0.5985178578125 0.9529162015624999 0.5985178578125 0.9288156421875
3 0.5688883921875 0.93622905 0.555553571875 0.93622905 0.555553571875 0.9566256984375 0.5688883921875 0.9566256984375 0.5688883921875 0.93622905
3 0.613334821875 0.8991508375 0.5911116078124999 0.8991508375 0.5911116078124999 0.9251061453125 0.613334821875 0.9251061453125 0.613334821875 0.8991508375
3 0.628147321875 0.8713407828124999 0.613334821875 0.8713407828124999 0.613334821875 0.8954413406249999 0.628147321875 0.8954413406249999 0.628147321875 0.8713407828124999
3 0.68740625 0.9288156421875 0.6651830359375001 0.9288156421875 0.6651830359375001 0.9492067046875 0.68740625 0.9492067046875 0.68740625 0.9288156421875
3 0.6799999999999999 0.9751620109375001 0.6533348218749999 0.9751620109375001 0.6533348218749999 0.997407821875 0.6799999999999999 0.997407821875 0.6799999999999999 0.9751620109375001
3 0.8044464281250001 0.6822402234375 0.780741071875 0.6822402234375 0.780741071875 0.70634636875 0.8044464281250001 0.70634636875 0.8044464281250001 0.6822402234375
3 0.7214821421875001 0.7971843578125 0.7051830359375 0.7971843578125 0.7051830359375 0.821284915625 0.7214821421875001 0.821284915625 0.7214821421875001 0.7971843578125
3 0.7259241078125 0.7601061453125 0.6962946421875 0.7601061453125 0.6962946421875 0.7842067046875 0.7259241078125 0.7842067046875 0.7259241078125 0.7601061453125
3 0.6948169640625 0.7638156421875 0.675553571875 0.7638156421875 0.675553571875 0.7897709500000001 0.6948169640625 0.7897709500000001 0.6948169640625 0.7638156421875