5 0.4696294640625 0.242865921875 0.3911116078125 0.242865921875 0.3911116078125 0.3615139671875 0.4696294640625 0.3615139671875 0.4696294640625 0.242865921875
7 0.32592410781250003 0.5209497203125 0.0014821421875 0.5209497203125 0.0014821421875 0.997407821875 0.32592410781250003 0.997407821875 0.32592410781250003 0.5209497203125
7 0.6711116078125 0.756402234375 0.32740625 0.756402234375 0.32740625 0.997407821875 0.6711116078125 0.997407821875 0.6711116078125 0.756402234375
8 0.5629642859375 0.42083798906250003 0.546665178125 0.42083798906250003 0.546665178125 0.435670390625 0.5629642859375 0.435670390625 0.5629642859375 0.42083798906250003
8 0.3940758921875 0.0352234640625 0.380741071875 0.0352234640625 0.380741071875 0.059324021875 0.3940758921875 0.059324021875 0.3940758921875 0.0352234640625
8 0.373334821875 0.048201117187499996 0.3540758921875 0.048201117187499996 0.3540758921875 0.06303352031250001 0.373334821875 0.06303352031250001 0.373334821875 0.048201117187499996
8 0.3659241078125 0 0.3659241078125 0.0185419 0.388147321875 0.0185419 0.388147321875 0 0.3659241078125 0
8 0.4 0.1501675984375 0.388147321875 0.1501675984375 0.388147321875 0.16499999999999998 0.4 0.16499999999999998 0.4 0.1501675984375
8 0.37629464218750003 0.2910670390625 0.35259375 0.2910670390625 0.35259375 0.317022346875 0.37629464218750003 0.317022346875 0.37629464218750003 0.2910670390625
3 0.3748169640625 0.32258100624999997 0.3570357140625 0.32258100624999997 0.3570357140625 0.342977653125 0.3748169640625 0.342977653125 0.3748169640625 0.32258100624999997
3 0.5096294640625 0.352245809375 0.4903705359375 0.352245809375 0.4903705359375 0.372636871875 0.5096294640625 0.372636871875 0.5096294640625 0.352245809375
8 0.491852678125 0.2910670390625 0.47851785781249995 0.2910670390625 0.47851785781249995 0.3040446921875 0.491852678125 0.3040446921875 0.491852678125 0.2910670390625
3 0.8577767859375 0.1297765359375 0.8311116078125 0.1297765359375 0.8311116078125 0.16314525156249998 0.8577767859375 0.16314525156249998 0.8577767859375 0.1297765359375
3 0.8414821421875001 0.090843575 0.8192589281249999 0.090843575 0.8192589281249999 0.11865363124999999 0.8414821421875001 0.11865363124999999 0.8414821421875001 0.090843575
3 0.8103705359375001 0.1038212296875 0.786665178125 0.1038212296875 0.786665178125 0.11865363124999999 0.8103705359375001 0.11865363124999999 0.8103705359375001 0.1038212296875
3 0.8118526781250001 0.13718994375 0.7940758921875 0.13718994375 0.7940758921875 0.15573184375 0.8118526781250001 0.15573184375 0.8118526781250001 0.13718994375