5 0.6162946421875 0.270670390625 0.491852678125 0.270670390625 0.491852678125 0.4245474859375 0.6162946421875 0.4245474859375 0.6162946421875 0.270670390625
7 0 0.997407821875 0.2711116078125 0.997407821875 0.2711116078125 0.305899440625 0 0.305899440625 0 0.997407821875
7 0.3422232140625 0.7693798875 0.266665178125 0.7693798875 0.266665178125 0.997407821875 0.3422232140625 0.997407821875 0.3422232140625 0.7693798875
3 0.6503705359375 0.35780446875 0.626665178125 0.35780446875 0.626665178125 0.380055865625 0.6503705359375 0.380055865625 0.6503705359375 0.35780446875
3 0.1585178578125 0.39488268125000003 0.1362946421875 0.39488268125000003 0.1362946421875 0.4189888265625 0.1585178578125 0.4189888265625 0.1585178578125 0.39488268125000003
3 0.21333482187500002 0.39859217812500003 0.1911116078125 0.39859217812500003 0.1911116078125 0.42083798906250003 0.21333482187500002 0.42083798906250003 0.21333482187500002 0.39859217812500003
8 0.573334821875 0.08342458124999999 0.5348169640625 0.08342458124999999 0.5348169640625 0.105675978125 0.573334821875 0.105675978125 0.573334821875 0.08342458124999999
8 0.564446428125 0.21320111718749998 0.5481473218749999 0.21320111718749998 0.5481473218749999 0.23173742968750002 0.564446428125 0.23173742968750002 0.564446428125 0.21320111718749998
8 0.5496294640625 0.2224692734375 0.5140758921875 0.2224692734375 0.5140758921875 0.24656983281249997 0.5496294640625 0.24656983281249997 0.5496294640625 0.2224692734375
8 0.48592410781249995 0.19281005625 0.4414821421875 0.19281005625 0.4414821421875 0.220614525 0.48592410781249995 0.220614525 0.48592410781249995 0.19281005625
8 0.49777678593749997 0.2261787703125 0.48 0.2261787703125 0.48 0.24842458125000003 0.49777678593749997 0.24842458125000003 0.49777678593749997 0.2261787703125
8 0.48444642812499994 0.2261787703125 0.451852678125 0.2261787703125 0.451852678125 0.2743798875 0.48444642812499994 0.2743798875 0.48444642812499994 0.2261787703125
8 0.5140758921875 0.24842458125000003 0.48592410781249995 0.24842458125000003 0.48592410781249995 0.26511173125 0.5140758921875 0.26511173125 0.5140758921875 0.24842458125000003
8 0.46074107187499996 0.32443575468749997 0.44000000000000006 0.32443575468749997 0.44000000000000006 0.342977653125 0.46074107187499996 0.342977653125 0.46074107187499996 0.32443575468749997
8 0.4637053578125 0.363368715625 0.444446428125 0.363368715625 0.444446428125 0.380055865625 0.4637053578125 0.380055865625 0.4637053578125 0.363368715625
8 0.6859241078125 0.435670390625 0.660741071875 0.435670390625 0.660741071875 0.46348044687499995 0.6859241078125 0.46348044687499995 0.6859241078125 0.435670390625
8 0.660741071875 0.33926815625 0.6370357140625 0.33926815625 0.6370357140625 0.3559553078125 0.660741071875 0.3559553078125 0.660741071875 0.33926815625
8 0.7703705359375 0.372636871875 0.7451830359375 0.372636871875 0.7451830359375 0.3930335203125 0.7703705359375 0.3930335203125 0.7703705359375 0.372636871875
8 0.795553571875 0.381905028125 0.773334821875 0.381905028125 0.773334821875 0.40786033593750004 0.795553571875 0.40786033593750004 0.795553571875 0.381905028125
8 0.779258928125 0.40786033593750004 0.748147321875 0.40786033593750004 0.748147321875 0.4282569828125 0.779258928125 0.4282569828125 0.779258928125 0.40786033593750004
8 0.7629642859375 0.43196089375 0.731852678125 0.43196089375 0.731852678125 0.5153910609375 0.7629642859375 0.5153910609375 0.7629642859375 0.43196089375
8 0.8237053578125 0.454212290625 0.786665178125 0.454212290625 0.786665178125 0.5302234640625 0.8237053578125 0.5302234640625 0.8237053578125 0.454212290625
8 0.8088883921875001 0.5543240218750001 0.76740625 0.5543240218750001 0.76740625 0.6229162015624999 0.8088883921875001 0.6229162015624999 0.8088883921875001 0.5543240218750001
8 0.724446428125 0.533927375 0.691852678125 0.533927375 0.691852678125 0.565446928125 0.724446428125 0.565446928125 0.724446428125 0.533927375
8 0.7170357140625 0.5469050281250001 0.6622232140625 0.5469050281250001 0.6622232140625 0.6080837984375 0.7170357140625 0.6080837984375 0.7170357140625 0.5469050281250001
8 0.6962946421875 0.6043798875 0.651852678125 0.6043798875 0.651852678125 0.6599944140625 0.6962946421875 0.6599944140625 0.6962946421875 0.6043798875
8 0.7585178578125 0.65072625625 0.7377767859375 0.65072625625 0.7377767859375 0.6859497203125 0.7585178578125 0.6859497203125 0.7585178578125 0.65072625625
8 0.6014821421875001 0.6822402234375 0.5599999999999999 0.6822402234375 0.5599999999999999 0.728592178125 0.6014821421875001 0.728592178125 0.6014821421875001 0.6822402234375
8 0.6962946421875 0.66926815625 0.6103705359375 0.66926815625 0.6103705359375 0.72488268125 0.6962946421875 0.72488268125 0.6962946421875 0.66926815625
8 0.7259241078125 0.6544357546875 0.699258928125 0.6544357546875 0.699258928125 0.711905028125 0.7259241078125 0.711905028125 0.7259241078125 0.6544357546875
8 0.5274062500000001 0.5932569828124999 0.49777678593749997 0.5932569828124999 0.49777678593749997 0.637748603125 0.5274062500000001 0.637748603125 0.5274062500000001 0.5932569828124999
8 0.5303705359374999 0.81572625625 0.508147321875 0.81572625625 0.508147321875 0.8268491625 0.5303705359374999 0.8268491625 0.5303705359374999 0.81572625625
8 0.4814821421875 0.774938546875 0.46074107187499996 0.774938546875 0.46074107187499996 0.79903910625 0.4814821421875 0.79903910625 0.4814821421875 0.774938546875