5 0.4962946421875 0.2539888265625 0.371852678125 0.2539888265625 0.371852678125 0.42083798906250003 0.4962946421875 0.42083798906250003 0.4962946421875 0.2539888265625
7 0 0.997407821875 0.1970357140625 0.997407821875 0.1970357140625 0.65072625625 0 0.65072625625 0 0.997407821875
8 0.32740625 0.29477095000000003 0.299258928125 0.29477095000000003 0.299258928125 0.335558659375 0.32740625 0.335558659375 0.32740625 0.29477095000000003
8 0.3451830359375 0.305899440625 0.32592410781250003 0.305899440625 0.32592410781250003 0.335558659375 0.3451830359375 0.335558659375 0.3451830359375 0.305899440625
8 0.42222321406249996 0.0611787703125 0.4 0.0611787703125 0.4 0.0852793296875 0.42222321406249996 0.0852793296875 0.42222321406249996 0.0611787703125
8 0.4385178578125 0.198368715625 0.41333482187500004 0.198368715625 0.41333482187500004 0.2280335203125 0.4385178578125 0.2280335203125 0.4385178578125 0.198368715625
8 0.40296428593750006 0.220614525 0.38222321406250004 0.220614525 0.38222321406250004 0.24471508437499997 0.40296428593750006 0.24471508437499997 0.40296428593750006 0.220614525
8 0.3362946421875 0.1594357546875 0.31703571406250003 0.1594357546875 0.31703571406250003 0.1761229046875 0.3362946421875 0.1761229046875 0.3362946421875 0.1594357546875
8 0.35259375 0.1761229046875 0.3362946421875 0.1761229046875 0.3362946421875 0.19281005625 0.35259375 0.19281005625 0.35259375 0.1761229046875
8 0.32592410781250003 0.1798324015625 0.3096294640625 0.1798324015625 0.3096294640625 0.1965139671875 0.32592410781250003 0.1965139671875 0.32592410781250003 0.1798324015625
8 0.3303705359375 0.21876536249999998 0.31259375 0.21876536249999998 0.31259375 0.2373016765625 0.3303705359375 0.2373016765625 0.3303705359375 0.21876536249999998
8 0.5451830359375001 0.30960335156249996 0.5140758921875 0.30960335156249996 0.5140758921875 0.3596592171875 0.5451830359375001 0.3596592171875 0.5451830359375001 0.30960335156249996
8 0.5659241078125 0.417134078125 0.546665178125 0.417134078125 0.546665178125 0.4393798875 0.5659241078125 0.4393798875 0.5659241078125 0.417134078125
8 0.6799999999999999 0.3874692734375 0.6622232140625 0.3874692734375 0.6622232140625 0.409715084375 0.6799999999999999 0.409715084375 0.6799999999999999 0.3874692734375
8 0.7303705359375 0.43011173124999996 0.6948169640625 0.43011173124999996 0.6948169640625 0.5116815640625 0.7303705359375 0.5116815640625 0.7303705359375 0.43011173124999996
8 0.668147321875 0.4338156421875 0.6459241078125 0.4338156421875 0.6459241078125 0.4746033515625 0.668147321875 0.4746033515625 0.668147321875 0.4338156421875
8 0.6785178578125 0.4764581 0.6370357140625 0.4764581 0.6370357140625 0.5135363125 0.6785178578125 0.5135363125 0.6785178578125 0.4764581
8 0.6251830359375 0.5302234640625 0.6014821421875001 0.5302234640625 0.6014821421875001 0.5673016765625001 0.6251830359375 0.5673016765625001 0.6251830359375 0.5302234640625
8 0.619258928125 0.565446928125 0.5822232140625 0.565446928125 0.5822232140625 0.5914022343750001 0.619258928125 0.5914022343750001 0.619258928125 0.565446928125
8 0.6251830359375 0.5914022343750001 0.6059241078125 0.5914022343750001 0.6059241078125 0.6192122906249999 0.6251830359375 0.6192122906249999 0.6251830359375 0.5914022343750001
8 0.7259241078125 0.537636871875 0.6740758921875 0.537636871875 0.6740758921875 0.6229162015624999 0.7259241078125 0.6229162015624999 0.7259241078125 0.537636871875
8 0.6785178578125 0.6303351953125 0.6385178578125 0.6303351953125 0.6385178578125 0.6674134078125 0.6785178578125 0.6674134078125 0.6785178578125 0.6303351953125
8 0.64740625 0.6525810062499999 0.6222232140624999 0.6525810062499999 0.6222232140624999 0.68780446875 0.64740625 0.68780446875 0.64740625 0.6525810062499999
8 0.6622232140625 0.6896592171875 0.620741071875 0.6896592171875 0.620741071875 0.721173184375 0.6622232140625 0.721173184375 0.6622232140625 0.6896592171875
8 0.5748169640625 0.6173575421875 0.5170357140624999 0.6173575421875 0.5170357140624999 0.6729720671874999 0.5748169640625 0.6729720671874999 0.5748169640625 0.6173575421875
8 0.579258928125 0.67111731875 0.5599999999999999 0.67111731875 0.5599999999999999 0.70634636875 0.579258928125 0.70634636875 0.579258928125 0.67111731875
8 0.5303705359374999 0.702636871875 0.491852678125 0.702636871875 0.491852678125 0.7341508375 0.5303705359374999 0.7341508375 0.5303705359374999 0.702636871875
8 0.3970357140625 0.6229162015624999 0.37777678593749997 0.6229162015624999 0.37777678593749997 0.63403910625 0.3970357140625 0.63403910625 0.3970357140625 0.6229162015624999