6 0.411852678125 0.565446928125 0.0014821421875 0.565446928125 0.0014821421875 0.997407821875 0.411852678125 0.997407821875 0.411852678125 0.565446928125
7 0.2888883921875 0.6080837984375 0.0088883921875 0.6080837984375 0.0088883921875 0.997407821875 0.2888883921875 0.997407821875 0.2888883921875 0.6080837984375
4 0.9970357140624999 0.9566256984375 0.9762946421875001 0.9566256984375 0.9762946421875001 0.98072625625 0.9970357140624999 0.98072625625 0.9970357140624999 0.9566256984375
8 0.691852678125 0.0982569828125 0.668147321875 0.0982569828125 0.668147321875 0.1279217875 0.691852678125 0.1279217875 0.691852678125 0.0982569828125
8 0.28740625 0.0018547484375 0.2622232140625 0.0018547484375 0.2622232140625 0.024100559375 0.28740625 0.024100559375 0.28740625 0.0018547484375
8 0.3748169640625 0.0148324015625 0.35259375 0.0148324015625 0.35259375 0.048201117187499996 0.3748169640625 0.048201117187499996 0.3748169640625 0.0148324015625
8 0.373334821875 0.051910614062500006 0.3496294640625 0.051910614062500006 0.3496294640625 0.074156425 0.373334821875 0.074156425 0.373334821875 0.051910614062500006
8 0.46814732187499997 0.16129050312499998 0.42666517812500004 0.16129050312499998 0.42666517812500004 0.1909553078125 0.46814732187499997 0.1909553078125 0.46814732187499997 0.16129050312499998
8 0.3896294640625 0.1297765359375 0.3540758921875 0.1297765359375 0.3540758921875 0.1594357546875 0.3896294640625 0.1594357546875 0.3896294640625 0.1297765359375
8 0.3437053578125 0.087134078125 0.29185267812500004 0.087134078125 0.29185267812500004 0.14831284843749998 0.3437053578125 0.14831284843749998 0.3437053578125 0.087134078125
8 0.31703571406250003 0.051910614062500006 0.29185267812500004 0.051910614062500006 0.29185267812500004 0.077865921875 0.31703571406250003 0.077865921875 0.31703571406250003 0.051910614062500006
8 0.2859241078125 0.0352234640625 0.26370535781250004 0.0352234640625 0.26370535781250004 0.053765362500000004 0.2859241078125 0.053765362500000004 0.2859241078125 0.0352234640625
8 0.22370535781249998 0.39488268125000003 0.186665178125 0.39488268125000003 0.186665178125 0.4486480453125 0.22370535781249998 0.4486480453125 0.22370535781249998 0.39488268125000003
8 0.20592410781249998 0.509826815625 0.179258928125 0.509826815625 0.179258928125 0.5506145250000001 0.20592410781249998 0.5506145250000001 0.20592410781249998 0.509826815625
8 0.268147321875 0.50426815625 0.2385178578125 0.50426815625 0.2385178578125 0.5765698328125 0.268147321875 0.5765698328125 0.268147321875 0.50426815625
8 0.33333482187499996 0.4931452515625 0.30222321406249997 0.4931452515625 0.30222321406249997 0.52280446875 0.33333482187499996 0.52280446875 0.33333482187499996 0.4931452515625
8 0.260741071875 0.5839832406250001 0.24 0.5839832406250001 0.24 0.6136480453125001 0.260741071875 0.6136480453125001 0.260741071875 0.5839832406250001
8 0.22370535781249998 0.6043798875 0.2029642859375 0.6043798875 0.2029642859375 0.62477095 0.22370535781249998 0.62477095 0.22370535781249998 0.6043798875
8 0.0577767859375 0.48572625625 0.026665178125 0.48572625625 0.026665178125 0.5116815640625 0.0577767859375 0.5116815640625 0.0577767859375 0.48572625625
8 0.0622232140625 0.20207821250000002 0.019258928124999998 0.20207821250000002 0.019258928124999998 0.24471508437499997 0.0622232140625 0.24471508437499997 0.0622232140625 0.20207821250000002
8 0.0370357140625 0.6766815640625 0.0103705359375 0.6766815640625 0.0103705359375 0.697072625 0.0370357140625 0.697072625 0.0370357140625 0.6766815640625
8 0.1111116078125 0.628480446875 0.06962946406250001 0.628480446875 0.06962946406250001 0.6637039109375 0.1111116078125 0.6637039109375 0.1111116078125 0.628480446875
8 0.08740624999999999 0.5302234640625 0.054816964062499994 0.5302234640625 0.054816964062499994 0.5580279328125 0.08740624999999999 0.5580279328125 0.08740624999999999 0.5302234640625
8 0.0414821421875 0.5394916203125 0.0059241078125 0.5394916203125 0.0059241078125 0.55988268125 0.0414821421875 0.55988268125 0.0414821421875 0.5394916203125
8 0 0.5876927375000001 0.03259375 0.5876927375000001 0.03259375 0.5432011171875 0 0.5432011171875 0 0.5876927375000001
8 0 0.52280446875 0.013334821875 0.52280446875 0.013334821875 0.5061229046875 0 0.5061229046875 0 0.52280446875
8 0.37037053593749997 0.7916256984375 0.355553571875 0.7916256984375 0.355553571875 0.821284915625 0.37037053593749997 0.821284915625 0.37037053593749997 0.7916256984375
8 0.8562946421875001 0.40044692812499993 0.8429642859375001 0.40044692812499993 0.8429642859375001 0.417134078125 0.8562946421875001 0.417134078125 0.8562946421875001 0.40044692812499993
5 0.9955535718749999 0.0389329609375 0.884446428125 0.0389329609375 0.884446428125 0.9269608937499999 0.9955535718749999 0.9269608937499999 0.9955535718749999 0.0389329609375
5 0.9955535718749999 0.8231396640625 0.6962946421875 0.8231396640625 0.6962946421875 0.997407821875 0.9955535718749999 0.997407821875 0.9955535718749999 0.8231396640625
2 0.44000000000000006 0.003709496875 0.0029642859375 0.003709496875 0.0029642859375 0.68780446875 0.44000000000000006 0.68780446875 0.44000000000000006 0.003709496875