5 0.47111160781250006 0.42083798906250003 0.3896294640625 0.42083798906250003 0.3896294640625 0.5450502796875 0.47111160781250006 0.5450502796875 0.47111160781250006 0.42083798906250003
7 0.2548169640625 0.721173184375 0.0014821421875 0.721173184375 0.0014821421875 0.9992625703125 0.2548169640625 0.9992625703125 0.2548169640625 0.721173184375
3 0.8148169640624999 0.022245809375 0.773334821875 0.022245809375 0.773334821875 0.11679888281249999 0.8148169640624999 0.11679888281249999 0.8148169640624999 0.022245809375
3 0.07851785781250001 0.152022346875 0.0222232140625 0.152022346875 0.0222232140625 0.21320111718749998 0.07851785781250001 0.21320111718749998 0.07851785781250001 0.152022346875
3 0.0829642859375 0.21691061406249998 0.059258928125 0.21691061406249998 0.059258928125 0.2576927375 0.0829642859375 0.2576927375 0.0829642859375 0.21691061406249998
3 0.0296294640625 0.21876536249999998 0.013334821875 0.21876536249999998 0.013334821875 0.23359217812500002 0.0296294640625 0.23359217812500002 0.0296294640625 0.21876536249999998
3 0.5748169640625 0.0296648046875 0.5481473218749999 0.0296648046875 0.5481473218749999 0.0574692734375 0.5748169640625 0.0574692734375 0.5748169640625 0.0296648046875
3 0.6029642859375001 0.053765362500000004 0.5896294640625 0.053765362500000004 0.5896294640625 0.068597765625 0.6029642859375001 0.068597765625 0.6029642859375001 0.053765362500000004
3 0.6177767859375 0.0723016765625 0.6 0.0723016765625 0.6 0.10011173124999999 0.6177767859375 0.10011173124999999 0.6177767859375 0.0723016765625
3 0.6251830359375 0.170558659375 0.6 0.170558659375 0.6 0.1965139671875 0.6251830359375 0.1965139671875 0.6251830359375 0.170558659375
3 0.691852678125 0.0667430171875 0.6740758921875 0.0667430171875 0.6740758921875 0.0852793296875 0.691852678125 0.0852793296875 0.691852678125 0.0667430171875
8 0.6014821421875001 0.55988268125 0.579258928125 0.55988268125 0.579258928125 0.5988156421874999 0.6014821421875001 0.5988156421874999 0.6014821421875001 0.55988268125
8 0.5851830359375 0.609938546875 0.5540758921875 0.609938546875 0.5540758921875 0.6562905031249999 0.5851830359375 0.6562905031249999 0.5851830359375 0.609938546875
8 0.5688883921875 0.6729720671874999 0.5496294640625 0.6729720671874999 0.5496294640625 0.6896592171875 0.5688883921875 0.6896592171875 0.5688883921875 0.6729720671874999
8 0.5051830359375 0.7322960890625 0.4903705359375 0.7322960890625 0.4903705359375 0.7471284921875 0.5051830359375 0.7471284921875 0.5051830359375 0.7322960890625
8 0.9629642859375 0.2929217875 0.9422232140625001 0.2929217875 0.9422232140625001 0.3188770953125 0.9629642859375 0.3188770953125 0.9629642859375 0.2929217875
8 0.940741071875 0.242865921875 0.924446428125 0.242865921875 0.924446428125 0.261402234375 0.940741071875 0.261402234375 0.940741071875 0.242865921875
8 0.3629642859375 0.3596592171875 0.340741071875 0.3596592171875 0.340741071875 0.385614525 0.3629642859375 0.385614525 0.3629642859375 0.3596592171875
8 0.4014821421875 0.298480446875 0.38222321406250004 0.298480446875 0.38222321406250004 0.317022346875 0.4014821421875 0.317022346875 0.4014821421875 0.298480446875
8 0.38518303593750003 0.3615139671875 0.3688883921875 0.3615139671875 0.3688883921875 0.389324021875 0.38518303593750003 0.389324021875 0.38518303593750003 0.3615139671875
8 0.4 0.3837597765625 0.3748169640625 0.3837597765625 0.3748169640625 0.42083798906250003 0.4 0.42083798906250003 0.4 0.3837597765625
8 0.3688883921875 0.46718994374999995 0.3422232140625 0.46718994374999995 0.3422232140625 0.4987039109375 0.3688883921875 0.4987039109375 0.3688883921875 0.46718994374999995
8 0.364446428125 0.50426815625 0.3377767859375 0.50426815625 0.3377767859375 0.528368715625 0.364446428125 0.528368715625 0.364446428125 0.50426815625
8 0.36740625 0.533927375 0.35259375 0.533927375 0.35259375 0.5450502796875 0.36740625 0.5450502796875 0.36740625 0.533927375
8 0.36 0.1761229046875 0.3377767859375 0.1761229046875 0.3377767859375 0.1965139671875 0.36 0.1965139671875 0.36 0.1761229046875
8 0.3911116078125 0.1594357546875 0.364446428125 0.1594357546875 0.364446428125 0.1909553078125 0.3911116078125 0.1909553078125 0.3911116078125 0.1594357546875
8 0.37629464218750003 0.090843575 0.3496294640625 0.090843575 0.3496294640625 0.1353351953125 0.37629464218750003 0.1353351953125 0.37629464218750003 0.090843575
8 0.364446428125 0.0111229046875 0.331852678125 0.0111229046875 0.331852678125 0.02781005625 0.364446428125 0.02781005625 0.364446428125 0.0111229046875
8 0.299258928125 0.033368715625 0.251852678125 0.033368715625 0.251852678125 0.048201117187499996 0.299258928125 0.048201117187499996 0.299258928125 0.033368715625
8 0.4770357140625 0 0.4770357140625 0.00926815625 0.493334821875 0.00926815625 0.493334821875 0 0.4770357140625 0
8 0.3422232140625 0.07972067031249999 0.3303705359375 0.07972067031249999 0.3303705359375 0.0926983234375 0.3422232140625 0.0926983234375 0.3422232140625 0.07972067031249999