7 0.2548169640625 0.031513967187500005 0.0029642859375 0.031513967187500005 0.0029642859375 0.997407821875 0.2548169640625 0.997407821875 0.2548169640625 0.031513967187500005
4 0.9970357140624999 0.9529162015624999 0.9762946421875001 0.9529162015624999 0.9762946421875001 0.9788715078125 0.9970357140624999 0.9788715078125 0.9970357140624999 0.9529162015624999
8 0.7229642859375 0.37634636875 0.7022232140625 0.37634636875 0.7022232140625 0.41342458125 0.7229642859375 0.41342458125 0.7229642859375 0.37634636875
8 0.8370357140625 0.7137597765625 0.8207410718749999 0.7137597765625 0.8207410718749999 0.7415698328125 0.8370357140625 0.7415698328125 0.8370357140625 0.7137597765625
8 0.8592589281249999 0.665558659375 0.8503705359374999 0.665558659375 0.8503705359374999 0.684094971875 0.8592589281249999 0.684094971875 0.8592589281249999 0.665558659375
8 0.9259241078124999 0.07972067031249999 0.8948169640625 0.07972067031249999 0.8948169640625 0.11679888281249999 0.9259241078124999 0.11679888281249999 0.9259241078124999 0.07972067031249999
8 0.8903705359374999 0.0760111734375 0.8814821421874999 0.0760111734375 0.8814821421874999 0.0926983234375 0.8903705359374999 0.0926983234375 0.8903705359374999 0.0760111734375
8 0.7940758921875 0.0259553078125 0.7703705359375 0.0259553078125 0.7703705359375 0.051910614062500006 0.7940758921875 0.051910614062500006 0.7940758921875 0.0259553078125
8 0.6799999999999999 0.170558659375 0.6548169640625 0.170558659375 0.6548169640625 0.2094916203125 0.6799999999999999 0.2094916203125 0.6799999999999999 0.170558659375
8 0.5837053578125 0.142754190625 0.564446428125 0.142754190625 0.564446428125 0.1724134078125 0.5837053578125 0.1724134078125 0.5837053578125 0.142754190625
8 0.56740625 0.0852793296875 0.55259375 0.0852793296875 0.55259375 0.1112346375 0.56740625 0.1112346375 0.56740625 0.0852793296875
8 0.2429642859375 0.06303352031250001 0.2148169640625 0.06303352031250001 0.2148169640625 0.1038212296875 0.2429642859375 0.1038212296875 0.2429642859375 0.06303352031250001
8 0.2651830359375 0.040787709374999995 0.2429642859375 0.040787709374999995 0.2429642859375 0.0723016765625 0.2651830359375 0.0723016765625 0.2651830359375 0.040787709374999995
8 0.29185267812500004 0.06488826875 0.2785178578125 0.06488826875 0.2785178578125 0.090843575 0.29185267812500004 0.090843575 0.29185267812500004 0.06488826875
8 0.2829642859375 0.1130893859375 0.268147321875 0.1130893859375 0.268147321875 0.142754190625 0.2829642859375 0.142754190625 0.2829642859375 0.1130893859375
8 0.306665178125 0.12235754218749999 0.2903705359375 0.12235754218749999 0.2903705359375 0.15573184375 0.306665178125 0.15573184375 0.306665178125 0.12235754218749999
8 0.35259375 0.1853910609375 0.3288883921875 0.1853910609375 0.3288883921875 0.2410111734375 0.35259375 0.2410111734375 0.35259375 0.1853910609375
8 0.1422232140625 0.37634636875 0.12592410781250002 0.37634636875 0.12592410781250002 0.4338156421875 0.1422232140625 0.4338156421875 0.1422232140625 0.37634636875
8 0.31851785781249997 0.8416815640624999 0.30222321406249997 0.8416815640624999 0.30222321406249997 0.8880279328125 0.31851785781249997 0.8880279328125 0.31851785781249997 0.8416815640624999
8 0.2977767859375 0.960329609375 0.2740758921875 0.960329609375 0.2740758921875 0.997407821875 0.2977767859375 0.997407821875 0.2977767859375 0.960329609375
8 0.1762946421875 0.628480446875 0.1614821421875 0.628480446875 0.1614821421875 0.66926815625 0.1762946421875 0.66926815625 0.1762946421875 0.628480446875
8 0.9348169640625 0.14089944062499998 0.9229642859375 0.14089944062499998 0.9229642859375 0.15758100625 0.9348169640625 0.15758100625 0.9348169640625 0.14089944062499998
3 0.6888883921875 0.8991508375 0.6577767859375 0.8991508375 0.6577767859375 0.9380837984375001 0.6888883921875 0.9380837984375001 0.6888883921875 0.8991508375
5 0.9955535718749999 0.1316256984375 0.939258928125 0.1316256984375 0.939258928125 0.8694916203125 0.9955535718749999 0.8694916203125 0.9955535718749999 0.1316256984375
2 0.31703571406250003 0.0018547484375 0.0014821421875 0.0018547484375 0.0014821421875 0.9881396640625001 0.31703571406250003 0.9881396640625001 0.31703571406250003 0.0018547484375