7 0.299258928125 0.62477095 0.0088883921875 0.62477095 0.0088883921875 0.9992625703125 0.299258928125 0.9992625703125 0.299258928125 0.62477095
8 0.6859241078125 0.077865921875 0.6577767859375 0.077865921875 0.6577767859375 0.11679888281249999 0.6859241078125 0.11679888281249999 0.6859241078125 0.077865921875
8 0.851852678125 0.389324021875 0.8385178578125 0.389324021875 0.8385178578125 0.40786033593750004 0.851852678125 0.40786033593750004 0.851852678125 0.389324021875
8 0.435553571875 0.15573184375 0.4177767859375 0.15573184375 0.4177767859375 0.1835363125 0.435553571875 0.1835363125 0.435553571875 0.15573184375
8 0.3570357140625 0.0389329609375 0.3377767859375 0.0389329609375 0.3377767859375 0.0667430171875 0.3570357140625 0.0667430171875 0.3570357140625 0.0389329609375
8 0.33925892812499997 0 0.33925892812499997 0.0166871515625 0.3540758921875 0.0166871515625 0.3540758921875 0 0.33925892812499997 0
8 0.2503705359375 0 0.2503705359375 0.00926815625 0.2696294640625 0.00926815625 0.2696294640625 0 0.2503705359375 0
8 0.266665178125 0.024100559375 0.2503705359375 0.024100559375 0.2503705359375 0.040787709374999995 0.266665178125 0.040787709374999995 0.266665178125 0.024100559375
8 0.2962946421875 0.0370782125 0.27999999999999997 0.0370782125 0.27999999999999997 0.059324021875 0.2962946421875 0.059324021875 0.2962946421875 0.0370782125
8 0.3303705359375 0.0723016765625 0.2829642859375 0.0723016765625 0.2829642859375 0.13718994375 0.3303705359375 0.13718994375 0.3303705359375 0.0723016765625
8 0.260741071875 0.070446928125 0.2459241078125 0.070446928125 0.2459241078125 0.090843575 0.260741071875 0.090843575 0.260741071875 0.070446928125
8 0.3570357140625 0.12050279374999999 0.3422232140625 0.12050279374999999 0.3422232140625 0.14089944062499998 0.3570357140625 0.14089944062499998 0.3570357140625 0.12050279374999999
8 0.37629464218750003 0.11865363124999999 0.3585178578125 0.11865363124999999 0.3585178578125 0.1353351953125 0.37629464218750003 0.1353351953125 0.37629464218750003 0.11865363124999999
8 0.2088883921875 0.3837597765625 0.1762946421875 0.3837597765625 0.1762946421875 0.4486480453125 0.2088883921875 0.4486480453125 0.2088883921875 0.3837597765625
8 0.1377767859375 0.444938546875 0.124446428125 0.444938546875 0.124446428125 0.4653351953125 0.1377767859375 0.4653351953125 0.1377767859375 0.444938546875
8 0.031111607812499997 0.20022346406249997 0.0074062500000000005 0.20022346406249997 0.0074062500000000005 0.22988826874999999 0.031111607812499997 0.22988826874999999 0.031111607812499997 0.20022346406249997
8 0 0.29477095000000003 0.011852678125 0.29477095000000003 0.011852678125 0.26511173125 0 0.26511173125 0 0.29477095000000003
8 0.25777678593750003 0.5135363125 0.22666517812500003 0.5135363125 0.22666517812500003 0.5765698328125 0.25777678593750003 0.5765698328125 0.25777678593750003 0.5135363125
8 0.251852678125 0.5951061453125 0.23703571406249999 0.5951061453125 0.23703571406249999 0.6136480453125001 0.251852678125 0.6136480453125001 0.251852678125 0.5951061453125
8 0.2177767859375 0.6080837984375 0.195553571875 0.6080837984375 0.195553571875 0.628480446875 0.2177767859375 0.628480446875 0.2177767859375 0.6080837984375
8 0.3096294640625 0.49684916250000005 0.2888883921875 0.49684916250000005 0.2888883921875 0.5246592171875 0.3096294640625 0.5246592171875 0.3096294640625 0.49684916250000005
8 0.035553571875 0.4894357546875 0.011852678125 0.4894357546875 0.011852678125 0.5209497203125 0.035553571875 0.5209497203125 0.035553571875 0.4894357546875
8 0.0711116078125 0.5357821234375 0.0340758921875 0.5357821234375 0.0340758921875 0.5802793296875 0.0711116078125 0.5802793296875 0.0711116078125 0.5357821234375
8 0.04740625 0.5765698328125 0.0340758921875 0.5765698328125 0.0340758921875 0.5914022343750001 0.04740625 0.5914022343750001 0.04740625 0.5765698328125
8 0 0.6525810062499999 0.0429642859375 0.6525810062499999 0.0429642859375 0.5302234640625 0 0.5302234640625 0 0.6525810062499999
8 0.066665178125 0.647016759375 0.051852678124999996 0.647016759375 0.051852678124999996 0.6674134078125 0.066665178125 0.6674134078125 0.066665178125 0.647016759375
8 0.013334821875 0.6618491625 0.0014821421875 0.6618491625 0.0014821421875 0.6822402234375 0.013334821875 0.6822402234375 0.013334821875 0.6618491625
8 0.19407589218750002 0.5209497203125 0.1688883921875 0.5209497203125 0.1688883921875 0.5561787703125 0.19407589218750002 0.5561787703125 0.19407589218750002 0.5209497203125
8 0.1629642859375 0.537636871875 0.15259375 0.537636871875 0.15259375 0.5617374296875 0.1629642859375 0.5617374296875 0.1629642859375 0.537636871875
8 0.3585178578125 0.569156425 0.3451830359375 0.569156425 0.3451830359375 0.5895474859375 0.3585178578125 0.5895474859375 0.3585178578125 0.569156425
8 0.6429642859375 0.9010055859375001 0.6325937500000001 0.9010055859375001 0.6325937500000001 0.9176927375 0.6429642859375 0.9176927375 0.6429642859375 0.9010055859375001
6 0.3940758921875 0.5673016765625001 0.0044464281250000005 0.5673016765625001 0.0044464281250000005 0.997407821875 0.3940758921875 0.997407821875 0.3940758921875 0.5673016765625001
4 0.9970357140624999 0.95477095 0.9762946421875001 0.95477095 0.9762946421875001 0.9770167593749999 0.9970357140624999 0.9770167593749999 0.9970357140624999 0.95477095
3 0.4829642859375 0.20393296093750002 0.451852678125 0.20393296093750002 0.451852678125 0.235446928125 0.4829642859375 0.235446928125 0.4829642859375 0.20393296093750002
8 0.37629464218750003 0.79903910625 0.3570357140625 0.79903910625 0.3570357140625 0.8268491625 0.37629464218750003 0.8268491625 0.37629464218750003 0.79903910625
8 0.348147321875 0.7786480453125 0.3362946421875 0.7786480453125 0.3362946421875 0.7971843578125 0.348147321875 0.7971843578125 0.348147321875 0.7786480453125
5 0.9911116078125 0.012977653124999999 0.8711116078125001 0.012977653124999999 0.8711116078125001 0.9399385468749999 0.9911116078125 0.9399385468749999 0.9911116078125 0.012977653124999999
5 0.9866651781250001 0.8528044687499999 0.72740625 0.8528044687499999 0.72740625 0.9918491625 0.9866651781250001 0.9918491625 0.9866651781250001 0.8528044687499999
2 0.11703571406249999 0.187245809375 0.0014821421875 0.187245809375 0.0014821421875 0.68780446875 0.11703571406249999 0.68780446875 0.11703571406249999 0.187245809375