5 0.6785178578125 0.32258100624999997 0.5570357140625 0.32258100624999997 0.5570357140625 0.4783128484375 0.6785178578125 0.4783128484375 0.6785178578125 0.32258100624999997
7 0 0.9992625703125 0.228147321875 0.9992625703125 0.228147321875 0.1297765359375 0 0.1297765359375 0 0.9992625703125
7 0.419258928125 0.72488268125 0.2296294640625 0.72488268125 0.2296294640625 0.9992625703125 0.419258928125 0.9992625703125 0.419258928125 0.72488268125
3 0.1511116078125 0.20207821250000002 0.124446428125 0.20207821250000002 0.124446428125 0.23173742968750002 0.1511116078125 0.23173742968750002 0.1511116078125 0.20207821250000002
3 0.9037053578125 0.074156425 0.8800000000000001 0.074156425 0.8800000000000001 0.10196647968749999 0.9037053578125 0.10196647968749999 0.9037053578125 0.074156425
3 0.6429642859375 0 0.6429642859375 0.022245809375 0.6666651781249999 0.022245809375 0.6666651781249999 0 0.6429642859375 0
3 0.71259375 0.389324021875 0.6903705359375001 0.389324021875 0.6903705359375001 0.41527932968750003 0.71259375 0.41527932968750003 0.71259375 0.389324021875
8 0.635553571875 0.2576927375 0.613334821875 0.2576927375 0.613334821875 0.2836480453125 0.635553571875 0.2836480453125 0.635553571875 0.2576927375
8 0.7511116078125 0.252134078125 0.7288883921875 0.252134078125 0.7288883921875 0.2762346375 0.7511116078125 0.2762346375 0.7511116078125 0.252134078125
8 0.7288883921875 0.26511173125 0.7037053578125 0.26511173125 0.7037053578125 0.29662569843750003 0.7288883921875 0.29662569843750003 0.7288883921875 0.26511173125
8 0.7081473218750001 0.0018547484375 0.6637053578125001 0.0018547484375 0.6637053578125001 0.0166871515625 0.7081473218750001 0.0166871515625 0.7081473218750001 0.0018547484375
8 0.6325937500000001 0.0055642453125 0.60740625 0.0055642453125 0.60740625 0.02781005625 0.6325937500000001 0.02781005625 0.6325937500000001 0.0055642453125
8 0.6948169640625 0.1316256984375 0.6637053578125001 0.1316256984375 0.6637053578125001 0.16129050312499998 0.6948169640625 0.16129050312499998 0.6948169640625 0.1316256984375
8 0.6548169640625 0.14089944062499998 0.626665178125 0.14089944062499998 0.626665178125 0.16499999999999998 0.6548169640625 0.16499999999999998 0.6548169640625 0.14089944062499998
8 0.8503705359374999 0.41342458125 0.8192589281249999 0.41342458125 0.8192589281249999 0.435670390625 0.8503705359374999 0.435670390625 0.8503705359374999 0.41342458125
8 0.8414821421875001 0.42269273749999997 0.7896294640625 0.42269273749999997 0.7896294640625 0.46348044687499995 0.8414821421875001 0.46348044687499995 0.8414821421875001 0.42269273749999997
8 0.8192589281249999 0.46348044687499995 0.795553571875 0.46348044687499995 0.795553571875 0.482016759375 0.8192589281249999 0.482016759375 0.8192589281249999 0.46348044687499995
8 0.8222232140625 0.4783128484375 0.7748169640625 0.4783128484375 0.7748169640625 0.54134636875 0.8222232140625 0.54134636875 0.8222232140625 0.4783128484375
8 0.786665178125 0.54134636875 0.7644464281250001 0.54134636875 0.7644464281250001 0.5635921781250001 0.786665178125 0.5635921781250001 0.786665178125 0.54134636875
8 0.746665178125 0.4931452515625 0.724446428125 0.4931452515625 0.724446428125 0.5153910609375 0.746665178125 0.5153910609375 0.746665178125 0.4931452515625
8 0.8592589281249999 0.532072625 0.8370357140625 0.532072625 0.8370357140625 0.5821284921875 0.8592589281249999 0.5821284921875 0.8592589281249999 0.532072625
8 0.853334821875 0.5988156421874999 0.8118526781250001 0.5988156421874999 0.8118526781250001 0.6599944140625 0.853334821875 0.6599944140625 0.853334821875 0.5988156421874999
8 0.7570357140625 0.5876927375000001 0.7081473218750001 0.5876927375000001 0.7081473218750001 0.65072625625 0.7570357140625 0.65072625625 0.7570357140625 0.5876927375000001
8 0.7748169640625 0.5858379890625 0.7614821421875 0.5858379890625 0.7614821421875 0.6080837984375 0.7748169640625 0.6080837984375 0.7748169640625 0.5858379890625
8 0.80740625 0.6803910609375 0.788147321875 0.6803910609375 0.788147321875 0.721173184375 0.80740625 0.721173184375 0.80740625 0.6803910609375
8 0.6296294640625 0.6192122906249999 0.580741071875 0.6192122906249999 0.580741071875 0.711905028125 0.6296294640625 0.711905028125 0.6296294640625 0.6192122906249999
8 0.6014821421875001 0.5876927375000001 0.580741071875 0.5876927375000001 0.580741071875 0.6136480453125001 0.6014821421875001 0.6136480453125001 0.6014821421875001 0.5876927375000001
8 0.6799999999999999 0.62477095 0.651852678125 0.62477095 0.651852678125 0.6544357546875 0.6799999999999999 0.6544357546875 0.6799999999999999 0.62477095
8 0.7748169640625 0.6803910609375 0.6340758921874999 0.6803910609375 0.6340758921874999 0.7601061453125 0.7748169640625 0.7601061453125 0.7748169640625 0.6803910609375
8 0.6162946421875 0.8639273749999999 0.6014821421875001 0.8639273749999999 0.6014821421875001 0.8880279328125 0.6162946421875 0.8880279328125 0.6162946421875 0.8639273749999999
8 0.5348169640625 0.795329609375 0.506665178125 0.795329609375 0.506665178125 0.8249944140625001 0.5348169640625 0.8249944140625001 0.5348169640625 0.795329609375
8 0.5288883921875 0.454212290625 0.5155535718750001 0.454212290625 0.5155535718750001 0.4690446921875 0.5288883921875 0.4690446921875 0.5288883921875 0.454212290625
8 0.5274062500000001 0.380055865625 0.5185178578125 0.380055865625 0.5185178578125 0.39673742968750003 0.5274062500000001 0.39673742968750003 0.5274062500000001 0.380055865625
3 0.22074107187499997 0.0556201125 0.20444642812499997 0.0556201125 0.20444642812499997 0.074156425 0.22074107187499997 0.074156425 0.22074107187499997 0.0556201125
3 0.6162946421875 0.5506145250000001 0.5940758921875 0.5506145250000001 0.5940758921875 0.574715084375 0.6162946421875 0.574715084375 0.6162946421875 0.5506145250000001
3 0.6177767859375 0.8305586593750001 0.6014821421875001 0.8305586593750001 0.6014821421875001 0.8509497203124999 0.6177767859375 0.8509497203124999 0.6177767859375 0.8305586593750001
8 0.675553571875 0.6544357546875 0.6533348218749999 0.6544357546875 0.6533348218749999 0.6729720671874999 0.675553571875 0.6729720671874999 0.675553571875 0.6544357546875
3 0.7170357140625 0.13718994375 0.700741071875 0.13718994375 0.700741071875 0.16685474843749998 0.7170357140625 0.16685474843749998 0.7170357140625 0.13718994375
8 0.580741071875 0.2873575421875 0.5496294640625 0.2873575421875 0.5496294640625 0.317022346875 0.580741071875 0.317022346875 0.580741071875 0.2873575421875