8 0.684446428125 0.65072625625 0.6251830359375 0.65072625625 0.6251830359375 0.74527374375 0.684446428125 0.74527374375 0.684446428125 0.65072625625
8 0.668147321875 0.74527374375 0.64 0.74527374375 0.64 0.77122905 0.668147321875 0.77122905 0.668147321875 0.74527374375
8 0.71259375 0.7675251390625 0.6577767859375 0.7675251390625 0.6577767859375 0.802748603125 0.71259375 0.802748603125 0.71259375 0.7675251390625
8 0.7777767859375 0.6433128484374999 0.7525937500000001 0.6433128484374999 0.7525937500000001 0.68780446875 0.7777767859375 0.68780446875 0.7777767859375 0.6433128484374999
8 0.7259241078125 0.698927375 0.6948169640625 0.698927375 0.6948169640625 0.74527374375 0.7259241078125 0.74527374375 0.7259241078125 0.698927375
8 0.8459241078125 0.5469050281250001 0.7629642859375 0.5469050281250001 0.7629642859375 0.647016759375 0.8459241078125 0.647016759375 0.8459241078125 0.5469050281250001
8 0.8829642859375 0.6433128484374999 0.8414821421875001 0.6433128484374999 0.8414821421875001 0.7322960890625 0.8829642859375 0.7322960890625 0.8829642859375 0.6433128484374999
8 0.8103705359375001 0.7767932953125001 0.715553571875 0.7767932953125001 0.715553571875 0.8249944140625001 0.8103705359375001 0.8249944140625001 0.8103705359375001 0.7767932953125001
8 0.8414821421875001 0.74342458125 0.8088883921875001 0.74342458125 0.8088883921875001 0.795329609375 0.8414821421875001 0.795329609375 0.8414821421875001 0.74342458125
8 0.72 0.6581396640625 0.7081473218750001 0.6581396640625 0.7081473218750001 0.67111731875 0.72 0.67111731875 0.72 0.6581396640625
8 0.8222232140625 0.48387150781250005 0.7985178578125 0.48387150781250005 0.7985178578125 0.519100559375 0.8222232140625 0.519100559375 0.8222232140625 0.48387150781250005
8 0.884446428125 0.4931452515625 0.8459241078125 0.4931452515625 0.8459241078125 0.5265139671875 0.884446428125 0.5265139671875 0.884446428125 0.4931452515625
8 0.8459241078125 0.5135363125 0.8296294640624999 0.5135363125 0.8296294640624999 0.533927375 0.8459241078125 0.533927375 0.8459241078125 0.5135363125
8 0.7940758921875 0.3466815640625 0.739258928125 0.3466815640625 0.739258928125 0.40044692812499993 0.7940758921875 0.40044692812499993 0.7940758921875 0.3466815640625
8 0.68740625 0.335558659375 0.6459241078125 0.335558659375 0.6459241078125 0.380055865625 0.68740625 0.380055865625 0.68740625 0.335558659375
8 0.7525937500000001 0.22988826874999999 0.6814821421875 0.22988826874999999 0.6814821421875 0.2632569828125 0.7525937500000001 0.2632569828125 0.7525937500000001 0.22988826874999999
8 0.6177767859375 0.8528044687499999 0.6059241078125 0.8528044687499999 0.6059241078125 0.87319553125 0.6177767859375 0.87319553125 0.6177767859375 0.8528044687499999
8 0.56740625 0.880614525 0.5377767859375 0.880614525 0.5377767859375 0.9028603359374999 0.56740625 0.9028603359374999 0.56740625 0.880614525
8 0.5822232140625 0.90841899375 0.5614821421875 0.90841899375 0.5614821421875 0.9269608937499999 0.5822232140625 0.9269608937499999 0.5822232140625 0.90841899375
8 0.67259375 0.0945474859375 0.6503705359375 0.0945474859375 0.6503705359375 0.11865363124999999 0.67259375 0.11865363124999999 0.67259375 0.0945474859375
8 0.7540758921874999 0.08342458124999999 0.6770357140625001 0.08342458124999999 0.6770357140625001 0.10752513906250001 0.7540758921874999 0.10752513906250001 0.7540758921874999 0.08342458124999999
8 0.6 0 0.6 0.0148324015625 0.6162946421875 0.0148324015625 0.6162946421875 0 0.6 0
8 0.7525937500000001 0.5116815640625 0.7422232140625 0.5116815640625 0.7422232140625 0.5302234640625 0.7525937500000001 0.5302234640625 0.7525937500000001 0.5116815640625
8 0.7540758921874999 0.4894357546875 0.7437053578125 0.4894357546875 0.7437053578125 0.50426815625 0.7540758921874999 0.50426815625 0.7540758921874999 0.4894357546875
8 0.7688883921875 0.48758100625 0.7585178578125 0.48758100625 0.7585178578125 0.50426815625 0.7688883921875 0.50426815625 0.7688883921875 0.48758100625
7 0 0.997407821875 0.2162946421875 0.997407821875 0.2162946421875 0.10011173124999999 0 0.10011173124999999 0 0.997407821875
7 0.3496294640625 0.8305586593750001 0.219258928125 0.8305586593750001 0.219258928125 0.997407821875 0.3496294640625 0.997407821875 0.3496294640625 0.8305586593750001
3 0.244446428125 0.40044692812499993 0.22666517812500003 0.40044692812499993 0.22666517812500003 0.43011173124999996 0.244446428125 0.43011173124999996 0.244446428125 0.40044692812499993
3 0.308147321875 0.11865363124999999 0.29185267812500004 0.11865363124999999 0.29185267812500004 0.14089944062499998 0.308147321875 0.14089944062499998 0.308147321875 0.11865363124999999
3 0.2948169640625 0.19281005625 0.2770357140625 0.19281005625 0.2770357140625 0.220614525 0.2948169640625 0.220614525 0.2948169640625 0.19281005625
3 0.28740625 0.0389329609375 0.26370535781250004 0.0389329609375 0.26370535781250004 0.0611787703125 0.28740625 0.0611787703125 0.28740625 0.0389329609375
3 0.24148214218750003 0 0.24148214218750003 0.022245809375 0.28740625 0.022245809375 0.28740625 0 0.24148214218750003 0
3 0.4740758921875 0.0889888265625 0.4562946421875 0.0889888265625 0.4562946421875 0.1038212296875 0.4740758921875 0.1038212296875 0.4740758921875 0.0889888265625
5 0.72740625 0.40786033593750004 0.6014821421875001 0.40786033593750004 0.6014821421875001 0.5765698328125 0.72740625 0.5765698328125 0.72740625 0.40786033593750004
3 0.9422232140625001 0.12421229062500001 0.9051830359374999 0.12421229062500001 0.9051830359374999 0.142754190625 0.9422232140625001 0.142754190625 0.9422232140625001 0.12421229062500001
3 0.9214821421874999 0.14460335156249998 0.900741071875 0.14460335156249998 0.900741071875 0.1965139671875 0.9214821421874999 0.1965139671875 0.9214821421874999 0.14460335156249998
3 0.7629642859375 0.0203910609375 0.7437053578125 0.0203910609375 0.7437053578125 0.0444916203125 0.7629642859375 0.0444916203125 0.7629642859375 0.0203910609375
3 0.299258928125 0.0111229046875 0.22370535781249998 0.0111229046875 0.22370535781249998 0.07972067031249999 0.299258928125 0.07972067031249999 0.299258928125 0.0111229046875
3 0.6740758921875 0.9584748609375 0.6237053578125 0.9584748609375 0.6237053578125 0.9881396640625001 0.6740758921875 0.9881396640625001 0.6740758921875 0.9584748609375
3 0.7659241078125001 0.70634636875 0.748147321875 0.70634636875 0.748147321875 0.72488268125 0.7659241078125001 0.72488268125 0.7659241078125001 0.70634636875
3 0.7570357140625 0.721173184375 0.7407410718749999 0.721173184375 0.7407410718749999 0.7415698328125 0.7570357140625 0.7415698328125 0.7570357140625 0.721173184375
3 0.7407410718749999 0.72488268125 0.72740625 0.72488268125 0.72740625 0.748983240625 0.7407410718749999 0.748983240625 0.7407410718749999 0.72488268125
3 0.411852678125 0.0111229046875 0.3940758921875 0.0111229046875 0.3940758921875 0.031513967187500005 0.411852678125 0.031513967187500005 0.411852678125 0.0111229046875