8 0.259258928125 0 0.259258928125 0.022245809375 0.299258928125 0.022245809375 0.299258928125 0 0.259258928125 0
8 0.32592410781250003 0.0111229046875 0.30518303593749996 0.0111229046875 0.30518303593749996 0.031513967187500005 0.32592410781250003 0.031513967187500005 0.32592410781250003 0.0111229046875
8 0.7051830359375 0.0166871515625 0.6429642859375 0.0166871515625 0.6429642859375 0.0982569828125 0.7051830359375 0.0982569828125 0.7051830359375 0.0166871515625
8 0.4 0.10011173124999999 0.36 0.10011173124999999 0.36 0.14460335156249998 0.4 0.14460335156249998 0.4 0.10011173124999999
8 0.37777678593749997 0.022245809375 0.2 0.022245809375 0.2 0.087134078125 0.37777678593749997 0.087134078125 0.37777678593749997 0.022245809375
8 0.13925892812500001 0.39673742968750003 0.0429642859375 0.39673742968750003 0.0429642859375 0.5209497203125 0.13925892812500001 0.5209497203125 0.13925892812500001 0.39673742968750003
8 0.048888392187500004 0.5302234640625 0.0177767859375 0.5302234640625 0.0177767859375 0.565446928125 0.048888392187500004 0.565446928125 0.048888392187500004 0.5302234640625
8 0.19407589218750002 0.5024134078125 0.1540758921875 0.5024134078125 0.1540758921875 0.533927375 0.19407589218750002 0.533927375 0.19407589218750002 0.5024134078125
8 0.3511116078125 0.5839832406250001 0.315553571875 0.5839832406250001 0.315553571875 0.6915139671875 0.3511116078125 0.6915139671875 0.3511116078125 0.5839832406250001
8 0.1659241078125 0.574715084375 0.028147321875 0.574715084375 0.028147321875 0.6803910609375 0.1659241078125 0.6803910609375 0.1659241078125 0.574715084375
8 0 0.693368715625 0.0103705359375 0.693368715625 0.0103705359375 0.6155027937499999 0 0.6155027937499999 0 0.693368715625
8 0.051852678124999996 0.6952178765625 0.014816964062499998 0.6952178765625 0.014816964062499998 0.7786480453125 0.051852678124999996 0.7786480453125 0.051852678124999996 0.6952178765625
8 0.115553571875 0.7341508375 0.044446428125 0.7341508375 0.044446428125 0.9010055859375001 0.115553571875 0.9010055859375001 0.115553571875 0.7341508375
8 0.4637053578125 0.63403910625 0.40740625 0.63403910625 0.40740625 0.711905028125 0.4637053578125 0.711905028125 0.4637053578125 0.63403910625
8 0.4562946421875 0.7267374296875 0.4251830359375 0.7267374296875 0.4251830359375 0.8416815640624999 0.4562946421875 0.8416815640624999 0.4562946421875 0.7267374296875
7 0.444446428125 0.42640223437499997 0.1422232140625 0.42640223437499997 0.1422232140625 0.997407821875 0.444446428125 0.997407821875 0.444446428125 0.42640223437499997
8 0.1437053578125 0.70819553125 0.115553571875 0.70819553125 0.115553571875 0.8787597765624999 0.1437053578125 0.8787597765624999 0.1437053578125 0.70819553125
4 0.9970357140624999 0.9566256984375 0.9748169640625 0.9566256984375 0.9748169640625 0.9788715078125 0.9970357140624999 0.9788715078125 0.9970357140624999 0.9566256984375
8 0.1303705359375 0.0296648046875 0.10222321406249998 0.0296648046875 0.10222321406249998 0.04634636875 0.1303705359375 0.04634636875 0.1303705359375 0.0296648046875
8 0.5822232140625 0.2688212296875 0.564446428125 0.2688212296875 0.564446428125 0.298480446875 0.5822232140625 0.298480446875 0.5822232140625 0.2688212296875
5 0.9955535718749999 0.1835363125 0.96740625 0.1835363125 0.96740625 0.8917374296875 0.9955535718749999 0.8917374296875 0.9955535718749999 0.1835363125
5 0.9940758921875 0.6025251390624999 0.9125937499999999 0.6025251390624999 0.9125937499999999 0.9010055859375001 0.9940758921875 0.9010055859375001 0.9940758921875 0.6025251390624999
2 0.9955535718749999 0.0018547484375 0.0014821421875 0.0018547484375 0.0014821421875 0.995553071875 0.9955535718749999 0.995553071875 0.9955535718749999 0.0018547484375