7 0.25777678593750003 0.11865363124999999 0.0029642859375 0.11865363124999999 0.0029642859375 0.9714525140625 0.25777678593750003 0.9714525140625 0.25777678593750003 0.11865363124999999
4 0.9970357140624999 0.95477095 0.9748169640625 0.95477095 0.9748169640625 0.9788715078125 0.9970357140624999 0.9788715078125 0.9970357140624999 0.95477095
8 0.9125937499999999 0.022245809375 0.8725937500000001 0.022245809375 0.8725937500000001 0.074156425 0.9125937499999999 0.074156425 0.9125937499999999 0.022245809375
8 0.92740625 0.0982569828125 0.9155535718750001 0.0982569828125 0.9155535718750001 0.1112346375 0.92740625 0.1112346375 0.92740625 0.0982569828125
8 0.700741071875 0.31145809999999996 0.6888883921875 0.31145809999999996 0.6888883921875 0.3318491625 0.700741071875 0.3318491625 0.700741071875 0.31145809999999996
8 0.6666651781249999 0.1038212296875 0.64 0.1038212296875 0.64 0.133480446875 0.6666651781249999 0.133480446875 0.6666651781249999 0.1038212296875
8 0.5570357140625 0.0166871515625 0.5422232140625 0.0166871515625 0.5422232140625 0.033368715625 0.5570357140625 0.033368715625 0.5570357140625 0.0166871515625
8 0.5659241078125 0.0723016765625 0.55259375 0.0723016765625 0.55259375 0.087134078125 0.5659241078125 0.087134078125 0.5659241078125 0.0723016765625
8 0.6785178578125 0.21876536249999998 0.668147321875 0.21876536249999998 0.668147321875 0.235446928125 0.6785178578125 0.235446928125 0.6785178578125 0.21876536249999998
8 0.7051830359375 0.207636871875 0.6903705359375001 0.207636871875 0.6903705359375001 0.2224692734375 0.7051830359375 0.2224692734375 0.7051830359375 0.207636871875
8 0.3437053578125 0.0889888265625 0.315553571875 0.0889888265625 0.315553571875 0.14460335156249998 0.3437053578125 0.14460335156249998 0.3437053578125 0.0889888265625
8 0.37777678593749997 0.08156983281249999 0.36740625 0.08156983281249999 0.36740625 0.10196647968749999 0.37777678593749997 0.10196647968749999 0.37777678593749997 0.08156983281249999
8 0.355553571875 0.15573184375 0.340741071875 0.15573184375 0.340741071875 0.16685474843749998 0.355553571875 0.16685474843749998 0.355553571875 0.15573184375
8 0.11703571406249999 0.23173742968750002 0.10370535781250001 0.23173742968750002 0.10370535781250001 0.2539888265625 0.11703571406249999 0.2539888265625 0.11703571406249999 0.23173742968750002
8 0.2385178578125 0.0018547484375 0.2148169640625 0.0018547484375 0.2148169640625 0.0166871515625 0.2385178578125 0.0166871515625 0.2385178578125 0.0018547484375
8 0.1985178578125 0.0370782125 0.180741071875 0.0370782125 0.180741071875 0.059324021875 0.1985178578125 0.059324021875 0.1985178578125 0.0370782125
8 0.2962946421875 0.0426424578125 0.2859241078125 0.0426424578125 0.2859241078125 0.0556201125 0.2962946421875 0.0556201125 0.2962946421875 0.0426424578125
8 0.6592589281250001 0.8342625703125 0.6414821421875 0.8342625703125 0.6414821421875 0.8546592171875 0.6592589281250001 0.8546592171875 0.6592589281250001 0.8342625703125
8 0.30518303593749996 0.7545474859375 0.29185267812500004 0.7545474859375 0.29185267812500004 0.77122905 0.30518303593749996 0.77122905 0.30518303593749996 0.7545474859375
8 0.1362946421875 0.4560670390625 0.1096294640625 0.4560670390625 0.1096294640625 0.4931452515625 0.1362946421875 0.4931452515625 0.1362946421875 0.4560670390625
3 0.44000000000000006 0.81758100625 0.3940758921875 0.81758100625 0.3940758921875 0.8694916203125 0.44000000000000006 0.8694916203125 0.44000000000000006 0.81758100625
3 0.27999999999999997 0.8120167593750001 0.251852678125 0.8120167593750001 0.251852678125 0.8602178765625 0.27999999999999997 0.8602178765625 0.27999999999999997 0.8120167593750001
3 0.3288883921875 0.880614525 0.299258928125 0.880614525 0.299258928125 0.9176927375 0.3288883921875 0.9176927375 0.3288883921875 0.880614525
3 0.6651830359375001 0.8305586593750001 0.6296294640625 0.8305586593750001 0.6296294640625 0.8657821234374999 0.6651830359375001 0.8657821234374999 0.6651830359375001 0.8305586593750001
3 0.47259375 0.23359217812500002 0.4488883921875 0.23359217812500002 0.4488883921875 0.2595474859375 0.47259375 0.2595474859375 0.47259375 0.23359217812500002
3 0.2088883921875 0 0.2088883921875 0.0370782125 0.268147321875 0.0370782125 0.268147321875 0 0.2088883921875 0
3 0.31111160781249997 0.0259553078125 0.260741071875 0.0259553078125 0.260741071875 0.0760111734375 0.31111160781249997 0.0760111734375 0.31111160781249997 0.0259553078125
3 0.36 0.059324021875 0.275553571875 0.059324021875 0.275553571875 0.168709496875 0.36 0.168709496875 0.36 0.059324021875
3 0.2562946421875 0.6729720671874999 0.2251830359375 0.6729720671874999 0.2251830359375 0.730446928125 0.2562946421875 0.730446928125 0.2562946421875 0.6729720671874999
8 0.1140758921875 0.8565139671875001 0.10222321406249998 0.8565139671875001 0.10222321406249998 0.8750502796875 0.1140758921875 0.8750502796875 0.1140758921875 0.8565139671875001
8 0.12740625 0.8954413406249999 0.1140758921875 0.8954413406249999 0.1140758921875 0.9158379890624999 0.12740625 0.9158379890624999 0.12740625 0.8954413406249999
8 0.14518303593749998 0.9195474859375 0.13185267812499998 0.9195474859375 0.13185267812499998 0.9399385468749999 0.14518303593749998 0.9399385468749999 0.14518303593749998 0.9195474859375
8 0.16740625 0.9584748609375 0.12740625 0.9584748609375 0.12740625 0.9751620109375001 0.16740625 0.9751620109375001 0.16740625 0.9584748609375
8 0.195553571875 0.9714525140625 0.16740625 0.9714525140625 0.16740625 0.9992625703125 0.195553571875 0.9992625703125 0.195553571875 0.9714525140625
8 0.2503705359375 0.684094971875 0.2296294640625 0.684094971875 0.2296294640625 0.711905028125 0.2503705359375 0.711905028125 0.2503705359375 0.684094971875
5 0.9940758921875 0.12050279374999999 0.9377767859375 0.12050279374999999 0.9377767859375 0.893592178125 0.9940758921875 0.893592178125 0.9940758921875 0.12050279374999999