5 0.7096294640624999 0.389324021875 0.5970357140625 0.389324021875 0.5970357140625 0.54134636875 0.7096294640624999 0.54134636875 0.7096294640624999 0.389324021875
7 0 0.9992625703125 0.16444642812500002 0.9992625703125 0.16444642812500002 0.022245809375 0 0.022245809375 0 0.9992625703125
7 0.42814732187500004 0.6358938546874999 0.1629642859375 0.6358938546874999 0.1629642859375 0.997407821875 0.42814732187500004 0.997407821875 0.42814732187500004 0.6358938546874999
7 0.268147321875 0.409715084375 0.1659241078125 0.409715084375 0.1659241078125 0.6358938546874999 0.268147321875 0.6358938546874999 0.268147321875 0.409715084375
3 0.2770357140625 0.1538770953125 0.259258928125 0.1538770953125 0.259258928125 0.1761229046875 0.2770357140625 0.1761229046875 0.2770357140625 0.1538770953125
3 0.22074107187499997 0.3466815640625 0.1970357140625 0.3466815640625 0.1970357140625 0.3707821234375 0.22074107187499997 0.3707821234375 0.22074107187499997 0.3466815640625
3 0.300741071875 0.0760111734375 0.2696294640625 0.0760111734375 0.2696294640625 0.105675978125 0.300741071875 0.105675978125 0.300741071875 0.0760111734375
3 0.268147321875 0.0259553078125 0.253334821875 0.0259553078125 0.253334821875 0.048201117187499996 0.268147321875 0.048201117187499996 0.268147321875 0.0259553078125
3 0.7718526781249999 0.0055642453125 0.7422232140625 0.0055642453125 0.7422232140625 0.0259553078125 0.7718526781249999 0.0259553078125 0.7718526781249999 0.0055642453125
3 0.595553571875 0.37634636875 0.571852678125 0.37634636875 0.571852678125 0.4023016765625 0.595553571875 0.4023016765625 0.595553571875 0.37634636875
8 0.6740758921875 0.31331284843749996 0.644446428125 0.31331284843749996 0.644446428125 0.352245809375 0.6740758921875 0.352245809375 0.6740758921875 0.31331284843749996
8 0.7437053578125 0.059324021875 0.6740758921875 0.059324021875 0.6740758921875 0.0852793296875 0.7437053578125 0.0852793296875 0.7437053578125 0.059324021875
8 0.6651830359375001 0.0723016765625 0.6459241078125 0.0723016765625 0.6459241078125 0.0889888265625 0.6651830359375001 0.0889888265625 0.6651830359375001 0.0723016765625
8 0.6888883921875 0.21134636874999999 0.6711116078125 0.21134636874999999 0.6711116078125 0.23359217812500002 0.6888883921875 0.23359217812500002 0.6888883921875 0.21134636874999999
8 0.746665178125 0.198368715625 0.6948169640625 0.198368715625 0.6948169640625 0.2410111734375 0.746665178125 0.2410111734375 0.746665178125 0.198368715625
8 0.786665178125 0.32072625625 0.7362946421875 0.32072625625 0.7362946421875 0.3707821234375 0.786665178125 0.3707821234375 0.786665178125 0.32072625625
8 0.8192589281249999 0.4653351953125 0.795553571875 0.4653351953125 0.795553571875 0.482016759375 0.8192589281249999 0.482016759375 0.8192589281249999 0.4653351953125
8 0.8370357140625 0.4949944140625 0.8251830359375001 0.4949944140625 0.8251830359375001 0.509826815625 0.8370357140625 0.509826815625 0.8370357140625 0.4949944140625
8 0.8785178578125 0.4708938546875 0.8459241078125 0.4708938546875 0.8459241078125 0.4949944140625 0.8785178578125 0.4949944140625 0.8785178578125 0.4708938546875
8 0.8651830359374999 0.4949944140625 0.853334821875 0.4949944140625 0.853334821875 0.509826815625 0.8651830359374999 0.509826815625 0.8651830359374999 0.4949944140625
8 0.746665178125 0.48758100625 0.733334821875 0.48758100625 0.733334821875 0.5024134078125 0.746665178125 0.5024134078125 0.746665178125 0.48758100625
8 0.7614821421875 0.46348044687499995 0.7496294640625 0.46348044687499995 0.7496294640625 0.4764581 0.7614821421875 0.4764581 0.7614821421875 0.46348044687499995
8 0.746665178125 0.46718994374999995 0.7377767859375 0.46718994374999995 0.7377767859375 0.48016759843749995 0.746665178125 0.48016759843749995 0.746665178125 0.46718994374999995
8 0.8 0.532072625 0.7822232140625001 0.532072625 0.7822232140625001 0.5524692734375 0.8 0.5524692734375 0.8 0.532072625
8 0.8014821421875 0.5617374296875 0.7703705359375 0.5617374296875 0.7703705359375 0.6025251390624999 0.8014821421875 0.6025251390624999 0.8014821421875 0.5617374296875
8 0.8414821421875001 0.532072625 0.8148169640624999 0.532072625 0.8148169640624999 0.6043798875 0.8414821421875001 0.6043798875 0.8414821421875001 0.532072625
8 0.8177767859375 0.5394916203125 0.8029642859375 0.5394916203125 0.8029642859375 0.5635921781250001 0.8177767859375 0.5635921781250001 0.8177767859375 0.5394916203125
8 0.813334821875 0.565446928125 0.8014821421875 0.565446928125 0.8014821421875 0.5858379890625 0.813334821875 0.5858379890625 0.813334821875 0.565446928125
8 0.8192589281249999 0.609938546875 0.8059241078125 0.609938546875 0.8059241078125 0.628480446875 0.8192589281249999 0.628480446875 0.8192589281249999 0.609938546875
8 0.7688883921875 0.6396033515624999 0.7496294640625 0.6396033515624999 0.7496294640625 0.6729720671874999 0.7688883921875 0.6729720671874999 0.7688883921875 0.6396033515624999
8 0.8785178578125 0.6117932953125 0.8622232140625 0.6117932953125 0.8622232140625 0.6674134078125 0.8785178578125 0.6674134078125 0.8785178578125 0.6117932953125
8 0.8651830359374999 0.67111731875 0.8370357140625 0.67111731875 0.8370357140625 0.7174692734375 0.8651830359374999 0.7174692734375 0.8651830359374999 0.67111731875
8 0.835553571875 0.72488268125 0.80740625 0.72488268125 0.80740625 0.78050279375 0.835553571875 0.78050279375 0.835553571875 0.72488268125
8 0.6711116078125 0.62477095 0.6162946421875 0.62477095 0.6162946421875 0.72488268125 0.6711116078125 0.72488268125 0.6711116078125 0.62477095
8 0.7081473218750001 0.7267374296875 0.6325937500000001 0.7267374296875 0.6325937500000001 0.7823519546875 0.7081473218750001 0.7823519546875 0.7081473218750001 0.7267374296875
8 0.8044464281250001 0.765670390625 0.7051830359375 0.765670390625 0.7051830359375 0.8064581000000001 0.8044464281250001 0.8064581000000001 0.8044464281250001 0.765670390625
8 0.7288883921875 0.684094971875 0.68740625 0.684094971875 0.68740625 0.7267374296875 0.7288883921875 0.7267374296875 0.7288883921875 0.684094971875
8 0.7111116078124999 0.63403910625 0.6977767859374999 0.63403910625 0.6977767859374999 0.65072625625 0.7111116078124999 0.65072625625 0.7111116078124999 0.63403910625
8 0.5481473218749999 0.8639273749999999 0.5303705359374999 0.8639273749999999 0.5303705359374999 0.886173184375 0.5481473218749999 0.886173184375 0.5481473218749999 0.8639273749999999
8 0.6414821421875 0.9566256984375 0.6311116078125 0.9566256984375 0.6311116078125 0.9714525140625 0.6414821421875 0.9714525140625 0.6414821421875 0.9566256984375
8 0.660741071875 0.95477095 0.6459241078125 0.95477095 0.6459241078125 0.9658938546875 0.660741071875 0.9658938546875 0.660741071875 0.95477095
3 0.586665178125 0.9010055859375001 0.5614821421875 0.9010055859375001 0.5614821421875 0.9288156421875 0.586665178125 0.9288156421875 0.586665178125 0.9010055859375001
3 0.64 0.9213966484375 0.6237053578125 0.9213966484375 0.6237053578125 0.9417932953125 0.64 0.9417932953125 0.64 0.9213966484375
3 0.6414821421875 0.9492067046875 0.6148169640625001 0.9492067046875 0.6148169640625001 0.9770167593749999 0.6414821421875 0.9770167593749999 0.6414821421875 0.9492067046875
3 0.6548169640625 0.9158379890624999 0.64 0.9158379890624999 0.64 0.9473519546875 0.6548169640625 0.9473519546875 0.6548169640625 0.9158379890624999
3 0.588147321875 0.87319553125 0.5703705359375 0.87319553125 0.5703705359375 0.8954413406249999 0.588147321875 0.8954413406249999 0.588147321875 0.87319553125
3 0.9155535718750001 0.12235754218749999 0.8948169640625 0.12235754218749999 0.8948169640625 0.168709496875 0.9155535718750001 0.168709496875 0.9155535718750001 0.12235754218749999
3 0.9259241078124999 0.10196647968749999 0.9051830359374999 0.10196647968749999 0.9051830359374999 0.12050279374999999 0.9259241078124999 0.12050279374999999 0.9259241078124999 0.10196647968749999