6 0.39851785781250004 0.55988268125 0.0014821421875 0.55988268125 0.0014821421875 0.997407821875 0.39851785781250004 0.997407821875 0.39851785781250004 0.55988268125
7 0.32740625 0.600670390625 0.0029642859375 0.600670390625 0.0029642859375 0.997407821875 0.32740625 0.997407821875 0.32740625 0.600670390625
7 0 0.698927375 0.093334821875 0.698927375 0.093334821875 0.43196089375 0 0.43196089375 0 0.698927375
4 0.9970357140624999 0.95477095 0.9762946421875001 0.95477095 0.9762946421875001 0.9788715078125 0.9970357140624999 0.9788715078125 0.9970357140624999 0.95477095
8 0.6770357140625001 0.059324021875 0.651852678125 0.059324021875 0.651852678125 0.0926983234375 0.6770357140625001 0.0926983234375 0.6770357140625001 0.059324021875
8 0.21333482187500002 0.372636871875 0.19259375 0.372636871875 0.19259375 0.41342458125 0.21333482187500002 0.41342458125 0.21333482187500002 0.372636871875
8 0.0414821421875 0.1761229046875 0.0237053578125 0.1761229046875 0.0237053578125 0.20207821250000002 0.0414821421875 0.20207821250000002 0.0414821421875 0.1761229046875
8 0 0.2224692734375 0.0103705359375 0.2224692734375 0.0103705359375 0.1909553078125 0 0.1909553078125 0 0.2224692734375
8 0 0.342977653125 0.0162946421875 0.342977653125 0.0162946421875 0.3040446921875 0 0.3040446921875 0 0.342977653125
8 0.259258928125 0.4783128484375 0.2429642859375 0.4783128484375 0.2429642859375 0.4987039109375 0.259258928125 0.4987039109375 0.259258928125 0.4783128484375
8 0.32 0.4931452515625 0.30518303593749996 0.4931452515625 0.30518303593749996 0.5209497203125 0.32 0.5209497203125 0.32 0.4931452515625
8 0.259258928125 0.5209497203125 0.2459241078125 0.5209497203125 0.2459241078125 0.5357821234375 0.259258928125 0.5357821234375 0.259258928125 0.5209497203125
8 0.2829642859375 0.519100559375 0.2622232140625 0.519100559375 0.2622232140625 0.5543240218750001 0.2829642859375 0.5543240218750001 0.2829642859375 0.519100559375
8 0.3585178578125 0.7322960890625 0.340741071875 0.7322960890625 0.340741071875 0.7693798875 0.3585178578125 0.7693798875 0.3585178578125 0.7322960890625
8 0.3585178578125 0.0259553078125 0.340741071875 0.0259553078125 0.340741071875 0.053765362500000004 0.3585178578125 0.053765362500000004 0.3585178578125 0.0259553078125
8 0.2696294640625 0.0111229046875 0.2548169640625 0.0111229046875 0.2548169640625 0.031513967187500005 0.2696294640625 0.031513967187500005 0.2696294640625 0.0111229046875
8 0.299258928125 0.02781005625 0.2814821421875 0.02781005625 0.2814821421875 0.0426424578125 0.299258928125 0.0426424578125 0.299258928125 0.02781005625
8 0.32 0.0611787703125 0.28740625 0.0611787703125 0.28740625 0.090843575 0.32 0.090843575 0.32 0.0611787703125
8 0.2962946421875 0.09640223437499999 0.2814821421875 0.09640223437499999 0.2814821421875 0.1130893859375 0.2962946421875 0.1130893859375 0.2962946421875 0.09640223437499999
8 0.331852678125 0.09640223437499999 0.3096294640625 0.09640223437499999 0.3096294640625 0.11865363124999999 0.331852678125 0.11865363124999999 0.331852678125 0.09640223437499999
8 0.373334821875 0.105675978125 0.348147321875 0.105675978125 0.348147321875 0.1297765359375 0.373334821875 0.1297765359375 0.373334821875 0.105675978125
8 0.435553571875 0.14460335156249998 0.4177767859375 0.14460335156249998 0.4177767859375 0.1594357546875 0.435553571875 0.1594357546875 0.435553571875 0.14460335156249998
8 0.6577767859375 0.8750502796875 0.64740625 0.8750502796875 0.64740625 0.8843184359375 0.6577767859375 0.8843184359375 0.6577767859375 0.8750502796875
3 0.668147321875 0.8694916203125 0.6251830359375 0.8694916203125 0.6251830359375 0.9139832406249999 0.668147321875 0.9139832406249999 0.668147321875 0.8694916203125
3 0.4814821421875 0.187245809375 0.4503705359375 0.187245809375 0.4503705359375 0.220614525 0.4814821421875 0.220614525 0.4814821421875 0.187245809375
5 0.9955535718749999 0.11865363124999999 0.9377767859375 0.11865363124999999 0.9377767859375 0.8917374296875 0.9955535718749999 0.8917374296875 0.9955535718749999 0.11865363124999999