5 0.72 0.4579162015625 0.613334821875 0.4579162015625 0.613334821875 0.609938546875 0.72 0.609938546875 0.72 0.4579162015625
7 0 0.995553071875 0.24148214218750003 0.995553071875 0.24148214218750003 0.1112346375 0 0.1112346375 0 0.995553071875
3 0.2903705359375 0.5061229046875 0.27259375 0.5061229046875 0.27259375 0.5302234640625 0.2903705359375 0.5302234640625 0.2903705359375 0.5061229046875
3 0.31703571406250003 0.29662569843750003 0.2977767859375 0.29662569843750003 0.2977767859375 0.32072625625 0.31703571406250003 0.32072625625 0.31703571406250003 0.29662569843750003
3 0.32740625 0.21320111718749998 0.308147321875 0.21320111718749998 0.308147321875 0.2373016765625 0.32740625 0.2373016765625 0.32740625 0.21320111718749998
3 0.41629464218749995 0.077865921875 0.39851785781250004 0.077865921875 0.39851785781250004 0.0982569828125 0.41629464218749995 0.0982569828125 0.41629464218749995 0.077865921875
3 0.4488883921875 0.0296648046875 0.42962946406249997 0.0296648046875 0.42962946406249997 0.048201117187499996 0.4488883921875 0.048201117187499996 0.4488883921875 0.0296648046875
3 0.315553571875 0.0723016765625 0.24888839218749997 0.0723016765625 0.24888839218749997 0.170558659375 0.315553571875 0.170558659375 0.315553571875 0.0723016765625
3 0.2977767859375 0.0018547484375 0.21037053593750002 0.0018547484375 0.21037053593750002 0.070446928125 0.2977767859375 0.070446928125 0.2977767859375 0.0018547484375
3 0.9288883921875 0.10937988750000001 0.9096294640625 0.10937988750000001 0.9096294640625 0.1316256984375 0.9288883921875 0.1316256984375 0.9288883921875 0.10937988750000001
3 0.9362946421875 0.142754190625 0.9185178578125001 0.142754190625 0.9185178578125001 0.16314525156249998 0.9362946421875 0.16314525156249998 0.9362946421875 0.142754190625
3 0.7555535718749999 0.528368715625 0.731852678125 0.528368715625 0.731852678125 0.5506145250000001 0.7555535718749999 0.5506145250000001 0.7555535718749999 0.528368715625
3 0.7703705359375 0.068597765625 0.7377767859375 0.068597765625 0.7377767859375 0.105675978125 0.7703705359375 0.105675978125 0.7703705359375 0.068597765625
8 0.6962946421875 0.2929217875 0.6799999999999999 0.2929217875 0.6799999999999999 0.31145809999999996 0.6962946421875 0.31145809999999996 0.6962946421875 0.2929217875
8 0.7496294640625 0.2836480453125 0.699258928125 0.2836480453125 0.699258928125 0.31145809999999996 0.7496294640625 0.31145809999999996 0.7496294640625 0.2836480453125
8 0.6859241078125 0.381905028125 0.6548169640625 0.381905028125 0.6548169640625 0.42269273749999997 0.6859241078125 0.42269273749999997 0.6859241078125 0.381905028125
8 0.7896294640625 0.39488268125000003 0.7407410718749999 0.39488268125000003 0.7407410718749999 0.4412346375 0.7896294640625 0.4412346375 0.7896294640625 0.39488268125000003
8 0.8207410718749999 0.5302234640625 0.7985178578125 0.5302234640625 0.7985178578125 0.5450502796875 0.8207410718749999 0.5450502796875 0.8207410718749999 0.5302234640625
8 0.851852678125 0.5357821234375 0.8237053578125 0.5357821234375 0.8237053578125 0.5673016765625001 0.851852678125 0.5673016765625001 0.851852678125 0.5357821234375
8 0.7703705359375 0.528368715625 0.7570357140625 0.528368715625 0.7570357140625 0.5487597765625 0.7703705359375 0.5487597765625 0.7703705359375 0.528368715625
8 0.7525937500000001 0.5524692734375 0.7422232140625 0.5524692734375 0.7422232140625 0.5673016765625001 0.7525937500000001 0.5673016765625001 0.7525937500000001 0.5524692734375
8 0.8429642859375001 0.5858379890625 0.7748169640625 0.5858379890625 0.7748169640625 0.6859497203125 0.8429642859375001 0.6859497203125 0.8429642859375001 0.5858379890625
8 0.779258928125 0.6618491625 0.7451830359375 0.6618491625 0.7451830359375 0.6952178765625 0.779258928125 0.6952178765625 0.779258928125 0.6618491625
8 0.8785178578125 0.6729720671874999 0.84740625 0.6729720671874999 0.84740625 0.721173184375 0.8785178578125 0.721173184375 0.8785178578125 0.6729720671874999
8 0.6948169640625 0.674826815625 0.6370357140625 0.674826815625 0.6370357140625 0.795329609375 0.6948169640625 0.795329609375 0.6948169640625 0.674826815625
8 0.733334821875 0.7100502796875 0.6962946421875 0.7100502796875 0.6962946421875 0.774938546875 0.733334821875 0.774938546875 0.733334821875 0.7100502796875
8 0.72740625 0.6896592171875 0.7081473218750001 0.6896592171875 0.7081473218750001 0.711905028125 0.72740625 0.711905028125 0.72740625 0.6896592171875
8 0.71259375 0.7916256984375 0.6651830359375001 0.7916256984375 0.6651830359375001 0.8268491625 0.71259375 0.8268491625 0.71259375 0.7916256984375
8 0.8548169640625 0.721173184375 0.8340758921875 0.721173184375 0.8340758921875 0.758251396875 0.8548169640625 0.758251396875 0.8548169640625 0.721173184375
8 0.8444464281249999 0.76196089375 0.8 0.76196089375 0.8 0.8120167593750001 0.8444464281249999 0.8120167593750001 0.8444464281249999 0.76196089375
8 0.813334821875 0.7971843578125 0.72 0.7971843578125 0.72 0.839826815625 0.813334821875 0.839826815625 0.813334821875 0.7971843578125
8 0.724446428125 0.070446928125 0.706665178125 0.070446928125 0.706665178125 0.1038212296875 0.724446428125 0.1038212296875 0.724446428125 0.070446928125
8 0.7170357140625 0.033368715625 0.691852678125 0.033368715625 0.691852678125 0.0574692734375 0.7170357140625 0.0574692734375 0.7170357140625 0.033368715625
8 0.7422232140625 0.13718994375 0.6829642859375 0.13718994375 0.6829642859375 0.15758100625 0.7422232140625 0.15758100625 0.7422232140625 0.13718994375
8 0.6740758921875 0.1501675984375 0.6533348218749999 0.1501675984375 0.6533348218749999 0.170558659375 0.6740758921875 0.170558659375 0.6740758921875 0.1501675984375
8 0.588147321875 0.59696089375 0.5777767859375 0.59696089375 0.5777767859375 0.6080837984375 0.588147321875 0.6080837984375 0.588147321875 0.59696089375
8 0.595553571875 0.6173575421875 0.5822232140625 0.6173575421875 0.5822232140625 0.628480446875 0.595553571875 0.628480446875 0.595553571875 0.6173575421875
8 0.611852678125 0.8972960890625 0.59259375 0.8972960890625 0.59259375 0.9158379890624999 0.611852678125 0.9158379890624999 0.611852678125 0.8972960890625
3 0.5970357140625 0.9251061453125 0.571852678125 0.9251061453125 0.571852678125 0.9529162015624999 0.5970357140625 0.9529162015624999 0.5970357140625 0.9251061453125
3 0.5762946421875 0.9343743015625 0.555553571875 0.9343743015625 0.555553571875 0.9584748609375 0.5762946421875 0.9584748609375 0.5762946421875 0.9343743015625
3 0.675553571875 0.9714525140625 0.6533348218749999 0.9714525140625 0.6533348218749999 0.9937039109375 0.675553571875 0.9937039109375 0.675553571875 0.9714525140625
3 0.733334821875 0 0.733334821875 0.022245809375 0.7585178578125 0.022245809375 0.7585178578125 0 0.733334821875 0