5 0.5362946421875 0.21134636874999999 0.45333482187499996 0.21134636874999999 0.45333482187499996 0.32258100624999997 0.5362946421875 0.32258100624999997 0.5362946421875 0.21134636874999999
7 0.27999999999999997 0.389324021875 0.0014821421875 0.389324021875 0.0014821421875 0.9992625703125 0.27999999999999997 0.9992625703125 0.27999999999999997 0.389324021875
7 0.7051830359375 0.6414581 0.2814821421875 0.6414581 0.2814821421875 0.9992625703125 0.7051830359375 0.9992625703125 0.7051830359375 0.6414581
3 0.6429642859375 0.3337039109375 0.6237053578125 0.3337039109375 0.6237053578125 0.35780446875 0.6429642859375 0.35780446875 0.6429642859375 0.3337039109375
3 0.14518303593749998 0.10196647968749999 0.12740625 0.10196647968749999 0.12740625 0.11865363124999999 0.14518303593749998 0.11865363124999999 0.14518303593749998 0.10196647968749999
3 0.46814732187499997 0.00926815625 0.444446428125 0.00926815625 0.444446428125 0.0296648046875 0.46814732187499997 0.0296648046875 0.46814732187499997 0.00926815625
8 0.628147321875 0.3707821234375 0.6014821421875001 0.3707821234375 0.6014821421875001 0.40786033593750004 0.628147321875 0.40786033593750004 0.628147321875 0.3707821234375
8 0.4385178578125 0.255843575 0.42074107187500004 0.255843575 0.42074107187500004 0.2836480453125 0.4385178578125 0.2836480453125 0.4385178578125 0.255843575
8 0.4340758921875 0.16685474843749998 0.42222321406249996 0.16685474843749998 0.42222321406249996 0.1816815640625 0.4340758921875 0.1816815640625 0.4340758921875 0.16685474843749998
8 0.4488883921875 0.170558659375 0.435553571875 0.170558659375 0.435553571875 0.1835363125 0.4488883921875 0.1835363125 0.4488883921875 0.170558659375
8 0.46074107187499996 0.11679888281249999 0.4548169640625 0.11679888281249999 0.4548169640625 0.1353351953125 0.46074107187499996 0.1353351953125 0.46074107187499996 0.11679888281249999
8 0.5511116078125 0.261402234375 0.5451830359375001 0.261402234375 0.5451830359375001 0.2725251390625 0.5511116078125 0.2725251390625 0.5511116078125 0.261402234375
3 0.5570357140625 0.255843575 0.5437053578125 0.255843575 0.5437053578125 0.2910670390625 0.5570357140625 0.2910670390625 0.5570357140625 0.255843575
3 0.475553571875 0.105675978125 0.46074107187499996 0.105675978125 0.46074107187499996 0.1316256984375 0.475553571875 0.1316256984375 0.475553571875 0.105675978125
3 0.46074107187499996 0.1798324015625 0.444446428125 0.1798324015625 0.444446428125 0.20022346406249997 0.46074107187499996 0.20022346406249997 0.46074107187499996 0.1798324015625
3 0.4414821421875 0.28550279375 0.42074107187500004 0.28550279375 0.42074107187500004 0.31331284843749996 0.4414821421875 0.31331284843749996 0.4414821421875 0.28550279375
3 0.266665178125 0.3503910609375 0.24 0.3503910609375 0.24 0.372636871875 0.266665178125 0.372636871875 0.266665178125 0.3503910609375
3 0.2859241078125 0.37634636875 0.266665178125 0.37634636875 0.266665178125 0.40786033593750004 0.2859241078125 0.40786033593750004 0.2859241078125 0.37634636875
3 0.2014821421875 0.0185419 0.1837053578125 0.0185419 0.1837053578125 0.0370782125 0.2014821421875 0.0370782125 0.2014821421875 0.0185419