5 0.39259374999999996 0.3411229046875 0.31703571406250003 0.3411229046875 0.31703571406250003 0.4579162015625 0.39259374999999996 0.4579162015625 0.39259374999999996 0.3411229046875
3 0.780741071875 0.15758100625 0.7585178578125 0.15758100625 0.7585178578125 0.1835363125 0.780741071875 0.1835363125 0.780741071875 0.15758100625
3 0.8 0.20022346406249997 0.773334821875 0.20022346406249997 0.773334821875 0.22988826874999999 0.8 0.22988826874999999 0.8 0.20022346406249997
3 0.8311116078125 0 0.8311116078125 0.022245809375 0.8577767859375 0.022245809375 0.8577767859375 0 0.8311116078125 0
3 0.684446428125 0.0111229046875 0.651852678125 0.0111229046875 0.651852678125 0.0574692734375 0.684446428125 0.0574692734375 0.684446428125 0.0111229046875
8 0.27999999999999997 0.0370782125 0.2651830359375 0.0370782125 0.2651830359375 0.051910614062500006 0.27999999999999997 0.051910614062500006 0.27999999999999997 0.0370782125
8 0.30222321406249997 0.053765362500000004 0.266665178125 0.053765362500000004 0.266665178125 0.0926983234375 0.30222321406249997 0.0926983234375 0.30222321406249997 0.053765362500000004
8 0.3140758921875 0.10937988750000001 0.300741071875 0.10937988750000001 0.300741071875 0.13904469218749999 0.3140758921875 0.13904469218749999 0.3140758921875 0.10937988750000001
8 0.300741071875 0.12421229062500001 0.2696294640625 0.12421229062500001 0.2696294640625 0.152022346875 0.300741071875 0.152022346875 0.300741071875 0.12421229062500001
8 0.32 0.24471508437499997 0.306665178125 0.24471508437499997 0.306665178125 0.270670390625 0.32 0.270670390625 0.32 0.24471508437499997
8 0.30222321406249997 0.3911787703125 0.27259375 0.3911787703125 0.27259375 0.4189888265625 0.30222321406249997 0.4189888265625 0.30222321406249997 0.3911787703125
7 0.9851830359375 0.6043798875 0.7718526781249999 0.6043798875 0.7718526781249999 0.8898826812499999 0.9851830359375 0.8898826812499999 0.9851830359375 0.6043798875
7 0.9348169640625 0.8101620109375001 0.6222232140624999 0.8101620109375001 0.6222232140624999 0.997407821875 0.9348169640625 0.997407821875 0.9348169640625 0.8101620109375001