7 0.25777678593750003 0.1112346375 0.0014821421875 0.1112346375 0.0014821421875 0.98072625625 0.25777678593750003 0.98072625625 0.25777678593750003 0.1112346375
4 0.9955535718749999 0.95477095 0.9748169640625 0.95477095 0.9748169640625 0.9788715078125 0.9955535718749999 0.9788715078125 0.9955535718749999 0.95477095
3 0.2029642859375 0 0.2029642859375 0.0389329609375 0.266665178125 0.0389329609375 0.266665178125 0 0.2029642859375 0
3 0.31259375 0.0259553078125 0.260741071875 0.0259553078125 0.260741071875 0.077865921875 0.31259375 0.077865921875 0.31259375 0.0259553078125
3 0.3585178578125 0.0611787703125 0.2814821421875 0.0611787703125 0.2814821421875 0.177977653125 0.3585178578125 0.177977653125 0.3585178578125 0.0611787703125
3 0.444446428125 0.8083072625 0.3940758921875 0.8083072625 0.3940758921875 0.8694916203125 0.444446428125 0.8694916203125 0.444446428125 0.8083072625
3 0.27999999999999997 0.8083072625 0.253334821875 0.8083072625 0.253334821875 0.862072625 0.27999999999999997 0.862072625 0.27999999999999997 0.8083072625
3 0.33925892812499997 0.8657821234374999 0.2859241078125 0.8657821234374999 0.2859241078125 0.9325195531249999 0.33925892812499997 0.9325195531249999 0.33925892812499997 0.8657821234374999
3 0.6651830359375001 0.8305586593750001 0.6340758921874999 0.8305586593750001 0.6340758921874999 0.867636871875 0.6651830359375001 0.867636871875 0.6651830359375001 0.8305586593750001
3 0.48 0.2280335203125 0.4459241078125 0.2280335203125 0.4459241078125 0.2688212296875 0.48 0.2688212296875 0.48 0.2280335203125
3 0.2548169640625 0.674826815625 0.2251830359375 0.674826815625 0.2251830359375 0.730446928125 0.2548169640625 0.730446928125 0.2548169640625 0.674826815625
8 0.9125937499999999 0.022245809375 0.8740758921875 0.022245809375 0.8740758921875 0.07972067031249999 0.9125937499999999 0.07972067031249999 0.9125937499999999 0.022245809375
8 0.92740625 0.0945474859375 0.9155535718750001 0.0945474859375 0.9155535718750001 0.1112346375 0.92740625 0.1112346375 0.92740625 0.0945474859375
8 0.5570357140625 0.012977653124999999 0.5422232140625 0.012977653124999999 0.5422232140625 0.033368715625 0.5570357140625 0.033368715625 0.5570357140625 0.012977653124999999
8 0.5659241078125 0.0723016765625 0.5540758921875 0.0723016765625 0.5540758921875 0.087134078125 0.5659241078125 0.087134078125 0.5659241078125 0.0723016765625
8 0.6666651781249999 0.10011173124999999 0.6414821421875 0.10011173124999999 0.6414821421875 0.133480446875 0.6666651781249999 0.133480446875 0.6666651781249999 0.10011173124999999
8 0.6814821421875 0.21691061406249998 0.6651830359375001 0.21691061406249998 0.6651830359375001 0.235446928125 0.6814821421875 0.235446928125 0.6814821421875 0.21691061406249998
8 0.7037053578125 0.20393296093750002 0.6903705359375001 0.20393296093750002 0.6903705359375001 0.2224692734375 0.7037053578125 0.2224692734375 0.7037053578125 0.20393296093750002
8 0.7022232140625 0.30960335156249996 0.6859241078125 0.30960335156249996 0.6859241078125 0.335558659375 0.7022232140625 0.335558659375 0.7022232140625 0.30960335156249996
8 0.8192589281249999 0.6562905031249999 0.8088883921875001 0.6562905031249999 0.8088883921875001 0.67111731875 0.8192589281249999 0.67111731875 0.8192589281249999 0.6562905031249999
8 0.46814732187499997 0.2373016765625 0.4503705359375 0.2373016765625 0.4503705359375 0.252134078125 0.46814732187499997 0.252134078125 0.46814732187499997 0.2373016765625
8 0.37629464218750003 0.07972067031249999 0.3659241078125 0.07972067031249999 0.3659241078125 0.0982569828125 0.37629464218750003 0.0982569828125 0.37629464218750003 0.07972067031249999
8 0.32740625 0.09640223437499999 0.31851785781249997 0.09640223437499999 0.31851785781249997 0.1112346375 0.32740625 0.1112346375 0.32740625 0.09640223437499999
8 0.3437053578125 0.087134078125 0.3303705359375 0.087134078125 0.3303705359375 0.105675978125 0.3437053578125 0.105675978125 0.3437053578125 0.087134078125
8 0.3362946421875 0.11865363124999999 0.315553571875 0.11865363124999999 0.315553571875 0.142754190625 0.3362946421875 0.142754190625 0.3362946421875 0.11865363124999999
8 0.3540758921875 0.1501675984375 0.3377767859375 0.1501675984375 0.3377767859375 0.16314525156249998 0.3540758921875 0.16314525156249998 0.3540758921875 0.1501675984375
8 0.299258928125 0.105675978125 0.2903705359375 0.105675978125 0.2903705359375 0.11679888281249999 0.299258928125 0.11679888281249999 0.299258928125 0.105675978125
8 0.24 0.0018547484375 0.21333482187500002 0.0018547484375 0.21333482187500002 0.0185419 0.24 0.0185419 0.24 0.0018547484375
8 0.2029642859375 0.0352234640625 0.180741071875 0.0352234640625 0.180741071875 0.059324021875 0.2029642859375 0.059324021875 0.2029642859375 0.0352234640625
8 0.2948169640625 0.040787709374999995 0.284446428125 0.040787709374999995 0.284446428125 0.053765362500000004 0.2948169640625 0.053765362500000004 0.2948169640625 0.040787709374999995
8 0.1214821421875 0.2280335203125 0.100741071875 0.2280335203125 0.100741071875 0.2595474859375 0.1214821421875 0.2595474859375 0.1214821421875 0.2280335203125
8 0.2503705359375 0.684094971875 0.228147321875 0.684094971875 0.228147321875 0.728592178125 0.2503705359375 0.728592178125 0.2503705359375 0.684094971875
8 0.30518303593749996 0.756402234375 0.2888883921875 0.756402234375 0.2888883921875 0.774938546875 0.30518303593749996 0.774938546875 0.30518303593749996 0.756402234375
8 0.6592589281250001 0.8361173187500001 0.644446428125 0.8361173187500001 0.644446428125 0.8528044687499999 0.6592589281250001 0.8528044687499999 0.6592589281250001 0.8361173187500001
8 0.115553571875 0.8565139671875001 0.10222321406249998 0.8565139671875001 0.10222321406249998 0.8787597765624999 0.115553571875 0.8787597765624999 0.115553571875 0.8565139671875001
8 0.124446428125 0.8972960890625 0.1140758921875 0.8972960890625 0.1140758921875 0.9158379890624999 0.124446428125 0.9158379890624999 0.124446428125 0.8972960890625
8 0.14518303593749998 0.923251396875 0.13185267812499998 0.923251396875 0.13185267812499998 0.9399385468749999 0.14518303593749998 0.9399385468749999 0.14518303593749998 0.923251396875
8 0.19259375 0.9733072625 0.1688883921875 0.9733072625 0.1688883921875 0.997407821875 0.19259375 0.997407821875 0.19259375 0.9733072625
8 0.15555357187500002 0.9584748609375 0.12888839218749998 0.9584748609375 0.12888839218749998 0.995553071875 0.15555357187500002 0.995553071875 0.15555357187500002 0.9584748609375
8 0.140741071875 0.4523575421875 0.1096294640625 0.4523575421875 0.1096294640625 0.4949944140625 0.140741071875 0.4949944140625 0.140741071875 0.4523575421875
5 0.9970357140624999 0.1260670390625 0.9437053578124999 0.1260670390625 0.9437053578124999 0.8880279328125 0.9970357140624999 0.8880279328125 0.9970357140624999 0.1260670390625