5 0.6740758921875 0.48758100625 0.5703705359375 0.48758100625 0.5703705359375 0.6303351953125 0.6740758921875 0.6303351953125 0.6740758921875 0.48758100625
7 0 0.98072625625 0.20740625000000001 0.98072625625 0.20740625000000001 0.19281005625 0 0.19281005625 0 0.98072625625
3 0.07703571406250001 0.2595474859375 0.059258928125 0.2595474859375 0.059258928125 0.2836480453125 0.07703571406250001 0.2836480453125 0.07703571406250001 0.2595474859375
3 0.0740758921875 0.289212290625 0.0370357140625 0.289212290625 0.0370357140625 0.3503910609375 0.0740758921875 0.3503910609375 0.0740758921875 0.289212290625
3 0.24740625 0.0148324015625 0.1970357140625 0.0148324015625 0.1970357140625 0.10196647968749999 0.24740625 0.10196647968749999 0.24740625 0.0148324015625
3 0.21333482187500002 0.0982569828125 0.1659241078125 0.0982569828125 0.1659241078125 0.16314525156249998 0.21333482187500002 0.16314525156249998 0.21333482187500002 0.0982569828125
3 0.2251830359375 0.1724134078125 0.186665178125 0.1724134078125 0.186665178125 0.198368715625 0.2251830359375 0.198368715625 0.2251830359375 0.1724134078125
3 0.2459241078125 0.142754190625 0.2177767859375 0.142754190625 0.2177767859375 0.16685474843749998 0.2459241078125 0.16685474843749998 0.2459241078125 0.142754190625
3 0.2711116078125 0.1761229046875 0.2251830359375 0.1761229046875 0.2251830359375 0.279944134375 0.2711116078125 0.279944134375 0.2711116078125 0.1761229046875
3 0.293334821875 0.305899440625 0.2711116078125 0.305899440625 0.2711116078125 0.3337039109375 0.293334821875 0.3337039109375 0.293334821875 0.305899440625
3 0.2859241078125 0.381905028125 0.266665178125 0.381905028125 0.266665178125 0.40044692812499993 0.2859241078125 0.40044692812499993 0.2859241078125 0.381905028125
3 0.2785178578125 0.5617374296875 0.2622232140625 0.5617374296875 0.2622232140625 0.57842458125 0.2785178578125 0.57842458125 0.2785178578125 0.5617374296875
3 0.371852678125 0.16314525156249998 0.35259375 0.16314525156249998 0.35259375 0.1816815640625 0.371852678125 0.1816815640625 0.371852678125 0.16314525156249998
3 0.4 0.10196647968749999 0.380741071875 0.10196647968749999 0.380741071875 0.12235754218749999 0.4 0.12235754218749999 0.4 0.10196647968749999
3 0.43259375 0.224324021875 0.4148169640625 0.224324021875 0.4148169640625 0.242865921875 0.43259375 0.242865921875 0.43259375 0.224324021875
3 0.71259375 0.5450502796875 0.6799999999999999 0.5450502796875 0.6799999999999999 0.5895474859375 0.71259375 0.5895474859375 0.71259375 0.5450502796875
3 0.7051830359375 0.1130893859375 0.6770357140625001 0.1130893859375 0.6770357140625001 0.14460335156249998 0.7051830359375 0.14460335156249998 0.7051830359375 0.1130893859375
3 0.866665178125 0.0352234640625 0.8148169640624999 0.0352234640625 0.8148169640624999 0.10011173124999999 0.866665178125 0.10011173124999999 0.866665178125 0.0352234640625
8 0.6088883921875 0.17426815625 0.5940758921875 0.17426815625 0.5940758921875 0.19281005625 0.6088883921875 0.19281005625 0.6088883921875 0.17426815625
8 0.6044464281249999 0.1946592171875 0.5911116078124999 0.1946592171875 0.5911116078124999 0.21134636874999999 0.6044464281249999 0.21134636874999999 0.6044464281249999 0.1946592171875
8 0.5837053578125 0.1946592171875 0.5703705359375 0.1946592171875 0.5703705359375 0.2094916203125 0.5837053578125 0.2094916203125 0.5837053578125 0.1946592171875
8 0.6548169640625 0.087134078125 0.5911116078124999 0.087134078125 0.5911116078124999 0.1297765359375 0.6548169640625 0.1297765359375 0.6548169640625 0.087134078125
8 0.684446428125 0.0296648046875 0.6711116078125 0.0296648046875 0.6711116078125 0.051910614062500006 0.684446428125 0.051910614062500006 0.684446428125 0.0296648046875
8 0.853334821875 0.14089944062499998 0.8414821421875001 0.14089944062499998 0.8414821421875001 0.15573184375 0.853334821875 0.15573184375 0.853334821875 0.14089944062499998
8 0.92740625 0.1297765359375 0.9125937499999999 0.1297765359375 0.9125937499999999 0.14831284843749998 0.92740625 0.14831284843749998 0.92740625 0.1297765359375
8 0.628147321875 0.33926815625 0.613334821875 0.33926815625 0.613334821875 0.35780446875 0.628147321875 0.35780446875 0.628147321875 0.33926815625
8 0.626665178125 0.4245474859375 0.5599999999999999 0.4245474859375 0.5599999999999999 0.4746033515625 0.626665178125 0.4746033515625 0.626665178125 0.4245474859375
8 0.7362946421875 0.417134078125 0.7170357140625 0.417134078125 0.7170357140625 0.43196089375 0.7362946421875 0.43196089375 0.7362946421875 0.417134078125
8 0.7822232140625001 0.5432011171875 0.7659241078125001 0.5432011171875 0.7659241078125001 0.5617374296875 0.7822232140625001 0.5617374296875 0.7822232140625001 0.5432011171875
8 0.555553571875 0.6229162015624999 0.5288883921875 0.6229162015624999 0.5288883921875 0.6488715078125 0.555553571875 0.6488715078125 0.555553571875 0.6229162015624999
8 0.64740625 0.7007821234375 0.6059241078125 0.7007821234375 0.6059241078125 0.7842067046875 0.64740625 0.7842067046875 0.64740625 0.7007821234375
8 0.7407410718749999 0.7730837984375001 0.6177767859375 0.7730837984375001 0.6177767859375 0.8453854749999999 0.7407410718749999 0.8453854749999999 0.7407410718749999 0.7730837984375001
8 0.7911116078125 0.758251396875 0.7451830359375 0.758251396875 0.7451830359375 0.81572625625 0.7911116078125 0.81572625625 0.7911116078125 0.758251396875
8 0.7911116078125 0.609938546875 0.7096294640624999 0.609938546875 0.7096294640624999 0.7341508375 0.7911116078125 0.7341508375 0.7911116078125 0.609938546875
3 0.6829642859375 0.76196089375 0.6562946421875 0.76196089375 0.6562946421875 0.7860614531250001 0.6829642859375 0.7860614531250001 0.6829642859375 0.76196089375
3 0.6533348218749999 0.9158379890624999 0.626665178125 0.9158379890624999 0.626665178125 0.94549720625 0.6533348218749999 0.94549720625 0.6533348218749999 0.9158379890624999
3 0.5748169640625 0.9176927375 0.5540758921875 0.9176927375 0.5540758921875 0.9510614531250001 0.5748169640625 0.9510614531250001 0.5748169640625 0.9176927375
3 0.6977767859374999 0.32999999999999996 0.6488883921874999 0.32999999999999996 0.6488883921874999 0.3596592171875 0.6977767859374999 0.3596592171875 0.6977767859374999 0.32999999999999996
3 0.6414821421875 0.32999999999999996 0.628147321875 0.32999999999999996 0.628147321875 0.354100559375 0.6414821421875 0.354100559375 0.6414821421875 0.32999999999999996
3 0.628147321875 0.3744916203125 0.6 0.3744916203125 0.6 0.41527932968750003 0.628147321875 0.41527932968750003 0.628147321875 0.3744916203125