5 0.306665178125 0.24656983281249997 0.2 0.24656983281249997 0.2 0.42640223437499997 0.306665178125 0.42640223437499997 0.306665178125 0.24656983281249997
3 0.3377767859375 0.2873575421875 0.308147321875 0.2873575421875 0.308147321875 0.30960335156249996 0.3377767859375 0.30960335156249996 0.3377767859375 0.2873575421875
3 0.3362946421875 0.32258100624999997 0.306665178125 0.32258100624999997 0.306665178125 0.342977653125 0.3362946421875 0.342977653125 0.3362946421875 0.32258100624999997
8 0.24148214218750003 0.068597765625 0.2251830359375 0.068597765625 0.2251830359375 0.0852793296875 0.24148214218750003 0.0852793296875 0.24148214218750003 0.068597765625
8 0.1540758921875 0.11494413437499999 0.1377767859375 0.11494413437499999 0.1377767859375 0.14460335156249998 0.1540758921875 0.14460335156249998 0.1540758921875 0.11494413437499999
8 0.1748169640625 0.16129050312499998 0.15555357187500002 0.16129050312499998 0.15555357187500002 0.1761229046875 0.1748169640625 0.1761229046875 0.1748169640625 0.16129050312499998
8 0.1629642859375 0.17426815625 0.1496294640625 0.17426815625 0.1496294640625 0.189100559375 0.1629642859375 0.189100559375 0.1629642859375 0.17426815625
8 0.1585178578125 0.1946592171875 0.14518303593749998 0.1946592171875 0.14518303593749998 0.24471508437499997 0.1585178578125 0.24471508437499997 0.1585178578125 0.1946592171875
8 0.1437053578125 0.30960335156249996 0.13481696406250002 0.30960335156249996 0.13481696406250002 0.3188770953125 0.1437053578125 0.3188770953125 0.1437053578125 0.30960335156249996
8 0.14518303593749998 0.32999999999999996 0.12740625 0.32999999999999996 0.12740625 0.3503910609375 0.14518303593749998 0.3503910609375 0.14518303593749998 0.32999999999999996
8 0.1703705359375 0.3689329609375 0.1614821421875 0.3689329609375 0.1614821421875 0.381905028125 0.1703705359375 0.381905028125 0.1703705359375 0.3689329609375
8 0.5214821421875 0.4412346375 0.47259375 0.4412346375 0.47259375 0.4894357546875 0.5214821421875 0.4894357546875 0.5214821421875 0.4412346375
8 0.4888883921875 0.509826815625 0.42666517812500004 0.509826815625 0.42666517812500004 0.6136480453125001 0.4888883921875 0.6136480453125001 0.4888883921875 0.509826815625