6 0.39851785781250004 0.5580279328125 0.0014821421875 0.5580279328125 0.0014821421875 0.997407821875 0.39851785781250004 0.997407821875 0.39851785781250004 0.5580279328125
7 0.32296428593750004 0.6043798875 0.0014821421875 0.6043798875 0.0014821421875 0.997407821875 0.32296428593750004 0.997407821875 0.32296428593750004 0.6043798875
4 0.9970357140624999 0.95477095 0.9762946421875001 0.95477095 0.9762946421875001 0.9788715078125 0.9970357140624999 0.9788715078125 0.9970357140624999 0.95477095
3 0.67259375 0.8602178765625 0.620741071875 0.8602178765625 0.620741071875 0.9176927375 0.67259375 0.9176927375 0.67259375 0.8602178765625
3 0.2296294640625 0 0.2296294640625 0.12421229062500001 0.3437053578125 0.12421229062500001 0.3437053578125 0 0.2296294640625 0
8 0.2622232140625 0.0166871515625 0.2503705359375 0.0166871515625 0.2503705359375 0.033368715625 0.2622232140625 0.033368715625 0.2622232140625 0.0166871515625
8 0.25777678593750003 0.059324021875 0.2429642859375 0.059324021875 0.2429642859375 0.0852793296875 0.25777678593750003 0.0852793296875 0.25777678593750003 0.059324021875
8 0.2903705359375 0.0259553078125 0.2785178578125 0.0259553078125 0.2785178578125 0.04634636875 0.2903705359375 0.04634636875 0.2903705359375 0.0259553078125
8 0.324446428125 0.059324021875 0.2829642859375 0.059324021875 0.2829642859375 0.12050279374999999 0.324446428125 0.12050279374999999 0.324446428125 0.059324021875
8 0.2903705359375 0.1038212296875 0.2785178578125 0.1038212296875 0.2785178578125 0.11679888281249999 0.2903705359375 0.11679888281249999 0.2903705359375 0.1038212296875
8 0.30222321406249997 0.0203910609375 0.2962946421875 0.0203910609375 0.2962946421875 0.04634636875 0.30222321406249997 0.04634636875 0.30222321406249997 0.0203910609375
8 0.3511116078125 0.031513967187500005 0.3362946421875 0.031513967187500005 0.3362946421875 0.053765362500000004 0.3511116078125 0.053765362500000004 0.3511116078125 0.031513967187500005
8 0.36740625 0.10752513906250001 0.3437053578125 0.10752513906250001 0.3437053578125 0.1279217875 0.36740625 0.1279217875 0.36740625 0.10752513906250001
8 0.42666517812500004 0.14460335156249998 0.4148169640625 0.14460335156249998 0.4148169640625 0.16499999999999998 0.42666517812500004 0.16499999999999998 0.42666517812500004 0.14460335156249998
3 0.4770357140625 0.189100559375 0.4503705359375 0.189100559375 0.4503705359375 0.220614525 0.4770357140625 0.220614525 0.4770357140625 0.189100559375
8 0.67259375 0.059324021875 0.6459241078125 0.059324021875 0.6459241078125 0.0945474859375 0.67259375 0.0945474859375 0.67259375 0.059324021875
8 0.853334821875 0.3596592171875 0.835553571875 0.3596592171875 0.835553571875 0.372636871875 0.853334821875 0.372636871875 0.853334821875 0.3596592171875
8 0.6533348218749999 0.87319553125 0.64 0.87319553125 0.64 0.8843184359375 0.6533348218749999 0.8843184359375 0.6533348218749999 0.87319553125
8 0.635553571875 0.886173184375 0.6251830359375 0.886173184375 0.6251830359375 0.8954413406249999 0.635553571875 0.8954413406249999 0.635553571875 0.886173184375
8 0.2088883921875 0.37634636875 0.186665178125 0.37634636875 0.186665178125 0.41527932968750003 0.2088883921875 0.41527932968750003 0.2088883921875 0.37634636875
8 0.2088883921875 0.41527932968750003 0.195553571875 0.41527932968750003 0.195553571875 0.4375251390625 0.2088883921875 0.4375251390625 0.2088883921875 0.41527932968750003
8 0.268147321875 0.454212290625 0.2503705359375 0.454212290625 0.2503705359375 0.4653351953125 0.268147321875 0.4653351953125 0.268147321875 0.454212290625
8 0.32 0.48572625625 0.300741071875 0.48572625625 0.300741071875 0.5172458093750001 0.32 0.5172458093750001 0.32 0.48572625625
8 0.253334821875 0.4894357546875 0.23703571406249999 0.4894357546875 0.23703571406249999 0.5079720671875 0.253334821875 0.5079720671875 0.253334821875 0.4894357546875
8 0.253334821875 0.52280446875 0.24148214218750003 0.52280446875 0.24148214218750003 0.537636871875 0.253334821875 0.537636871875 0.253334821875 0.52280446875
8 0.2696294640625 0.5246592171875 0.2562946421875 0.5246592171875 0.2562946421875 0.5543240218750001 0.2696294640625 0.5543240218750001 0.2696294640625 0.5246592171875
8 0.27999999999999997 0.5357821234375 0.2711116078125 0.5357821234375 0.2711116078125 0.5543240218750001 0.27999999999999997 0.5543240218750001 0.27999999999999997 0.5357821234375
8 0.35259375 0.7415698328125 0.3377767859375 0.7415698328125 0.3377767859375 0.7601061453125 0.35259375 0.7601061453125 0.35259375 0.7415698328125
8 0.031111607812499997 0.44308938593749997 0.0103705359375 0.44308938593749997 0.0103705359375 0.4579162015625 0.031111607812499997 0.4579162015625 0.031111607812499997 0.44308938593749997
8 0.0414821421875 0.4616256984375 0.0074062500000000005 0.4616256984375 0.0074062500000000005 0.4894357546875 0.0414821421875 0.4894357546875 0.0414821421875 0.4616256984375
8 0.0829642859375 0.4931452515625 0.0074062500000000005 0.4931452515625 0.0074062500000000005 0.6155027937499999 0.0829642859375 0.6155027937499999 0.0829642859375 0.4931452515625
8 0.13185267812499998 0.5543240218750001 0.099258928125 0.5543240218750001 0.099258928125 0.5951061453125 0.13185267812499998 0.5951061453125 0.13185267812499998 0.5543240218750001
8 0.1970357140625 0.5116815640625 0.1837053578125 0.5116815640625 0.1837053578125 0.5302234640625 0.1970357140625 0.5302234640625 0.1970357140625 0.5116815640625
8 0.019258928124999998 0.621061453125 0.0044464281250000005 0.621061453125 0.0044464281250000005 0.6433128484374999 0.019258928124999998 0.6433128484374999 0.019258928124999998 0.621061453125
8 0.0829642859375 0.6173575421875 0.068147321875 0.6173575421875 0.068147321875 0.6358938546874999 0.0829642859375 0.6358938546874999 0.0829642859375 0.6173575421875
8 0.0296294640625 0.647016759375 0.011852678125 0.647016759375 0.011852678125 0.6952178765625 0.0296294640625 0.6952178765625 0.0296294640625 0.647016759375
5 0.9955535718749999 0.0945474859375 0.924446428125 0.0945474859375 0.924446428125 0.904715084375 0.9955535718749999 0.904715084375 0.9955535718749999 0.0945474859375
8 0.035553571875 0.1853910609375 0.0177767859375 0.1853910609375 0.0177767859375 0.20393296093750002 0.035553571875 0.20393296093750002 0.035553571875 0.1853910609375