5 0.5911116078124999 0.472748603125 0.49481696406250003 0.472748603125 0.49481696406250003 0.6062346375 0.5911116078124999 0.6062346375 0.5911116078124999 0.472748603125
7 0.186665178125 0.31331284843749996 0.0029642859375 0.31331284843749996 0.0029642859375 0.9492067046875 0.186665178125 0.9492067046875 0.186665178125 0.31331284843749996
3 0.16 0.06303352031250001 0.10666517812500001 0.06303352031250001 0.10666517812500001 0.1038212296875 0.16 0.1038212296875 0.16 0.06303352031250001
3 0.1614821421875 0.10937988750000001 0.091852678125 0.10937988750000001 0.091852678125 0.1594357546875 0.1614821421875 0.1594357546875 0.1614821421875 0.10937988750000001
3 0.16 0.16129050312499998 0.0814821421875 0.16129050312499998 0.0814821421875 0.1909553078125 0.16 0.1909553078125 0.16 0.16129050312499998
3 0.1422232140625 0.1909553078125 0.100741071875 0.1909553078125 0.100741071875 0.220614525 0.1422232140625 0.220614525 0.1422232140625 0.1909553078125
3 0.1822232140625 0.21876536249999998 0.1437053578125 0.21876536249999998 0.1437053578125 0.2743798875 0.1822232140625 0.2743798875 0.1822232140625 0.21876536249999998
8 0.539258928125 0.32814525156249996 0.5022232140625 0.32814525156249996 0.5022232140625 0.3596592171875 0.539258928125 0.3596592171875 0.539258928125 0.32814525156249996
8 0.5288883921875 0.0982569828125 0.49777678593749997 0.0982569828125 0.49777678593749997 0.11865363124999999 0.5288883921875 0.11865363124999999 0.5288883921875 0.0982569828125
8 0.491852678125 0.11494413437499999 0.46518303593750004 0.11494413437499999 0.46518303593750004 0.13718994375 0.491852678125 0.13718994375 0.491852678125 0.11494413437499999
8 0.524446428125 0.1724134078125 0.4770357140625 0.1724134078125 0.4770357140625 0.20393296093750002 0.524446428125 0.20393296093750002 0.524446428125 0.1724134078125
8 0.6014821421875001 0.02781005625 0.5851830359375 0.02781005625 0.5851830359375 0.0444916203125 0.6014821421875001 0.0444916203125 0.6014821421875001 0.02781005625
8 0.7614821421875 0.053765362500000004 0.7437053578125 0.053765362500000004 0.7437053578125 0.068597765625 0.7614821421875 0.068597765625 0.7614821421875 0.053765362500000004
8 0.5377767859375 0.409715084375 0.508147321875 0.409715084375 0.508147321875 0.444938546875 0.5377767859375 0.444938546875 0.5377767859375 0.409715084375
8 0.506665178125 0.41156983281250004 0.4562946421875 0.41156983281250004 0.4562946421875 0.4523575421875 0.506665178125 0.4523575421875 0.506665178125 0.41156983281250004
8 0.731852678125 0.5951061453125 0.68740625 0.5951061453125 0.68740625 0.647016759375 0.731852678125 0.647016759375 0.731852678125 0.5951061453125
8 0.7140758921875 0.6414581 0.6503705359375 0.6414581 0.6503705359375 0.693368715625 0.7140758921875 0.693368715625 0.7140758921875 0.6414581
8 0.715553571875 0.697072625 0.699258928125 0.697072625 0.699258928125 0.7378603359375 0.715553571875 0.7378603359375 0.715553571875 0.697072625
8 0.6488883921874999 0.6080837984375 0.6251830359375 0.6080837984375 0.6251830359375 0.6303351953125 0.6488883921874999 0.6303351953125 0.6488883921874999 0.6080837984375
8 0.6459241078125 0.698927375 0.6222232140624999 0.698927375 0.6222232140624999 0.721173184375 0.6459241078125 0.721173184375 0.6459241078125 0.698927375
8 0.6814821421875 0.758251396875 0.6533348218749999 0.758251396875 0.6533348218749999 0.774938546875 0.6814821421875 0.774938546875 0.6814821421875 0.758251396875
8 0.6296294640625 0.756402234375 0.5659241078125 0.756402234375 0.5659241078125 0.8138715078125 0.6296294640625 0.8138715078125 0.6296294640625 0.756402234375
8 0.564446428125 0.7341508375 0.5229642859375 0.7341508375 0.5229642859375 0.7934804468750001 0.564446428125 0.7934804468750001 0.564446428125 0.7341508375
8 0.4770357140625 0.59696089375 0.4459241078125 0.59696089375 0.4459241078125 0.628480446875 0.4770357140625 0.628480446875 0.4770357140625 0.59696089375
3 0.46814732187499997 0.5635921781250001 0.4429642859375 0.5635921781250001 0.4429642859375 0.5895474859375 0.46814732187499997 0.5895474859375 0.46814732187499997 0.5635921781250001
3 0.6785178578125 0.7230279328125 0.6162946421875 0.7230279328125 0.6162946421875 0.7526927375 0.6785178578125 0.7526927375 0.6785178578125 0.7230279328125