5 0.2829642859375 0.24656983281249997 0.1896294640625 0.24656983281249997 0.1896294640625 0.43196089375 0.2829642859375 0.43196089375 0.2829642859375 0.24656983281249997
3 0.1911116078125 0.048201117187499996 0.1748169640625 0.048201117187499996 0.1748169640625 0.0760111734375 0.1911116078125 0.0760111734375 0.1911116078125 0.048201117187499996
3 0.1688883921875 0.3188770953125 0.148147321875 0.3188770953125 0.148147321875 0.3485363125 0.1688883921875 0.3485363125 0.1688883921875 0.3188770953125
3 0.31111160781249997 0.2873575421875 0.2829642859375 0.2873575421875 0.2829642859375 0.31331284843749996 0.31111160781249997 0.31331284843749996 0.31111160781249997 0.2873575421875
3 0.31111160781249997 0.32072625625 0.284446428125 0.32072625625 0.284446428125 0.3485363125 0.31111160781249997 0.3485363125 0.31111160781249997 0.32072625625
8 0.48740625 0.44679329531249995 0.4488883921875 0.44679329531249995 0.4488883921875 0.48572625625 0.48740625 0.48572625625 0.48740625 0.44679329531249995
8 0.4548169640625 0.519100559375 0.4 0.519100559375 0.4 0.609938546875 0.4548169640625 0.609938546875 0.4548169640625 0.519100559375
8 0.12888839218749998 0.31516759843750003 0.10814732187500001 0.31516759843750003 0.10814732187500001 0.3559553078125 0.12888839218749998 0.3559553078125 0.12888839218749998 0.31516759843750003
8 0.2177767859375 0.0723016765625 0.2014821421875 0.0723016765625 0.2014821421875 0.0926983234375 0.2177767859375 0.0926983234375 0.2177767859375 0.0723016765625
8 0.1585178578125 0 0.1585178578125 0.02781005625 0.24148214218750003 0.02781005625 0.24148214218750003 0 0.1585178578125 0
8 0.133334821875 0.1112346375 0.1051830359375 0.1112346375 0.1051830359375 0.14460335156249998 0.133334821875 0.14460335156249998 0.133334821875 0.1112346375
8 0.1511116078125 0.16499999999999998 0.124446428125 0.16499999999999998 0.124446428125 0.2502793296875 0.1511116078125 0.2502793296875 0.1511116078125 0.16499999999999998