5 0.4962946421875 0.224324021875 0.4177767859375 0.224324021875 0.4177767859375 0.342977653125 0.4962946421875 0.342977653125 0.4962946421875 0.224324021875
7 0.2903705359375 0.385614525 0.0029642859375 0.385614525 0.0029642859375 0.995553071875 0.2903705359375 0.995553071875 0.2903705359375 0.385614525
7 0.779258928125 0.647016759375 0.2888883921875 0.647016759375 0.2888883921875 0.997407821875 0.779258928125 0.997407821875 0.779258928125 0.647016759375
3 0.60740625 0.344826815625 0.586665178125 0.344826815625 0.586665178125 0.3707821234375 0.60740625 0.3707821234375 0.60740625 0.344826815625
8 0.586665178125 0.4023016765625 0.571852678125 0.4023016765625 0.571852678125 0.417134078125 0.586665178125 0.417134078125 0.586665178125 0.4023016765625
8 0.4014821421875 0.270670390625 0.38222321406250004 0.270670390625 0.38222321406250004 0.29477095000000003 0.4014821421875 0.29477095000000003 0.4014821421875 0.270670390625
8 0.42222321406249996 0.022245809375 0.40296428593750006 0.022245809375 0.40296428593750006 0.04634636875 0.42222321406249996 0.04634636875 0.42222321406249996 0.022245809375
8 0.42666517812500004 0.1316256984375 0.4148169640625 0.1316256984375 0.4148169640625 0.152022346875 0.42666517812500004 0.152022346875 0.42666517812500004 0.1316256984375
8 0.3970357140625 0.1816815640625 0.380741071875 0.1816815640625 0.380741071875 0.198368715625 0.3970357140625 0.198368715625 0.3970357140625 0.1816815640625
8 0.411852678125 0.1853910609375 0.39851785781250004 0.1853910609375 0.39851785781250004 0.198368715625 0.411852678125 0.198368715625 0.411852678125 0.1853910609375
8 0.5185178578125 0.2725251390625 0.5051830359375 0.2725251390625 0.5051830359375 0.28550279375 0.5185178578125 0.28550279375 0.5185178578125 0.2725251390625
8 0.5155535718750001 0.2910670390625 0.5037053578124999 0.2910670390625 0.5037053578124999 0.3040446921875 0.5155535718750001 0.3040446921875 0.5155535718750001 0.2910670390625
3 0.8711116078125001 0.133480446875 0.8488883921875001 0.133480446875 0.8488883921875001 0.15758100625 0.8711116078125001 0.15758100625 0.8711116078125001 0.133480446875
3 0.8577767859375 0.09640223437499999 0.8414821421875001 0.09640223437499999 0.8414821421875001 0.11865363124999999 0.8577767859375 0.11865363124999999 0.8577767859375 0.09640223437499999
3 0.780741071875 0.012977653124999999 0.7555535718749999 0.012977653124999999 0.7555535718749999 0.033368715625 0.780741071875 0.033368715625 0.780741071875 0.012977653124999999