7 0.275553571875 0.068597765625 0.0014821421875 0.068597765625 0.0014821421875 0.9918491625 0.275553571875 0.9918491625 0.275553571875 0.068597765625
4 0.9955535718749999 0.95477095 0.9748169640625 0.95477095 0.9748169640625 0.9788715078125 0.9955535718749999 0.9788715078125 0.9955535718749999 0.95477095
8 0.3303705359375 0.6117932953125 0.2977767859375 0.6117932953125 0.2977767859375 0.6803910609375 0.3303705359375 0.6803910609375 0.3303705359375 0.6117932953125
8 0.6829642859375 0.048201117187499996 0.64740625 0.048201117187499996 0.64740625 0.0926983234375 0.6829642859375 0.0926983234375 0.6829642859375 0.048201117187499996
8 0.7185178578125 0.1538770953125 0.6770357140625001 0.1538770953125 0.6770357140625001 0.1853910609375 0.7185178578125 0.1853910609375 0.7185178578125 0.1538770953125
8 0.7140758921875 0.2576927375 0.691852678125 0.2576927375 0.691852678125 0.279944134375 0.7140758921875 0.279944134375 0.7140758921875 0.2576927375
8 0.3570357140625 0.022245809375 0.3377767859375 0.022245809375 0.3377767859375 0.0852793296875 0.3570357140625 0.0852793296875 0.3570357140625 0.022245809375
8 0.40888839218750006 0.003709496875 0.3837053578125 0.003709496875 0.3837053578125 0.0444916203125 0.40888839218750006 0.0444916203125 0.40888839218750006 0.003709496875
8 0.1629642859375 0.10011173124999999 0.11703571406249999 0.10011173124999999 0.11703571406249999 0.16685474843749998 0.1629642859375 0.16685474843749998 0.1629642859375 0.10011173124999999
8 0.1585178578125 0.8546592171875 0.10370535781250001 0.8546592171875 0.10370535781250001 0.9510614531250001 0.1585178578125 0.9510614531250001 0.1585178578125 0.8546592171875
8 0.1985178578125 0.93622905 0.171852678125 0.93622905 0.171852678125 0.997407821875 0.1985178578125 0.997407821875 0.1985178578125 0.93622905
8 0.0903705359375 0.79903910625 0.07703571406250001 0.79903910625 0.07703571406250001 0.8565139671875001 0.0903705359375 0.8565139671875001 0.0903705359375 0.79903910625
8 0.115553571875 0.9213966484375 0.0888883921875 0.9213966484375 0.0888883921875 0.960329609375 0.115553571875 0.960329609375 0.115553571875 0.9213966484375
5 0.9955535718749999 0.10937988750000001 0.9348169640625 0.10937988750000001 0.9348169640625 0.8972960890625 0.9955535718749999 0.8972960890625 0.9955535718749999 0.10937988750000001
2 0.9022232140625001 0.0018547484375 0.0014821421875 0.0018547484375 0.0014821421875 0.995553071875 0.9022232140625001 0.995553071875 0.9022232140625001 0.0018547484375