5 0.6859241078125 0.4783128484375 0.5851830359375 0.4783128484375 0.5851830359375 0.6229162015624999 0.6859241078125 0.6229162015624999 0.6859241078125 0.4783128484375
7 0 0.9343743015625 0.1896294640625 0.9343743015625 0.1896294640625 0.16129050312499998 0 0.16129050312499998 0 0.9343743015625
3 0.07851785781250001 0.26511173125 0.04740625 0.26511173125 0.04740625 0.32629050312499996 0.07851785781250001 0.32629050312499996 0.07851785781250001 0.26511173125
3 0.2622232140625 0.003709496875 0.211852678125 0.003709496875 0.211852678125 0.0444916203125 0.2622232140625 0.0444916203125 0.2622232140625 0.003709496875
3 0.2829642859375 0.050055865624999994 0.1837053578125 0.050055865624999994 0.1837053578125 0.2595474859375 0.2829642859375 0.2595474859375 0.2829642859375 0.050055865624999994
3 0.3096294640625 0.2817932953125 0.28740625 0.2817932953125 0.28740625 0.3188770953125 0.3096294640625 0.3188770953125 0.3096294640625 0.2817932953125
3 0.38518303593750003 0.1501675984375 0.364446428125 0.1501675984375 0.364446428125 0.1724134078125 0.38518303593750003 0.1724134078125 0.38518303593750003 0.1501675984375
3 0.4488883921875 0.21320111718749998 0.42962946406249997 0.21320111718749998 0.42962946406249997 0.23359217812500002 0.4488883921875 0.23359217812500002 0.4488883921875 0.21320111718749998
3 0.293334821875 0.5506145250000001 0.27259375 0.5506145250000001 0.27259375 0.5710055859375001 0.293334821875 0.5710055859375001 0.293334821875 0.5506145250000001
3 0.8088883921875001 0.5635921781250001 0.7896294640625 0.5635921781250001 0.7896294640625 0.5821284921875 0.8088883921875001 0.5821284921875 0.8088883921875001 0.5635921781250001
3 0.8029642859375 0.6043798875 0.7896294640625 0.6043798875 0.7896294640625 0.6229162015624999 0.8029642859375 0.6229162015624999 0.8029642859375 0.6043798875
3 0.9437053578124999 0.1260670390625 0.9199999999999999 0.1260670390625 0.9199999999999999 0.142754190625 0.9437053578124999 0.142754190625 0.9437053578124999 0.1260670390625
3 0.9511116078124999 0.14089944062499998 0.933334821875 0.14089944062499998 0.933334821875 0.16314525156249998 0.9511116078124999 0.16314525156249998 0.9511116078124999 0.14089944062499998
3 0.9555535718750001 0.16314525156249998 0.939258928125 0.16314525156249998 0.939258928125 0.187245809375 0.9555535718750001 0.187245809375 0.9555535718750001 0.16314525156249998
3 0.7303705359375 0.5432011171875 0.6888883921875 0.5432011171875 0.6888883921875 0.5932569828124999 0.7303705359375 0.5932569828124999 0.7303705359375 0.5432011171875
8 0.6296294640625 0.1594357546875 0.611852678125 0.1594357546875 0.611852678125 0.187245809375 0.6296294640625 0.187245809375 0.6296294640625 0.1594357546875
8 0.67259375 0.0760111734375 0.611852678125 0.0760111734375 0.611852678125 0.1297765359375 0.67259375 0.1297765359375 0.67259375 0.0760111734375
8 0.700741071875 0.0259553078125 0.6903705359375001 0.0259553078125 0.6903705359375001 0.0444916203125 0.700741071875 0.0444916203125 0.700741071875 0.0259553078125
8 0.7511116078125 0.40786033593750004 0.7288883921875 0.40786033593750004 0.7288883921875 0.4375251390625 0.7511116078125 0.4375251390625 0.7511116078125 0.40786033593750004
8 0.6488883921874999 0.3337039109375 0.6325937500000001 0.3337039109375 0.6325937500000001 0.3485363125 0.6488883921874999 0.3485363125 0.6488883921874999 0.3337039109375
8 0.684446428125 0.32999999999999996 0.67259375 0.32999999999999996 0.67259375 0.3485363125 0.684446428125 0.3485363125 0.684446428125 0.32999999999999996
8 0.611852678125 0.44679329531249995 0.586665178125 0.44679329531249995 0.586665178125 0.46348044687499995 0.611852678125 0.46348044687499995 0.611852678125 0.44679329531249995
8 0.8014821421875 0.5394916203125 0.7762946421875 0.5394916203125 0.7762946421875 0.5524692734375 0.8014821421875 0.5524692734375 0.8014821421875 0.5394916203125
8 0.6637053578125001 0.6915139671875 0.613334821875 0.6915139671875 0.613334821875 0.802748603125 0.6637053578125001 0.802748603125 0.6637053578125001 0.6915139671875
8 0.6903705359375001 0.7415698328125 0.67259375 0.7415698328125 0.67259375 0.7601061453125 0.6903705359375001 0.7601061453125 0.6903705359375001 0.7415698328125
8 0.684446428125 0.7971843578125 0.64740625 0.7971843578125 0.64740625 0.8305586593750001 0.684446428125 0.8305586593750001 0.684446428125 0.7971843578125
8 0.8148169640624999 0.721173184375 0.8014821421875 0.721173184375 0.8014821421875 0.74527374375 0.8148169640624999 0.74527374375 0.8148169640624999 0.721173184375
8 0.8103705359375001 0.74342458125 0.7851830359374999 0.74342458125 0.7851830359374999 0.7786480453125 0.8103705359375001 0.7786480453125 0.8103705359375001 0.74342458125
8 0.7851830359374999 0.7897709500000001 0.7585178578125 0.7897709500000001 0.7585178578125 0.81572625625 0.7851830359374999 0.81572625625 0.7851830359374999 0.7897709500000001
8 0.7585178578125 0.8064581000000001 0.7214821421875001 0.8064581000000001 0.7214821421875001 0.832407821875 0.7585178578125 0.832407821875 0.7585178578125 0.8064581000000001
8 0.7214821421875001 0.81758100625 0.691852678125 0.81758100625 0.691852678125 0.8416815640624999 0.7214821421875001 0.8416815640624999 0.7214821421875001 0.81758100625
8 0.7896294640625 0.65072625625 0.7570357140625 0.65072625625 0.7570357140625 0.7007821234375 0.7896294640625 0.7007821234375 0.7896294640625 0.65072625625
8 0.7703705359375 0.6155027937499999 0.7259241078125 0.6155027937499999 0.7259241078125 0.665558659375 0.7703705359375 0.665558659375 0.7703705359375 0.6155027937499999
8 0.7762946421875 0.6729720671874999 0.724446428125 0.6729720671874999 0.724446428125 0.7378603359375 0.7762946421875 0.7378603359375 0.7762946421875 0.6729720671874999
8 0.573334821875 0.6192122906249999 0.5422232140625 0.6192122906249999 0.5422232140625 0.6488715078125 0.573334821875 0.6488715078125 0.573334821875 0.6192122906249999
8 0.6414821421875 0.42083798906250003 0.6059241078125 0.42083798906250003 0.6059241078125 0.454212290625 0.6414821421875 0.454212290625 0.6414821421875 0.42083798906250003
8 0.7303705359375 0.4282569828125 0.7096294640624999 0.4282569828125 0.7096294640624999 0.44679329531249995 0.7303705359375 0.44679329531249995 0.7303705359375 0.4282569828125
8 0.6237053578125 0 0.6237053578125 0.0185419 0.6711116078125 0.0185419 0.6711116078125 0 0.6237053578125 0
8 0.613334821875 0.8639273749999999 0.6 0.8639273749999999 0.6 0.880614525 0.613334821875 0.880614525 0.613334821875 0.8639273749999999
3 0.8814821421874999 0.068597765625 0.8577767859375 0.068597765625 0.8577767859375 0.0945474859375 0.8814821421874999 0.0945474859375 0.8814821421874999 0.068597765625
3 0.9318526781250001 0.090843575 0.9096294640625 0.090843575 0.9096294640625 0.1112346375 0.9318526781250001 0.1112346375 0.9318526781250001 0.090843575
3 0.7214821421875001 0.105675978125 0.691852678125 0.105675978125 0.691852678125 0.13718994375 0.7214821421875001 0.13718994375 0.7214821421875001 0.105675978125
3 0.7037053578125 0.168709496875 0.6829642859375 0.168709496875 0.6829642859375 0.189100559375 0.7037053578125 0.189100559375 0.7037053578125 0.168709496875