5 0.635553571875 0.48758100625 0.5377767859375 0.48758100625 0.5377767859375 0.62477095 0.635553571875 0.62477095 0.635553571875 0.48758100625
7 0 0.9899944140624999 0.27259375 0.9899944140624999 0.27259375 0.2094916203125 0 0.2094916203125 0 0.9899944140624999
3 0.23703571406249999 0.053765362500000004 0.12740625 0.053765362500000004 0.12740625 0.28550279375 0.23703571406249999 0.28550279375 0.23703571406249999 0.053765362500000004
3 0.24888839218749997 0.32072625625 0.22666517812500003 0.32072625625 0.22666517812500003 0.3466815640625 0.24888839218749997 0.3466815640625 0.24888839218749997 0.32072625625
3 0.05333482187500001 0.2817932953125 0.0340758921875 0.2817932953125 0.0340758921875 0.30218994375 0.05333482187500001 0.30218994375 0.05333482187500001 0.2817932953125
3 0.048888392187500004 0.317022346875 0.0177767859375 0.317022346875 0.0177767859375 0.3652234640625 0.048888392187500004 0.3652234640625 0.048888392187500004 0.317022346875
3 0.33333482187499996 0.1724134078125 0.3140758921875 0.1724134078125 0.3140758921875 0.1965139671875 0.33333482187499996 0.1965139671875 0.33333482187499996 0.1724134078125
3 0.6799999999999999 0.5469050281250001 0.644446428125 0.5469050281250001 0.644446428125 0.5895474859375 0.6799999999999999 0.5895474859375 0.6799999999999999 0.5469050281250001
8 0.64740625 0.0370782125 0.6340758921874999 0.0370782125 0.6340758921874999 0.051910614062500006 0.64740625 0.051910614062500006 0.64740625 0.0370782125
8 0.8148169640624999 0.133480446875 0.7985178578125 0.133480446875 0.7985178578125 0.152022346875 0.8148169640624999 0.152022346875 0.8148169640624999 0.133480446875
8 0.8859241078125001 0.1260670390625 0.8740758921875 0.1260670390625 0.8740758921875 0.13718994375 0.8859241078125001 0.13718994375 0.8859241078125001 0.1260670390625
8 0.8029642859375 0.24471508437499997 0.786665178125 0.24471508437499997 0.786665178125 0.261402234375 0.8029642859375 0.261402234375 0.8029642859375 0.24471508437499997
8 0.6162946421875 0.10011173124999999 0.5511116078125 0.10011173124999999 0.5511116078125 0.13718994375 0.6162946421875 0.13718994375 0.6162946421875 0.10011173124999999
8 0.5377767859375 0.12421229062500001 0.5185178578125 0.12421229062500001 0.5185178578125 0.142754190625 0.5377767859375 0.142754190625 0.5377767859375 0.12421229062500001
8 0.5703705359375 0.1816815640625 0.5496294640625 0.1816815640625 0.5496294640625 0.21505586562499998 0.5703705359375 0.21505586562499998 0.5703705359375 0.1816815640625
8 0.5896294640625 0.344826815625 0.564446428125 0.344826815625 0.564446428125 0.3596592171875 0.5896294640625 0.3596592171875 0.5896294640625 0.344826815625
8 0.579258928125 0.4282569828125 0.533334821875 0.4282569828125 0.533334821875 0.4653351953125 0.579258928125 0.4653351953125 0.579258928125 0.4282569828125
8 0.5185178578125 0.628480446875 0.493334821875 0.628480446875 0.493334821875 0.6433128484374999 0.5185178578125 0.6433128484374999 0.5185178578125 0.628480446875
8 0.733334821875 0.6117932953125 0.6740758921875 0.6117932953125 0.6740758921875 0.6581396640625 0.733334821875 0.6581396640625 0.733334821875 0.6117932953125
8 0.7451830359375 0.6599944140625 0.6711116078125 0.6599944140625 0.6711116078125 0.739715084375 0.7451830359375 0.739715084375 0.7451830359375 0.6599944140625
8 0.7718526781249999 0.68780446875 0.7511116078125 0.68780446875 0.7511116078125 0.719324021875 0.7718526781249999 0.719324021875 0.7718526781249999 0.68780446875
8 0.6014821421875001 0.70819553125 0.588147321875 0.70819553125 0.588147321875 0.72488268125 0.6014821421875001 0.72488268125 0.6014821421875001 0.70819553125
8 0.5911116078124999 0.719324021875 0.56740625 0.719324021875 0.56740625 0.7601061453125 0.5911116078124999 0.7601061453125 0.5911116078124999 0.719324021875
8 0.619258928125 0.765670390625 0.5777767859375 0.765670390625 0.5777767859375 0.8101620109375001 0.619258928125 0.8101620109375001 0.619258928125 0.765670390625
8 0.6785178578125 0.8083072625 0.6237053578125 0.8083072625 0.6237053578125 0.839826815625 0.6785178578125 0.839826815625 0.6785178578125 0.8083072625
8 0.171852678125 0.16685474843749998 0.1585178578125 0.16685474843749998 0.1585178578125 0.1816815640625 0.171852678125 0.1816815640625 0.171852678125 0.16685474843749998
8 0.7511116078125 0.6080837984375 0.733334821875 0.6080837984375 0.733334821875 0.6229162015624999 0.7511116078125 0.6229162015624999 0.7511116078125 0.6080837984375
3 0.739258928125 0.7730837984375001 0.7096294640624999 0.7730837984375001 0.7096294640624999 0.8046033515625 0.739258928125 0.8046033515625 0.739258928125 0.7730837984375001
3 0.620741071875 0.9158379890624999 0.595553571875 0.9158379890624999 0.595553571875 0.9473519546875 0.620741071875 0.9473519546875 0.620741071875 0.9158379890624999
3 0.5185178578125 0.5765698328125 0.49777678593749997 0.5765698328125 0.49777678593749997 0.6025251390624999 0.5185178578125 0.6025251390624999 0.5185178578125 0.5765698328125
3 0.691852678125 0.74342458125 0.6666651781249999 0.74342458125 0.6666651781249999 0.765670390625 0.691852678125 0.765670390625 0.691852678125 0.74342458125
3 0.748147321875 0.54134636875 0.733334821875 0.54134636875 0.733334821875 0.565446928125 0.748147321875 0.565446928125 0.748147321875 0.54134636875
3 0.60740625 0.9417932953125 0.571852678125 0.9417932953125 0.571852678125 0.986284915625 0.60740625 0.986284915625 0.60740625 0.9417932953125
3 0.5599999999999999 0.867636871875 0.5377767859375 0.867636871875 0.5377767859375 0.893592178125 0.5599999999999999 0.893592178125 0.5599999999999999 0.867636871875
3 0.5837053578125 0.867636871875 0.5629642859375 0.867636871875 0.5629642859375 0.893592178125 0.5837053578125 0.893592178125 0.5837053578125 0.867636871875
3 0.5274062500000001 0.8991508375 0.4903705359375 0.8991508375 0.4903705359375 0.9251061453125 0.5274062500000001 0.9251061453125 0.5274062500000001 0.8991508375
3 0.5570357140625 0.9251061453125 0.531852678125 0.9251061453125 0.531852678125 0.9529162015624999 0.5570357140625 0.9529162015624999 0.5570357140625 0.9251061453125
3 0.5170357140624999 0.9325195531249999 0.500741071875 0.9325195531249999 0.500741071875 0.9492067046875 0.5170357140624999 0.9492067046875 0.5170357140624999 0.9325195531249999
3 0.533334821875 0.9714525140625 0.5140758921875 0.9714525140625 0.5140758921875 0.986284915625 0.533334821875 0.986284915625 0.533334821875 0.9714525140625
3 0.731852678125 0.5394916203125 0.706665178125 0.5394916203125 0.706665178125 0.565446928125 0.731852678125 0.565446928125 0.731852678125 0.5394916203125