5 0.33333482187499996 0.239156425 0.228147321875 0.239156425 0.228147321875 0.42269273749999997 0.33333482187499996 0.42269273749999997 0.33333482187499996 0.239156425
3 0.3659241078125 0.2836480453125 0.3362946421875 0.2836480453125 0.3362946421875 0.30960335156249996 0.3659241078125 0.30960335156249996 0.3659241078125 0.2836480453125
3 0.3629642859375 0.3188770953125 0.33333482187499996 0.3188770953125 0.33333482187499996 0.3411229046875 0.3629642859375 0.3411229046875 0.3629642859375 0.3188770953125
8 0.1688883921875 0.3003351953125 0.15259375 0.3003351953125 0.15259375 0.32443575468749997 0.1688883921875 0.32443575468749997 0.1688883921875 0.3003351953125
8 0.16740625 0.32443575468749997 0.148147321875 0.32443575468749997 0.148147321875 0.344826815625 0.16740625 0.344826815625 0.16740625 0.32443575468749997
8 0.19407589218750002 0.15573184375 0.171852678125 0.15573184375 0.171852678125 0.1835363125 0.19407589218750002 0.1835363125 0.19407589218750002 0.15573184375
8 0.1822232140625 0.1909553078125 0.1659241078125 0.1909553078125 0.1659241078125 0.2373016765625 0.1822232140625 0.2373016765625 0.1822232140625 0.1909553078125
8 0.2651830359375 0.0556201125 0.24740625 0.0556201125 0.24740625 0.08342458124999999 0.2651830359375 0.08342458124999999 0.2651830359375 0.0556201125
8 0.1748169640625 0.0982569828125 0.1585178578125 0.0982569828125 0.1585178578125 0.1316256984375 0.1748169640625 0.1316256984375 0.1748169640625 0.0982569828125
8 0.36148214218749997 0.2873575421875 0.3496294640625 0.2873575421875 0.3496294640625 0.30218994375 0.36148214218749997 0.30218994375 0.36148214218749997 0.2873575421875
8 0.36 0.32443575468749997 0.3496294640625 0.32443575468749997 0.3496294640625 0.335558659375 0.36 0.335558659375 0.36 0.32443575468749997
8 0.5540758921875 0.44308938593749997 0.531852678125 0.44308938593749997 0.531852678125 0.472748603125 0.5540758921875 0.472748603125 0.5540758921875 0.44308938593749997
8 0.500741071875 0.4245474859375 0.4888883921875 0.4245474859375 0.4888883921875 0.4282569828125 0.500741071875 0.4282569828125 0.500741071875 0.4245474859375
8 0.5214821421875 0.500558659375 0.4503705359375 0.500558659375 0.4503705359375 0.6117932953125 0.5214821421875 0.6117932953125 0.5214821421875 0.500558659375
8 0.5022232140625 0.6117932953125 0.47851785781249995 0.6117932953125 0.47851785781249995 0.637748603125 0.5022232140625 0.637748603125 0.5022232140625 0.6117932953125
8 0.5362946421875 0.45050279375 0.49481696406250003 0.45050279375 0.49481696406250003 0.4987039109375 0.5362946421875 0.4987039109375 0.5362946421875 0.45050279375
8 0.48740625 0.472748603125 0.46666517812499997 0.472748603125 0.46666517812499997 0.4894357546875 0.48740625 0.4894357546875 0.48740625 0.472748603125
8 0.5022232140625 0.4189888265625 0.48592410781249995 0.4189888265625 0.48592410781249995 0.435670390625 0.5022232140625 0.435670390625 0.5022232140625 0.4189888265625