5 0.724446428125 0.4282569828125 0.6059241078125 0.4282569828125 0.6059241078125 0.5839832406250001 0.724446428125 0.5839832406250001 0.724446428125 0.4282569828125
7 0 0.995553071875 0.24740625 0.995553071875 0.24740625 0.0982569828125 0 0.0982569828125 0 0.995553071875
3 0.26370535781250004 0.4412346375 0.2459241078125 0.4412346375 0.2459241078125 0.46348044687499995 0.26370535781250004 0.46348044687499995 0.26370535781250004 0.4412346375
3 0.23703571406249999 0 0.23703571406249999 0.10196647968749999 0.30518303593749996 0.10196647968749999 0.30518303593749996 0 0.23703571406249999 0
3 0.32296428593750004 0.1538770953125 0.2962946421875 0.1538770953125 0.2962946421875 0.1798324015625 0.32296428593750004 0.1798324015625 0.32296428593750004 0.1538770953125
3 0.30518303593749996 0.23359217812500002 0.28740625 0.23359217812500002 0.28740625 0.255843575 0.30518303593749996 0.255843575 0.30518303593749996 0.23359217812500002
3 0.41333482187500004 0.033368715625 0.4 0.033368715625 0.4 0.051910614062500006 0.41333482187500004 0.051910614062500006 0.41333482187500004 0.033368715625
3 0.76740625 0.0370782125 0.746665178125 0.0370782125 0.746665178125 0.0667430171875 0.76740625 0.0667430171875 0.76740625 0.0370782125
3 0.7259241078125 0.0018547484375 0.6977767859374999 0.0018547484375 0.6977767859374999 0.0259553078125 0.7259241078125 0.0259553078125 0.7259241078125 0.0018547484375
8 0.7540758921874999 0.24656983281249997 0.6829642859375 0.24656983281249997 0.6829642859375 0.2873575421875 0.7540758921874999 0.2873575421875 0.7540758921874999 0.24656983281249997
8 0.7451830359375 0.105675978125 0.6829642859375 0.105675978125 0.6829642859375 0.1279217875 0.7451830359375 0.1279217875 0.7451830359375 0.105675978125
8 0.924446428125 0.13904469218749999 0.8977767859375 0.13904469218749999 0.8977767859375 0.224324021875 0.924446428125 0.224324021875 0.924446428125 0.13904469218749999
8 0.795553571875 0.3652234640625 0.7422232140625 0.3652234640625 0.7422232140625 0.41342458125 0.795553571875 0.41342458125 0.795553571875 0.3652234640625
8 0.6888883921875 0.3503910609375 0.6533348218749999 0.3503910609375 0.6533348218749999 0.39488268125000003 0.6888883921875 0.39488268125000003 0.6888883921875 0.3503910609375
8 0.8814821421874999 0.50426815625 0.8444464281249999 0.50426815625 0.8444464281249999 0.54134636875 0.8814821421874999 0.54134636875 0.8814821421874999 0.50426815625
8 0.8296294640624999 0.50426815625 0.8 0.50426815625 0.8 0.5394916203125 0.8296294640624999 0.5394916203125 0.8296294640624999 0.50426815625
8 0.8414821421875001 0.5246592171875 0.8311116078125 0.5246592171875 0.8311116078125 0.5487597765625 0.8414821421875001 0.5487597765625 0.8414821421875001 0.5246592171875
8 0.7570357140625 0.50426815625 0.7422232140625 0.50426815625 0.7422232140625 0.5246592171875 0.7570357140625 0.5246592171875 0.7570357140625 0.50426815625
8 0.7540758921874999 0.5265139671875 0.7422232140625 0.5265139671875 0.7422232140625 0.5487597765625 0.7540758921874999 0.5487597765625 0.7540758921874999 0.5265139671875
8 0.7703705359375 0.50426815625 0.7570357140625 0.50426815625 0.7570357140625 0.5209497203125 0.7703705359375 0.5209497203125 0.7703705359375 0.50426815625
8 0.773334821875 0.6544357546875 0.7585178578125 0.6544357546875 0.7585178578125 0.684094971875 0.773334821875 0.684094971875 0.773334821875 0.6544357546875
8 0.7748169640625 0.6859497203125 0.7629642859375 0.6859497203125 0.7629642859375 0.7007821234375 0.7748169640625 0.7007821234375 0.7748169640625 0.6859497203125
8 0.8414821421875001 0.5635921781250001 0.773334821875 0.5635921781250001 0.773334821875 0.6637039109375 0.8414821421875001 0.6637039109375 0.8414821421875001 0.5635921781250001
8 0.7748169640625 0.6080837984375 0.7629642859375 0.6080837984375 0.7629642859375 0.6229162015624999 0.7748169640625 0.6229162015624999 0.7748169640625 0.6080837984375
8 0.6903705359375001 0.6562905031249999 0.6296294640625 0.6562905031249999 0.6296294640625 0.756402234375 0.6903705359375001 0.756402234375 0.6903705359375001 0.6562905031249999
8 0.72740625 0.702636871875 0.6962946421875 0.702636871875 0.6962946421875 0.7545474859375 0.72740625 0.7545474859375 0.72740625 0.702636871875
8 0.7214821421875001 0.665558659375 0.7037053578125 0.665558659375 0.7037053578125 0.68780446875 0.7214821421875001 0.68780446875 0.7214821421875001 0.665558659375
8 0.706665178125 0.7545474859375 0.6488883921874999 0.7545474859375 0.6488883921874999 0.8120167593750001 0.706665178125 0.8120167593750001 0.706665178125 0.7545474859375
8 0.8785178578125 0.6525810062499999 0.8385178578125 0.6525810062499999 0.8385178578125 0.74527374375 0.8785178578125 0.74527374375 0.8785178578125 0.6525810062499999
8 0.8429642859375001 0.756402234375 0.795553571875 0.756402234375 0.795553571875 0.8064581000000001 0.8429642859375001 0.8064581000000001 0.8429642859375001 0.756402234375
8 0.7985178578125 0.7934804468750001 0.7348169640625 0.7934804468750001 0.7348169640625 0.832407821875 0.7985178578125 0.832407821875 0.7985178578125 0.7934804468750001
8 0.6622232140625 0.11679888281249999 0.651852678125 0.11679888281249999 0.651852678125 0.13718994375 0.6622232140625 0.13718994375 0.6622232140625 0.11679888281249999
8 0.675553571875 0.11494413437499999 0.6651830359375001 0.11494413437499999 0.6651830359375001 0.1353351953125 0.675553571875 0.1353351953125 0.675553571875 0.11494413437499999
3 0.67259375 0.9139832406249999 0.6533348218749999 0.9139832406249999 0.6533348218749999 0.9399385468749999 0.67259375 0.9399385468749999 0.67259375 0.9139832406249999
3 0.6740758921875 0.960329609375 0.6533348218749999 0.960329609375 0.6533348218749999 0.9844301671875 0.6740758921875 0.9844301671875 0.6740758921875 0.960329609375
3 0.6637053578125001 0.9714525140625 0.6414821421875 0.9714525140625 0.6414821421875 0.9899944140624999 0.6637053578125001 0.9899944140624999 0.6637053578125001 0.9714525140625
3 0.8251830359375001 0.5839832406250001 0.8059241078125 0.5839832406250001 0.8059241078125 0.6080837984375 0.8251830359375001 0.6080837984375 0.8251830359375001 0.5839832406250001
3 0.8829642859375 0.5172458093750001 0.8607410718749999 0.5172458093750001 0.8607410718749999 0.5432011171875 0.8829642859375 0.5432011171875 0.8829642859375 0.5172458093750001
3 0.9303705359375 0.14460335156249998 0.9037053578125 0.14460335156249998 0.9037053578125 0.207636871875 0.9303705359375 0.207636871875 0.9303705359375 0.14460335156249998